"comparison","p","comp1","comp2","sp1","sp2","mod1","mod2"
"Molybdenum_DL - Molybdenum_PLS",0.999968026295533,"Molybdenum_DL","Molybdenum_PLS","Molybdenum","Molybdenum","DL","PLS"
"Molybdenum_XGB-PCA - Molybdenum_PLS",0.151236942437043,"Molybdenum_XGB-PCA","Molybdenum_PLS","Molybdenum","Molybdenum","XGB-PCA","PLS"
"Molybdenum_RF-PCA - Molybdenum_PLS",0.11331478678758,"Molybdenum_RF-PCA","Molybdenum_PLS","Molybdenum","Molybdenum","RF-PCA","PLS"
"Boron_PLS - Molybdenum_PLS",7.43849426498855e-15,"Boron_PLS","Molybdenum_PLS","Boron","Molybdenum","PLS","PLS"
"Boron_RF-PCA - Molybdenum_PLS",7.43849426498855e-15,"Boron_RF-PCA","Molybdenum_PLS","Boron","Molybdenum","RF-PCA","PLS"
"Copper_RF-PCA - Molybdenum_PLS",7.43849426498855e-15,"Copper_RF-PCA","Molybdenum_PLS","Copper","Molybdenum","RF-PCA","PLS"
"Boron_XGB-PCA - Molybdenum_PLS",7.43849426498855e-15,"Boron_XGB-PCA","Molybdenum_PLS","Boron","Molybdenum","XGB-PCA","PLS"
"Boron_DL - Molybdenum_PLS",7.43849426498855e-15,"Boron_DL","Molybdenum_PLS","Boron","Molybdenum","DL","PLS"
"Copper_XGB-PCA - Molybdenum_PLS",7.43849426498855e-15,"Copper_XGB-PCA","Molybdenum_PLS","Copper","Molybdenum","XGB-PCA","PLS"
"Copper_PLS - Molybdenum_PLS",7.43849426498855e-15,"Copper_PLS","Molybdenum_PLS","Copper","Molybdenum","PLS","PLS"
"Copper_DL - Molybdenum_PLS",7.43849426498855e-15,"Copper_DL","Molybdenum_PLS","Copper","Molybdenum","DL","PLS"
"Zinc_RF-PCA - Molybdenum_PLS",7.43849426498855e-15,"Zinc_RF-PCA","Molybdenum_PLS","Zinc","Molybdenum","RF-PCA","PLS"
"Iron_DL - Molybdenum_PLS",7.43849426498855e-15,"Iron_DL","Molybdenum_PLS","Iron","Molybdenum","DL","PLS"
"Iron_XGB-PCA - Molybdenum_PLS",7.43849426498855e-15,"Iron_XGB-PCA","Molybdenum_PLS","Iron","Molybdenum","XGB-PCA","PLS"
"Iron_PLS - Molybdenum_PLS",7.43849426498855e-15,"Iron_PLS","Molybdenum_PLS","Iron","Molybdenum","PLS","PLS"
"Zinc_PLS - Molybdenum_PLS",7.43849426498855e-15,"Zinc_PLS","Molybdenum_PLS","Zinc","Molybdenum","PLS","PLS"
"Zinc_XGB-PCA - Molybdenum_PLS",7.43849426498855e-15,"Zinc_XGB-PCA","Molybdenum_PLS","Zinc","Molybdenum","XGB-PCA","PLS"
"Iron_RF-PCA - Molybdenum_PLS",7.43849426498855e-15,"Iron_RF-PCA","Molybdenum_PLS","Iron","Molybdenum","RF-PCA","PLS"
"Manganese_RF-PCA - Molybdenum_PLS",7.43849426498855e-15,"Manganese_RF-PCA","Molybdenum_PLS","Manganese","Molybdenum","RF-PCA","PLS"
"Manganese_PLS - Molybdenum_PLS",7.43849426498855e-15,"Manganese_PLS","Molybdenum_PLS","Manganese","Molybdenum","PLS","PLS"
"Manganese_XGB-PCA - Molybdenum_PLS",7.43849426498855e-15,"Manganese_XGB-PCA","Molybdenum_PLS","Manganese","Molybdenum","XGB-PCA","PLS"
"Zinc_DL - Molybdenum_PLS",7.43849426498855e-15,"Zinc_DL","Molybdenum_PLS","Zinc","Molybdenum","DL","PLS"
"Manganese_DL - Molybdenum_PLS",7.43849426498855e-15,"Manganese_DL","Molybdenum_PLS","Manganese","Molybdenum","DL","PLS"
"pH_RF-PCA - Molybdenum_PLS",7.43849426498855e-15,"pH_RF-PCA","Molybdenum_PLS","pH","Molybdenum","RF-PCA","PLS"
"pH_XGB-PCA - Molybdenum_PLS",7.43849426498855e-15,"pH_XGB-PCA","Molybdenum_PLS","pH","Molybdenum","XGB-PCA","PLS"
"pH_PLS - Molybdenum_PLS",7.43849426498855e-15,"pH_PLS","Molybdenum_PLS","pH","Molybdenum","PLS","PLS"
"pH_DL - Molybdenum_PLS",7.43849426498855e-15,"pH_DL","Molybdenum_PLS","pH","Molybdenum","DL","PLS"
"Ammonium-N_PLS - Molybdenum_PLS",7.43849426498855e-15,"Ammonium-N_PLS","Molybdenum_PLS","Ammonium-N","Molybdenum","PLS","PLS"
"Ammonium-N_RF-PCA - Molybdenum_PLS",7.43849426498855e-15,"Ammonium-N_RF-PCA","Molybdenum_PLS","Ammonium-N","Molybdenum","RF-PCA","PLS"
"Ammonium-N_DL - Molybdenum_PLS",7.43849426498855e-15,"Ammonium-N_DL","Molybdenum_PLS","Ammonium-N","Molybdenum","DL","PLS"
"Ammonium-N_XGB-PCA - Molybdenum_PLS",7.43849426498855e-15,"Ammonium-N_XGB-PCA","Molybdenum_PLS","Ammonium-N","Molybdenum","XGB-PCA","PLS"
"Magnesium_PLS - Molybdenum_PLS",7.43849426498855e-15,"Magnesium_PLS","Molybdenum_PLS","Magnesium","Molybdenum","PLS","PLS"
"Magnesium_XGB-PCA - Molybdenum_PLS",7.43849426498855e-15,"Magnesium_XGB-PCA","Molybdenum_PLS","Magnesium","Molybdenum","XGB-PCA","PLS"
"Magnesium_DL - Molybdenum_PLS",7.43849426498855e-15,"Magnesium_DL","Molybdenum_PLS","Magnesium","Molybdenum","DL","PLS"
"Magnesium_RF-PCA - Molybdenum_PLS",7.43849426498855e-15,"Magnesium_RF-PCA","Molybdenum_PLS","Magnesium","Molybdenum","RF-PCA","PLS"
"Phosphorus_RF-PCA - Molybdenum_PLS",7.43849426498855e-15,"Phosphorus_RF-PCA","Molybdenum_PLS","Phosphorus","Molybdenum","RF-PCA","PLS"
"Phosphorus_PLS - Molybdenum_PLS",7.43849426498855e-15,"Phosphorus_PLS","Molybdenum_PLS","Phosphorus","Molybdenum","PLS","PLS"
"Phosphorus_XGB-PCA - Molybdenum_PLS",7.43849426498855e-15,"Phosphorus_XGB-PCA","Molybdenum_PLS","Phosphorus","Molybdenum","XGB-PCA","PLS"
"Calcium_XGB-PCA - Molybdenum_PLS",7.43849426498855e-15,"Calcium_XGB-PCA","Molybdenum_PLS","Calcium","Molybdenum","XGB-PCA","PLS"
"Calcium_PLS - Molybdenum_PLS",7.43849426498855e-15,"Calcium_PLS","Molybdenum_PLS","Calcium","Molybdenum","PLS","PLS"
"Phosphorus_DL - Molybdenum_PLS",7.43849426498855e-15,"Phosphorus_DL","Molybdenum_PLS","Phosphorus","Molybdenum","DL","PLS"
"Calcium_RF-PCA - Molybdenum_PLS",7.43849426498855e-15,"Calcium_RF-PCA","Molybdenum_PLS","Calcium","Molybdenum","RF-PCA","PLS"
"Calcium_DL - Molybdenum_PLS",7.43849426498855e-15,"Calcium_DL","Molybdenum_PLS","Calcium","Molybdenum","DL","PLS"
"Sulfate_PLS - Molybdenum_PLS",7.43849426498855e-15,"Sulfate_PLS","Molybdenum_PLS","Sulfate","Molybdenum","PLS","PLS"
"Sulfate_XGB-PCA - Molybdenum_PLS",7.43849426498855e-15,"Sulfate_XGB-PCA","Molybdenum_PLS","Sulfate","Molybdenum","XGB-PCA","PLS"
"Sulfate_DL - Molybdenum_PLS",7.43849426498855e-15,"Sulfate_DL","Molybdenum_PLS","Sulfate","Molybdenum","DL","PLS"
"Sulfate_RF-PCA - Molybdenum_PLS",7.43849426498855e-15,"Sulfate_RF-PCA","Molybdenum_PLS","Sulfate","Molybdenum","RF-PCA","PLS"
"Nitrate-N_RF-PCA - Molybdenum_PLS",7.43849426498855e-15,"Nitrate-N_RF-PCA","Molybdenum_PLS","Nitrate-N","Molybdenum","RF-PCA","PLS"
"Nitrate-N_XGB-PCA - Molybdenum_PLS",7.43849426498855e-15,"Nitrate-N_XGB-PCA","Molybdenum_PLS","Nitrate-N","Molybdenum","XGB-PCA","PLS"
"Potassium_PLS - Molybdenum_PLS",7.43849426498855e-15,"Potassium_PLS","Molybdenum_PLS","Potassium","Molybdenum","PLS","PLS"
"Nitrate-N_PLS - Molybdenum_PLS",7.43849426498855e-15,"Nitrate-N_PLS","Molybdenum_PLS","Nitrate-N","Molybdenum","PLS","PLS"
"Potassium_RF-PCA - Molybdenum_PLS",7.43849426498855e-15,"Potassium_RF-PCA","Molybdenum_PLS","Potassium","Molybdenum","RF-PCA","PLS"
"Potassium_DL - Molybdenum_PLS",7.43849426498855e-15,"Potassium_DL","Molybdenum_PLS","Potassium","Molybdenum","DL","PLS"
"Potassium_XGB-PCA - Molybdenum_PLS",7.43849426498855e-15,"Potassium_XGB-PCA","Molybdenum_PLS","Potassium","Molybdenum","XGB-PCA","PLS"
"Nitrate-N_DL - Molybdenum_PLS",7.43849426498855e-15,"Nitrate-N_DL","Molybdenum_PLS","Nitrate-N","Molybdenum","DL","PLS"
"Molybdenum_XGB-PCA - Molybdenum_DL",0.999917761644056,"Molybdenum_XGB-PCA","Molybdenum_DL","Molybdenum","Molybdenum","XGB-PCA","DL"
"Molybdenum_RF-PCA - Molybdenum_DL",0.999691490410345,"Molybdenum_RF-PCA","Molybdenum_DL","Molybdenum","Molybdenum","RF-PCA","DL"
"Boron_PLS - Molybdenum_DL",7.43849426498855e-15,"Boron_PLS","Molybdenum_DL","Boron","Molybdenum","PLS","DL"
"Boron_RF-PCA - Molybdenum_DL",7.43849426498855e-15,"Boron_RF-PCA","Molybdenum_DL","Boron","Molybdenum","RF-PCA","DL"
"Copper_RF-PCA - Molybdenum_DL",7.43849426498855e-15,"Copper_RF-PCA","Molybdenum_DL","Copper","Molybdenum","RF-PCA","DL"
"Boron_XGB-PCA - Molybdenum_DL",7.43849426498855e-15,"Boron_XGB-PCA","Molybdenum_DL","Boron","Molybdenum","XGB-PCA","DL"
"Boron_DL - Molybdenum_DL",7.43849426498855e-15,"Boron_DL","Molybdenum_DL","Boron","Molybdenum","DL","DL"
"Copper_XGB-PCA - Molybdenum_DL",7.43849426498855e-15,"Copper_XGB-PCA","Molybdenum_DL","Copper","Molybdenum","XGB-PCA","DL"
"Copper_PLS - Molybdenum_DL",7.43849426498855e-15,"Copper_PLS","Molybdenum_DL","Copper","Molybdenum","PLS","DL"
"Copper_DL - Molybdenum_DL",7.43849426498855e-15,"Copper_DL","Molybdenum_DL","Copper","Molybdenum","DL","DL"
"Zinc_RF-PCA - Molybdenum_DL",7.43849426498855e-15,"Zinc_RF-PCA","Molybdenum_DL","Zinc","Molybdenum","RF-PCA","DL"
"Iron_DL - Molybdenum_DL",7.43849426498855e-15,"Iron_DL","Molybdenum_DL","Iron","Molybdenum","DL","DL"
"Iron_XGB-PCA - Molybdenum_DL",7.43849426498855e-15,"Iron_XGB-PCA","Molybdenum_DL","Iron","Molybdenum","XGB-PCA","DL"
"Iron_PLS - Molybdenum_DL",7.43849426498855e-15,"Iron_PLS","Molybdenum_DL","Iron","Molybdenum","PLS","DL"
"Zinc_PLS - Molybdenum_DL",7.43849426498855e-15,"Zinc_PLS","Molybdenum_DL","Zinc","Molybdenum","PLS","DL"
"Zinc_XGB-PCA - Molybdenum_DL",7.43849426498855e-15,"Zinc_XGB-PCA","Molybdenum_DL","Zinc","Molybdenum","XGB-PCA","DL"
"Iron_RF-PCA - Molybdenum_DL",7.43849426498855e-15,"Iron_RF-PCA","Molybdenum_DL","Iron","Molybdenum","RF-PCA","DL"
"Manganese_RF-PCA - Molybdenum_DL",7.43849426498855e-15,"Manganese_RF-PCA","Molybdenum_DL","Manganese","Molybdenum","RF-PCA","DL"
"Manganese_PLS - Molybdenum_DL",7.43849426498855e-15,"Manganese_PLS","Molybdenum_DL","Manganese","Molybdenum","PLS","DL"
"Manganese_XGB-PCA - Molybdenum_DL",7.43849426498855e-15,"Manganese_XGB-PCA","Molybdenum_DL","Manganese","Molybdenum","XGB-PCA","DL"
"Zinc_DL - Molybdenum_DL",7.43849426498855e-15,"Zinc_DL","Molybdenum_DL","Zinc","Molybdenum","DL","DL"
"Manganese_DL - Molybdenum_DL",7.43849426498855e-15,"Manganese_DL","Molybdenum_DL","Manganese","Molybdenum","DL","DL"
"pH_RF-PCA - Molybdenum_DL",7.43849426498855e-15,"pH_RF-PCA","Molybdenum_DL","pH","Molybdenum","RF-PCA","DL"
"pH_XGB-PCA - Molybdenum_DL",7.43849426498855e-15,"pH_XGB-PCA","Molybdenum_DL","pH","Molybdenum","XGB-PCA","DL"
"pH_PLS - Molybdenum_DL",7.43849426498855e-15,"pH_PLS","Molybdenum_DL","pH","Molybdenum","PLS","DL"
"pH_DL - Molybdenum_DL",7.43849426498855e-15,"pH_DL","Molybdenum_DL","pH","Molybdenum","DL","DL"
"Ammonium-N_PLS - Molybdenum_DL",7.43849426498855e-15,"Ammonium-N_PLS","Molybdenum_DL","Ammonium-N","Molybdenum","PLS","DL"
"Ammonium-N_RF-PCA - Molybdenum_DL",7.43849426498855e-15,"Ammonium-N_RF-PCA","Molybdenum_DL","Ammonium-N","Molybdenum","RF-PCA","DL"
"Ammonium-N_DL - Molybdenum_DL",7.43849426498855e-15,"Ammonium-N_DL","Molybdenum_DL","Ammonium-N","Molybdenum","DL","DL"
"Ammonium-N_XGB-PCA - Molybdenum_DL",7.43849426498855e-15,"Ammonium-N_XGB-PCA","Molybdenum_DL","Ammonium-N","Molybdenum","XGB-PCA","DL"
"Magnesium_PLS - Molybdenum_DL",7.43849426498855e-15,"Magnesium_PLS","Molybdenum_DL","Magnesium","Molybdenum","PLS","DL"
"Magnesium_XGB-PCA - Molybdenum_DL",7.43849426498855e-15,"Magnesium_XGB-PCA","Molybdenum_DL","Magnesium","Molybdenum","XGB-PCA","DL"
"Magnesium_DL - Molybdenum_DL",7.43849426498855e-15,"Magnesium_DL","Molybdenum_DL","Magnesium","Molybdenum","DL","DL"
"Magnesium_RF-PCA - Molybdenum_DL",7.43849426498855e-15,"Magnesium_RF-PCA","Molybdenum_DL","Magnesium","Molybdenum","RF-PCA","DL"
"Phosphorus_RF-PCA - Molybdenum_DL",7.43849426498855e-15,"Phosphorus_RF-PCA","Molybdenum_DL","Phosphorus","Molybdenum","RF-PCA","DL"
"Phosphorus_PLS - Molybdenum_DL",7.43849426498855e-15,"Phosphorus_PLS","Molybdenum_DL","Phosphorus","Molybdenum","PLS","DL"
"Phosphorus_XGB-PCA - Molybdenum_DL",7.43849426498855e-15,"Phosphorus_XGB-PCA","Molybdenum_DL","Phosphorus","Molybdenum","XGB-PCA","DL"
"Calcium_XGB-PCA - Molybdenum_DL",7.43849426498855e-15,"Calcium_XGB-PCA","Molybdenum_DL","Calcium","Molybdenum","XGB-PCA","DL"
"Calcium_PLS - Molybdenum_DL",7.43849426498855e-15,"Calcium_PLS","Molybdenum_DL","Calcium","Molybdenum","PLS","DL"
"Phosphorus_DL - Molybdenum_DL",7.43849426498855e-15,"Phosphorus_DL","Molybdenum_DL","Phosphorus","Molybdenum","DL","DL"
"Calcium_RF-PCA - Molybdenum_DL",7.43849426498855e-15,"Calcium_RF-PCA","Molybdenum_DL","Calcium","Molybdenum","RF-PCA","DL"
"Calcium_DL - Molybdenum_DL",7.43849426498855e-15,"Calcium_DL","Molybdenum_DL","Calcium","Molybdenum","DL","DL"
"Sulfate_PLS - Molybdenum_DL",7.43849426498855e-15,"Sulfate_PLS","Molybdenum_DL","Sulfate","Molybdenum","PLS","DL"
"Sulfate_XGB-PCA - Molybdenum_DL",7.43849426498855e-15,"Sulfate_XGB-PCA","Molybdenum_DL","Sulfate","Molybdenum","XGB-PCA","DL"
"Sulfate_DL - Molybdenum_DL",7.43849426498855e-15,"Sulfate_DL","Molybdenum_DL","Sulfate","Molybdenum","DL","DL"
"Sulfate_RF-PCA - Molybdenum_DL",7.43849426498855e-15,"Sulfate_RF-PCA","Molybdenum_DL","Sulfate","Molybdenum","RF-PCA","DL"
"Nitrate-N_RF-PCA - Molybdenum_DL",7.43849426498855e-15,"Nitrate-N_RF-PCA","Molybdenum_DL","Nitrate-N","Molybdenum","RF-PCA","DL"
"Nitrate-N_XGB-PCA - Molybdenum_DL",7.43849426498855e-15,"Nitrate-N_XGB-PCA","Molybdenum_DL","Nitrate-N","Molybdenum","XGB-PCA","DL"
"Potassium_PLS - Molybdenum_DL",7.43849426498855e-15,"Potassium_PLS","Molybdenum_DL","Potassium","Molybdenum","PLS","DL"
"Nitrate-N_PLS - Molybdenum_DL",7.43849426498855e-15,"Nitrate-N_PLS","Molybdenum_DL","Nitrate-N","Molybdenum","PLS","DL"
"Potassium_RF-PCA - Molybdenum_DL",7.43849426498855e-15,"Potassium_RF-PCA","Molybdenum_DL","Potassium","Molybdenum","RF-PCA","DL"
"Potassium_DL - Molybdenum_DL",7.43849426498855e-15,"Potassium_DL","Molybdenum_DL","Potassium","Molybdenum","DL","DL"
"Potassium_XGB-PCA - Molybdenum_DL",7.43849426498855e-15,"Potassium_XGB-PCA","Molybdenum_DL","Potassium","Molybdenum","XGB-PCA","DL"
"Nitrate-N_DL - Molybdenum_DL",7.43849426498855e-15,"Nitrate-N_DL","Molybdenum_DL","Nitrate-N","Molybdenum","DL","DL"
"Molybdenum_RF-PCA - Molybdenum_XGB-PCA",1,"Molybdenum_RF-PCA","Molybdenum_XGB-PCA","Molybdenum","Molybdenum","RF-PCA","XGB-PCA"
"Boron_PLS - Molybdenum_XGB-PCA",7.43849426498855e-15,"Boron_PLS","Molybdenum_XGB-PCA","Boron","Molybdenum","PLS","XGB-PCA"
"Boron_RF-PCA - Molybdenum_XGB-PCA",7.43849426498855e-15,"Boron_RF-PCA","Molybdenum_XGB-PCA","Boron","Molybdenum","RF-PCA","XGB-PCA"
"Copper_RF-PCA - Molybdenum_XGB-PCA",7.43849426498855e-15,"Copper_RF-PCA","Molybdenum_XGB-PCA","Copper","Molybdenum","RF-PCA","XGB-PCA"
"Boron_XGB-PCA - Molybdenum_XGB-PCA",7.43849426498855e-15,"Boron_XGB-PCA","Molybdenum_XGB-PCA","Boron","Molybdenum","XGB-PCA","XGB-PCA"
"Boron_DL - Molybdenum_XGB-PCA",7.43849426498855e-15,"Boron_DL","Molybdenum_XGB-PCA","Boron","Molybdenum","DL","XGB-PCA"
"Copper_XGB-PCA - Molybdenum_XGB-PCA",7.43849426498855e-15,"Copper_XGB-PCA","Molybdenum_XGB-PCA","Copper","Molybdenum","XGB-PCA","XGB-PCA"
"Copper_PLS - Molybdenum_XGB-PCA",7.43849426498855e-15,"Copper_PLS","Molybdenum_XGB-PCA","Copper","Molybdenum","PLS","XGB-PCA"
"Copper_DL - Molybdenum_XGB-PCA",7.43849426498855e-15,"Copper_DL","Molybdenum_XGB-PCA","Copper","Molybdenum","DL","XGB-PCA"
"Zinc_RF-PCA - Molybdenum_XGB-PCA",7.43849426498855e-15,"Zinc_RF-PCA","Molybdenum_XGB-PCA","Zinc","Molybdenum","RF-PCA","XGB-PCA"
"Iron_DL - Molybdenum_XGB-PCA",7.43849426498855e-15,"Iron_DL","Molybdenum_XGB-PCA","Iron","Molybdenum","DL","XGB-PCA"
"Iron_XGB-PCA - Molybdenum_XGB-PCA",7.43849426498855e-15,"Iron_XGB-PCA","Molybdenum_XGB-PCA","Iron","Molybdenum","XGB-PCA","XGB-PCA"
"Iron_PLS - Molybdenum_XGB-PCA",7.43849426498855e-15,"Iron_PLS","Molybdenum_XGB-PCA","Iron","Molybdenum","PLS","XGB-PCA"
"Zinc_PLS - Molybdenum_XGB-PCA",7.43849426498855e-15,"Zinc_PLS","Molybdenum_XGB-PCA","Zinc","Molybdenum","PLS","XGB-PCA"
"Zinc_XGB-PCA - Molybdenum_XGB-PCA",7.43849426498855e-15,"Zinc_XGB-PCA","Molybdenum_XGB-PCA","Zinc","Molybdenum","XGB-PCA","XGB-PCA"
"Iron_RF-PCA - Molybdenum_XGB-PCA",7.43849426498855e-15,"Iron_RF-PCA","Molybdenum_XGB-PCA","Iron","Molybdenum","RF-PCA","XGB-PCA"
"Manganese_RF-PCA - Molybdenum_XGB-PCA",7.43849426498855e-15,"Manganese_RF-PCA","Molybdenum_XGB-PCA","Manganese","Molybdenum","RF-PCA","XGB-PCA"
"Manganese_PLS - Molybdenum_XGB-PCA",7.43849426498855e-15,"Manganese_PLS","Molybdenum_XGB-PCA","Manganese","Molybdenum","PLS","XGB-PCA"
"Manganese_XGB-PCA - Molybdenum_XGB-PCA",7.43849426498855e-15,"Manganese_XGB-PCA","Molybdenum_XGB-PCA","Manganese","Molybdenum","XGB-PCA","XGB-PCA"
"Zinc_DL - Molybdenum_XGB-PCA",7.43849426498855e-15,"Zinc_DL","Molybdenum_XGB-PCA","Zinc","Molybdenum","DL","XGB-PCA"
"Manganese_DL - Molybdenum_XGB-PCA",7.43849426498855e-15,"Manganese_DL","Molybdenum_XGB-PCA","Manganese","Molybdenum","DL","XGB-PCA"
"pH_RF-PCA - Molybdenum_XGB-PCA",7.43849426498855e-15,"pH_RF-PCA","Molybdenum_XGB-PCA","pH","Molybdenum","RF-PCA","XGB-PCA"
"pH_XGB-PCA - Molybdenum_XGB-PCA",7.43849426498855e-15,"pH_XGB-PCA","Molybdenum_XGB-PCA","pH","Molybdenum","XGB-PCA","XGB-PCA"
"pH_PLS - Molybdenum_XGB-PCA",7.43849426498855e-15,"pH_PLS","Molybdenum_XGB-PCA","pH","Molybdenum","PLS","XGB-PCA"
"pH_DL - Molybdenum_XGB-PCA",7.43849426498855e-15,"pH_DL","Molybdenum_XGB-PCA","pH","Molybdenum","DL","XGB-PCA"
"Ammonium-N_PLS - Molybdenum_XGB-PCA",7.43849426498855e-15,"Ammonium-N_PLS","Molybdenum_XGB-PCA","Ammonium-N","Molybdenum","PLS","XGB-PCA"
"Ammonium-N_RF-PCA - Molybdenum_XGB-PCA",7.43849426498855e-15,"Ammonium-N_RF-PCA","Molybdenum_XGB-PCA","Ammonium-N","Molybdenum","RF-PCA","XGB-PCA"
"Ammonium-N_DL - Molybdenum_XGB-PCA",7.43849426498855e-15,"Ammonium-N_DL","Molybdenum_XGB-PCA","Ammonium-N","Molybdenum","DL","XGB-PCA"
"Ammonium-N_XGB-PCA - Molybdenum_XGB-PCA",7.43849426498855e-15,"Ammonium-N_XGB-PCA","Molybdenum_XGB-PCA","Ammonium-N","Molybdenum","XGB-PCA","XGB-PCA"
"Magnesium_PLS - Molybdenum_XGB-PCA",7.43849426498855e-15,"Magnesium_PLS","Molybdenum_XGB-PCA","Magnesium","Molybdenum","PLS","XGB-PCA"
"Magnesium_XGB-PCA - Molybdenum_XGB-PCA",7.43849426498855e-15,"Magnesium_XGB-PCA","Molybdenum_XGB-PCA","Magnesium","Molybdenum","XGB-PCA","XGB-PCA"
"Magnesium_DL - Molybdenum_XGB-PCA",7.43849426498855e-15,"Magnesium_DL","Molybdenum_XGB-PCA","Magnesium","Molybdenum","DL","XGB-PCA"
"Magnesium_RF-PCA - Molybdenum_XGB-PCA",7.43849426498855e-15,"Magnesium_RF-PCA","Molybdenum_XGB-PCA","Magnesium","Molybdenum","RF-PCA","XGB-PCA"
"Phosphorus_RF-PCA - Molybdenum_XGB-PCA",7.43849426498855e-15,"Phosphorus_RF-PCA","Molybdenum_XGB-PCA","Phosphorus","Molybdenum","RF-PCA","XGB-PCA"
"Phosphorus_PLS - Molybdenum_XGB-PCA",7.43849426498855e-15,"Phosphorus_PLS","Molybdenum_XGB-PCA","Phosphorus","Molybdenum","PLS","XGB-PCA"
"Phosphorus_XGB-PCA - Molybdenum_XGB-PCA",7.43849426498855e-15,"Phosphorus_XGB-PCA","Molybdenum_XGB-PCA","Phosphorus","Molybdenum","XGB-PCA","XGB-PCA"
"Calcium_XGB-PCA - Molybdenum_XGB-PCA",7.43849426498855e-15,"Calcium_XGB-PCA","Molybdenum_XGB-PCA","Calcium","Molybdenum","XGB-PCA","XGB-PCA"
"Calcium_PLS - Molybdenum_XGB-PCA",7.43849426498855e-15,"Calcium_PLS","Molybdenum_XGB-PCA","Calcium","Molybdenum","PLS","XGB-PCA"
"Phosphorus_DL - Molybdenum_XGB-PCA",7.43849426498855e-15,"Phosphorus_DL","Molybdenum_XGB-PCA","Phosphorus","Molybdenum","DL","XGB-PCA"
"Calcium_RF-PCA - Molybdenum_XGB-PCA",7.43849426498855e-15,"Calcium_RF-PCA","Molybdenum_XGB-PCA","Calcium","Molybdenum","RF-PCA","XGB-PCA"
"Calcium_DL - Molybdenum_XGB-PCA",7.43849426498855e-15,"Calcium_DL","Molybdenum_XGB-PCA","Calcium","Molybdenum","DL","XGB-PCA"
"Sulfate_PLS - Molybdenum_XGB-PCA",7.43849426498855e-15,"Sulfate_PLS","Molybdenum_XGB-PCA","Sulfate","Molybdenum","PLS","XGB-PCA"
"Sulfate_XGB-PCA - Molybdenum_XGB-PCA",7.43849426498855e-15,"Sulfate_XGB-PCA","Molybdenum_XGB-PCA","Sulfate","Molybdenum","XGB-PCA","XGB-PCA"
"Sulfate_DL - Molybdenum_XGB-PCA",7.43849426498855e-15,"Sulfate_DL","Molybdenum_XGB-PCA","Sulfate","Molybdenum","DL","XGB-PCA"
"Sulfate_RF-PCA - Molybdenum_XGB-PCA",7.43849426498855e-15,"Sulfate_RF-PCA","Molybdenum_XGB-PCA","Sulfate","Molybdenum","RF-PCA","XGB-PCA"
"Nitrate-N_RF-PCA - Molybdenum_XGB-PCA",7.43849426498855e-15,"Nitrate-N_RF-PCA","Molybdenum_XGB-PCA","Nitrate-N","Molybdenum","RF-PCA","XGB-PCA"
"Nitrate-N_XGB-PCA - Molybdenum_XGB-PCA",7.43849426498855e-15,"Nitrate-N_XGB-PCA","Molybdenum_XGB-PCA","Nitrate-N","Molybdenum","XGB-PCA","XGB-PCA"
"Potassium_PLS - Molybdenum_XGB-PCA",7.43849426498855e-15,"Potassium_PLS","Molybdenum_XGB-PCA","Potassium","Molybdenum","PLS","XGB-PCA"
"Nitrate-N_PLS - Molybdenum_XGB-PCA",7.43849426498855e-15,"Nitrate-N_PLS","Molybdenum_XGB-PCA","Nitrate-N","Molybdenum","PLS","XGB-PCA"
"Potassium_RF-PCA - Molybdenum_XGB-PCA",7.43849426498855e-15,"Potassium_RF-PCA","Molybdenum_XGB-PCA","Potassium","Molybdenum","RF-PCA","XGB-PCA"
"Potassium_DL - Molybdenum_XGB-PCA",7.43849426498855e-15,"Potassium_DL","Molybdenum_XGB-PCA","Potassium","Molybdenum","DL","XGB-PCA"
"Potassium_XGB-PCA - Molybdenum_XGB-PCA",7.43849426498855e-15,"Potassium_XGB-PCA","Molybdenum_XGB-PCA","Potassium","Molybdenum","XGB-PCA","XGB-PCA"
"Nitrate-N_DL - Molybdenum_XGB-PCA",7.43849426498855e-15,"Nitrate-N_DL","Molybdenum_XGB-PCA","Nitrate-N","Molybdenum","DL","XGB-PCA"
"Boron_PLS - Molybdenum_RF-PCA",7.43849426498855e-15,"Boron_PLS","Molybdenum_RF-PCA","Boron","Molybdenum","PLS","RF-PCA"
"Boron_RF-PCA - Molybdenum_RF-PCA",7.43849426498855e-15,"Boron_RF-PCA","Molybdenum_RF-PCA","Boron","Molybdenum","RF-PCA","RF-PCA"
"Copper_RF-PCA - Molybdenum_RF-PCA",7.43849426498855e-15,"Copper_RF-PCA","Molybdenum_RF-PCA","Copper","Molybdenum","RF-PCA","RF-PCA"
"Boron_XGB-PCA - Molybdenum_RF-PCA",7.43849426498855e-15,"Boron_XGB-PCA","Molybdenum_RF-PCA","Boron","Molybdenum","XGB-PCA","RF-PCA"
"Boron_DL - Molybdenum_RF-PCA",7.43849426498855e-15,"Boron_DL","Molybdenum_RF-PCA","Boron","Molybdenum","DL","RF-PCA"
"Copper_XGB-PCA - Molybdenum_RF-PCA",7.43849426498855e-15,"Copper_XGB-PCA","Molybdenum_RF-PCA","Copper","Molybdenum","XGB-PCA","RF-PCA"
"Copper_PLS - Molybdenum_RF-PCA",7.43849426498855e-15,"Copper_PLS","Molybdenum_RF-PCA","Copper","Molybdenum","PLS","RF-PCA"
"Copper_DL - Molybdenum_RF-PCA",7.43849426498855e-15,"Copper_DL","Molybdenum_RF-PCA","Copper","Molybdenum","DL","RF-PCA"
"Zinc_RF-PCA - Molybdenum_RF-PCA",7.43849426498855e-15,"Zinc_RF-PCA","Molybdenum_RF-PCA","Zinc","Molybdenum","RF-PCA","RF-PCA"
"Iron_DL - Molybdenum_RF-PCA",7.43849426498855e-15,"Iron_DL","Molybdenum_RF-PCA","Iron","Molybdenum","DL","RF-PCA"
"Iron_XGB-PCA - Molybdenum_RF-PCA",7.43849426498855e-15,"Iron_XGB-PCA","Molybdenum_RF-PCA","Iron","Molybdenum","XGB-PCA","RF-PCA"
"Iron_PLS - Molybdenum_RF-PCA",7.43849426498855e-15,"Iron_PLS","Molybdenum_RF-PCA","Iron","Molybdenum","PLS","RF-PCA"
"Zinc_PLS - Molybdenum_RF-PCA",7.43849426498855e-15,"Zinc_PLS","Molybdenum_RF-PCA","Zinc","Molybdenum","PLS","RF-PCA"
"Zinc_XGB-PCA - Molybdenum_RF-PCA",7.43849426498855e-15,"Zinc_XGB-PCA","Molybdenum_RF-PCA","Zinc","Molybdenum","XGB-PCA","RF-PCA"
"Iron_RF-PCA - Molybdenum_RF-PCA",7.43849426498855e-15,"Iron_RF-PCA","Molybdenum_RF-PCA","Iron","Molybdenum","RF-PCA","RF-PCA"
"Manganese_RF-PCA - Molybdenum_RF-PCA",7.43849426498855e-15,"Manganese_RF-PCA","Molybdenum_RF-PCA","Manganese","Molybdenum","RF-PCA","RF-PCA"
"Manganese_PLS - Molybdenum_RF-PCA",7.43849426498855e-15,"Manganese_PLS","Molybdenum_RF-PCA","Manganese","Molybdenum","PLS","RF-PCA"
"Manganese_XGB-PCA - Molybdenum_RF-PCA",7.43849426498855e-15,"Manganese_XGB-PCA","Molybdenum_RF-PCA","Manganese","Molybdenum","XGB-PCA","RF-PCA"
"Zinc_DL - Molybdenum_RF-PCA",7.43849426498855e-15,"Zinc_DL","Molybdenum_RF-PCA","Zinc","Molybdenum","DL","RF-PCA"
"Manganese_DL - Molybdenum_RF-PCA",7.43849426498855e-15,"Manganese_DL","Molybdenum_RF-PCA","Manganese","Molybdenum","DL","RF-PCA"
"pH_RF-PCA - Molybdenum_RF-PCA",7.43849426498855e-15,"pH_RF-PCA","Molybdenum_RF-PCA","pH","Molybdenum","RF-PCA","RF-PCA"
"pH_XGB-PCA - Molybdenum_RF-PCA",7.43849426498855e-15,"pH_XGB-PCA","Molybdenum_RF-PCA","pH","Molybdenum","XGB-PCA","RF-PCA"
"pH_PLS - Molybdenum_RF-PCA",7.43849426498855e-15,"pH_PLS","Molybdenum_RF-PCA","pH","Molybdenum","PLS","RF-PCA"
"pH_DL - Molybdenum_RF-PCA",7.43849426498855e-15,"pH_DL","Molybdenum_RF-PCA","pH","Molybdenum","DL","RF-PCA"
"Ammonium-N_PLS - Molybdenum_RF-PCA",7.43849426498855e-15,"Ammonium-N_PLS","Molybdenum_RF-PCA","Ammonium-N","Molybdenum","PLS","RF-PCA"
"Ammonium-N_RF-PCA - Molybdenum_RF-PCA",7.43849426498855e-15,"Ammonium-N_RF-PCA","Molybdenum_RF-PCA","Ammonium-N","Molybdenum","RF-PCA","RF-PCA"
"Ammonium-N_DL - Molybdenum_RF-PCA",7.43849426498855e-15,"Ammonium-N_DL","Molybdenum_RF-PCA","Ammonium-N","Molybdenum","DL","RF-PCA"
"Ammonium-N_XGB-PCA - Molybdenum_RF-PCA",7.43849426498855e-15,"Ammonium-N_XGB-PCA","Molybdenum_RF-PCA","Ammonium-N","Molybdenum","XGB-PCA","RF-PCA"
"Magnesium_PLS - Molybdenum_RF-PCA",7.43849426498855e-15,"Magnesium_PLS","Molybdenum_RF-PCA","Magnesium","Molybdenum","PLS","RF-PCA"
"Magnesium_XGB-PCA - Molybdenum_RF-PCA",7.43849426498855e-15,"Magnesium_XGB-PCA","Molybdenum_RF-PCA","Magnesium","Molybdenum","XGB-PCA","RF-PCA"
"Magnesium_DL - Molybdenum_RF-PCA",7.43849426498855e-15,"Magnesium_DL","Molybdenum_RF-PCA","Magnesium","Molybdenum","DL","RF-PCA"
"Magnesium_RF-PCA - Molybdenum_RF-PCA",7.43849426498855e-15,"Magnesium_RF-PCA","Molybdenum_RF-PCA","Magnesium","Molybdenum","RF-PCA","RF-PCA"
"Phosphorus_RF-PCA - Molybdenum_RF-PCA",7.43849426498855e-15,"Phosphorus_RF-PCA","Molybdenum_RF-PCA","Phosphorus","Molybdenum","RF-PCA","RF-PCA"
"Phosphorus_PLS - Molybdenum_RF-PCA",7.43849426498855e-15,"Phosphorus_PLS","Molybdenum_RF-PCA","Phosphorus","Molybdenum","PLS","RF-PCA"
"Phosphorus_XGB-PCA - Molybdenum_RF-PCA",7.43849426498855e-15,"Phosphorus_XGB-PCA","Molybdenum_RF-PCA","Phosphorus","Molybdenum","XGB-PCA","RF-PCA"
"Calcium_XGB-PCA - Molybdenum_RF-PCA",7.43849426498855e-15,"Calcium_XGB-PCA","Molybdenum_RF-PCA","Calcium","Molybdenum","XGB-PCA","RF-PCA"
"Calcium_PLS - Molybdenum_RF-PCA",7.43849426498855e-15,"Calcium_PLS","Molybdenum_RF-PCA","Calcium","Molybdenum","PLS","RF-PCA"
"Phosphorus_DL - Molybdenum_RF-PCA",7.43849426498855e-15,"Phosphorus_DL","Molybdenum_RF-PCA","Phosphorus","Molybdenum","DL","RF-PCA"
"Calcium_RF-PCA - Molybdenum_RF-PCA",7.43849426498855e-15,"Calcium_RF-PCA","Molybdenum_RF-PCA","Calcium","Molybdenum","RF-PCA","RF-PCA"
"Calcium_DL - Molybdenum_RF-PCA",7.43849426498855e-15,"Calcium_DL","Molybdenum_RF-PCA","Calcium","Molybdenum","DL","RF-PCA"
"Sulfate_PLS - Molybdenum_RF-PCA",7.43849426498855e-15,"Sulfate_PLS","Molybdenum_RF-PCA","Sulfate","Molybdenum","PLS","RF-PCA"
"Sulfate_XGB-PCA - Molybdenum_RF-PCA",7.43849426498855e-15,"Sulfate_XGB-PCA","Molybdenum_RF-PCA","Sulfate","Molybdenum","XGB-PCA","RF-PCA"
"Sulfate_DL - Molybdenum_RF-PCA",7.43849426498855e-15,"Sulfate_DL","Molybdenum_RF-PCA","Sulfate","Molybdenum","DL","RF-PCA"
"Sulfate_RF-PCA - Molybdenum_RF-PCA",7.43849426498855e-15,"Sulfate_RF-PCA","Molybdenum_RF-PCA","Sulfate","Molybdenum","RF-PCA","RF-PCA"
"Nitrate-N_RF-PCA - Molybdenum_RF-PCA",7.43849426498855e-15,"Nitrate-N_RF-PCA","Molybdenum_RF-PCA","Nitrate-N","Molybdenum","RF-PCA","RF-PCA"
"Nitrate-N_XGB-PCA - Molybdenum_RF-PCA",7.43849426498855e-15,"Nitrate-N_XGB-PCA","Molybdenum_RF-PCA","Nitrate-N","Molybdenum","XGB-PCA","RF-PCA"
"Potassium_PLS - Molybdenum_RF-PCA",7.43849426498855e-15,"Potassium_PLS","Molybdenum_RF-PCA","Potassium","Molybdenum","PLS","RF-PCA"
"Nitrate-N_PLS - Molybdenum_RF-PCA",7.43849426498855e-15,"Nitrate-N_PLS","Molybdenum_RF-PCA","Nitrate-N","Molybdenum","PLS","RF-PCA"
"Potassium_RF-PCA - Molybdenum_RF-PCA",7.43849426498855e-15,"Potassium_RF-PCA","Molybdenum_RF-PCA","Potassium","Molybdenum","RF-PCA","RF-PCA"
"Potassium_DL - Molybdenum_RF-PCA",7.43849426498855e-15,"Potassium_DL","Molybdenum_RF-PCA","Potassium","Molybdenum","DL","RF-PCA"
"Potassium_XGB-PCA - Molybdenum_RF-PCA",7.43849426498855e-15,"Potassium_XGB-PCA","Molybdenum_RF-PCA","Potassium","Molybdenum","XGB-PCA","RF-PCA"
"Nitrate-N_DL - Molybdenum_RF-PCA",7.43849426498855e-15,"Nitrate-N_DL","Molybdenum_RF-PCA","Nitrate-N","Molybdenum","DL","RF-PCA"
"Boron_RF-PCA - Boron_PLS",1,"Boron_RF-PCA","Boron_PLS","Boron","Boron","RF-PCA","PLS"
"Copper_RF-PCA - Boron_PLS",0.99999999976798,"Copper_RF-PCA","Boron_PLS","Copper","Boron","RF-PCA","PLS"
"Boron_XGB-PCA - Boron_PLS",0.999999720111261,"Boron_XGB-PCA","Boron_PLS","Boron","Boron","XGB-PCA","PLS"
"Boron_DL - Boron_PLS",0.999955446518886,"Boron_DL","Boron_PLS","Boron","Boron","DL","PLS"
"Copper_XGB-PCA - Boron_PLS",0.999952442637129,"Copper_XGB-PCA","Boron_PLS","Copper","Boron","XGB-PCA","PLS"
"Copper_PLS - Boron_PLS",0.998721756931749,"Copper_PLS","Boron_PLS","Copper","Boron","PLS","PLS"
"Copper_DL - Boron_PLS",0.989311826388269,"Copper_DL","Boron_PLS","Copper","Boron","DL","PLS"
"Zinc_RF-PCA - Boron_PLS",3.13482573233159e-12,"Zinc_RF-PCA","Boron_PLS","Zinc","Boron","RF-PCA","PLS"
"Iron_DL - Boron_PLS",2.03392858111329e-12,"Iron_DL","Boron_PLS","Iron","Boron","DL","PLS"
"Iron_XGB-PCA - Boron_PLS",5.34239319449625e-13,"Iron_XGB-PCA","Boron_PLS","Iron","Boron","XGB-PCA","PLS"
"Iron_PLS - Boron_PLS",5.54667423102728e-13,"Iron_PLS","Boron_PLS","Iron","Boron","PLS","PLS"
"Zinc_PLS - Boron_PLS",5.53335155473178e-13,"Zinc_PLS","Boron_PLS","Zinc","Boron","PLS","PLS"
"Zinc_XGB-PCA - Boron_PLS",5.52669021658403e-13,"Zinc_XGB-PCA","Boron_PLS","Zinc","Boron","XGB-PCA","PLS"
"Iron_RF-PCA - Boron_PLS",5.37014877011188e-13,"Iron_RF-PCA","Boron_PLS","Iron","Boron","RF-PCA","PLS"
"Manganese_RF-PCA - Boron_PLS",5.23914245320611e-13,"Manganese_RF-PCA","Boron_PLS","Manganese","Boron","RF-PCA","PLS"
"Manganese_PLS - Boron_PLS",5.39901456875214e-13,"Manganese_PLS","Boron_PLS","Manganese","Boron","PLS","PLS"
"Manganese_XGB-PCA - Boron_PLS",5.27577981301874e-13,"Manganese_XGB-PCA","Boron_PLS","Manganese","Boron","XGB-PCA","PLS"
"Zinc_DL - Boron_PLS",5.322409180053e-13,"Zinc_DL","Boron_PLS","Zinc","Boron","DL","PLS"
"Manganese_DL - Boron_PLS",8.43769498715119e-15,"Manganese_DL","Boron_PLS","Manganese","Boron","DL","PLS"
"pH_RF-PCA - Boron_PLS",7.43849426498855e-15,"pH_RF-PCA","Boron_PLS","pH","Boron","RF-PCA","PLS"
"pH_XGB-PCA - Boron_PLS",7.43849426498855e-15,"pH_XGB-PCA","Boron_PLS","pH","Boron","XGB-PCA","PLS"
"pH_PLS - Boron_PLS",7.43849426498855e-15,"pH_PLS","Boron_PLS","pH","Boron","PLS","PLS"
"pH_DL - Boron_PLS",7.43849426498855e-15,"pH_DL","Boron_PLS","pH","Boron","DL","PLS"
"Ammonium-N_PLS - Boron_PLS",7.43849426498855e-15,"Ammonium-N_PLS","Boron_PLS","Ammonium-N","Boron","PLS","PLS"
"Ammonium-N_RF-PCA - Boron_PLS",7.43849426498855e-15,"Ammonium-N_RF-PCA","Boron_PLS","Ammonium-N","Boron","RF-PCA","PLS"
"Ammonium-N_DL - Boron_PLS",7.43849426498855e-15,"Ammonium-N_DL","Boron_PLS","Ammonium-N","Boron","DL","PLS"
"Ammonium-N_XGB-PCA - Boron_PLS",7.43849426498855e-15,"Ammonium-N_XGB-PCA","Boron_PLS","Ammonium-N","Boron","XGB-PCA","PLS"
"Magnesium_PLS - Boron_PLS",7.43849426498855e-15,"Magnesium_PLS","Boron_PLS","Magnesium","Boron","PLS","PLS"
"Magnesium_XGB-PCA - Boron_PLS",7.43849426498855e-15,"Magnesium_XGB-PCA","Boron_PLS","Magnesium","Boron","XGB-PCA","PLS"
"Magnesium_DL - Boron_PLS",7.43849426498855e-15,"Magnesium_DL","Boron_PLS","Magnesium","Boron","DL","PLS"
"Magnesium_RF-PCA - Boron_PLS",7.43849426498855e-15,"Magnesium_RF-PCA","Boron_PLS","Magnesium","Boron","RF-PCA","PLS"
"Phosphorus_RF-PCA - Boron_PLS",7.43849426498855e-15,"Phosphorus_RF-PCA","Boron_PLS","Phosphorus","Boron","RF-PCA","PLS"
"Phosphorus_PLS - Boron_PLS",7.43849426498855e-15,"Phosphorus_PLS","Boron_PLS","Phosphorus","Boron","PLS","PLS"
"Phosphorus_XGB-PCA - Boron_PLS",7.43849426498855e-15,"Phosphorus_XGB-PCA","Boron_PLS","Phosphorus","Boron","XGB-PCA","PLS"
"Calcium_XGB-PCA - Boron_PLS",7.43849426498855e-15,"Calcium_XGB-PCA","Boron_PLS","Calcium","Boron","XGB-PCA","PLS"
"Calcium_PLS - Boron_PLS",7.43849426498855e-15,"Calcium_PLS","Boron_PLS","Calcium","Boron","PLS","PLS"
"Phosphorus_DL - Boron_PLS",7.43849426498855e-15,"Phosphorus_DL","Boron_PLS","Phosphorus","Boron","DL","PLS"
"Calcium_RF-PCA - Boron_PLS",7.43849426498855e-15,"Calcium_RF-PCA","Boron_PLS","Calcium","Boron","RF-PCA","PLS"
"Calcium_DL - Boron_PLS",7.43849426498855e-15,"Calcium_DL","Boron_PLS","Calcium","Boron","DL","PLS"
"Sulfate_PLS - Boron_PLS",7.43849426498855e-15,"Sulfate_PLS","Boron_PLS","Sulfate","Boron","PLS","PLS"
"Sulfate_XGB-PCA - Boron_PLS",7.43849426498855e-15,"Sulfate_XGB-PCA","Boron_PLS","Sulfate","Boron","XGB-PCA","PLS"
"Sulfate_DL - Boron_PLS",7.43849426498855e-15,"Sulfate_DL","Boron_PLS","Sulfate","Boron","DL","PLS"
"Sulfate_RF-PCA - Boron_PLS",7.43849426498855e-15,"Sulfate_RF-PCA","Boron_PLS","Sulfate","Boron","RF-PCA","PLS"
"Nitrate-N_RF-PCA - Boron_PLS",7.43849426498855e-15,"Nitrate-N_RF-PCA","Boron_PLS","Nitrate-N","Boron","RF-PCA","PLS"
"Nitrate-N_XGB-PCA - Boron_PLS",7.43849426498855e-15,"Nitrate-N_XGB-PCA","Boron_PLS","Nitrate-N","Boron","XGB-PCA","PLS"
"Potassium_PLS - Boron_PLS",7.43849426498855e-15,"Potassium_PLS","Boron_PLS","Potassium","Boron","PLS","PLS"
"Nitrate-N_PLS - Boron_PLS",7.43849426498855e-15,"Nitrate-N_PLS","Boron_PLS","Nitrate-N","Boron","PLS","PLS"
"Potassium_RF-PCA - Boron_PLS",7.43849426498855e-15,"Potassium_RF-PCA","Boron_PLS","Potassium","Boron","RF-PCA","PLS"
"Potassium_DL - Boron_PLS",7.43849426498855e-15,"Potassium_DL","Boron_PLS","Potassium","Boron","DL","PLS"
"Potassium_XGB-PCA - Boron_PLS",7.43849426498855e-15,"Potassium_XGB-PCA","Boron_PLS","Potassium","Boron","XGB-PCA","PLS"
"Nitrate-N_DL - Boron_PLS",7.43849426498855e-15,"Nitrate-N_DL","Boron_PLS","Nitrate-N","Boron","DL","PLS"
"Copper_RF-PCA - Boron_RF-PCA",1,"Copper_RF-PCA","Boron_RF-PCA","Copper","Boron","RF-PCA","RF-PCA"
"Boron_XGB-PCA - Boron_RF-PCA",0.999999999975655,"Boron_XGB-PCA","Boron_RF-PCA","Boron","Boron","XGB-PCA","RF-PCA"
"Boron_DL - Boron_RF-PCA",0.999999941213402,"Boron_DL","Boron_RF-PCA","Boron","Boron","DL","RF-PCA"
"Copper_XGB-PCA - Boron_RF-PCA",0.99999993500135,"Copper_XGB-PCA","Boron_RF-PCA","Copper","Boron","XGB-PCA","RF-PCA"
"Copper_PLS - Boron_RF-PCA",0.999989327293635,"Copper_PLS","Boron_RF-PCA","Copper","Boron","PLS","RF-PCA"
"Copper_DL - Boron_RF-PCA",0.999693616796686,"Copper_DL","Boron_RF-PCA","Copper","Boron","DL","RF-PCA"
"Zinc_RF-PCA - Boron_RF-PCA",3.36366490216733e-11,"Zinc_RF-PCA","Boron_RF-PCA","Zinc","Boron","RF-PCA","RF-PCA"
"Iron_DL - Boron_RF-PCA",1.93693949768203e-11,"Iron_DL","Boron_RF-PCA","Iron","Boron","DL","RF-PCA"
"Iron_XGB-PCA - Boron_RF-PCA",5.16919840265473e-13,"Iron_XGB-PCA","Boron_RF-PCA","Iron","Boron","XGB-PCA","RF-PCA"
"Iron_PLS - Boron_RF-PCA",4.85611550971043e-13,"Iron_PLS","Boron_RF-PCA","Iron","Boron","PLS","RF-PCA"
"Zinc_PLS - Boron_RF-PCA",4.83391104921793e-13,"Zinc_PLS","Boron_RF-PCA","Zinc","Boron","PLS","RF-PCA"
"Zinc_XGB-PCA - Boron_RF-PCA",5.39124300757976e-13,"Zinc_XGB-PCA","Boron_RF-PCA","Zinc","Boron","XGB-PCA","RF-PCA"
"Iron_RF-PCA - Boron_RF-PCA",5.304645611659e-13,"Iron_RF-PCA","Boron_RF-PCA","Iron","Boron","RF-PCA","RF-PCA"
"Manganese_RF-PCA - Boron_RF-PCA",5.44453371276177e-13,"Manganese_RF-PCA","Boron_RF-PCA","Manganese","Boron","RF-PCA","RF-PCA"
"Manganese_PLS - Boron_RF-PCA",5.18918241709798e-13,"Manganese_PLS","Boron_RF-PCA","Manganese","Boron","PLS","RF-PCA"
"Manganese_XGB-PCA - Boron_RF-PCA",5.27355936696949e-13,"Manganese_XGB-PCA","Boron_RF-PCA","Manganese","Boron","XGB-PCA","RF-PCA"
"Zinc_DL - Boron_RF-PCA",5.37125899313651e-13,"Zinc_DL","Boron_RF-PCA","Zinc","Boron","DL","RF-PCA"
"Manganese_DL - Boron_RF-PCA",2.4757973449141e-14,"Manganese_DL","Boron_RF-PCA","Manganese","Boron","DL","RF-PCA"
"pH_RF-PCA - Boron_RF-PCA",7.43849426498855e-15,"pH_RF-PCA","Boron_RF-PCA","pH","Boron","RF-PCA","RF-PCA"
"pH_XGB-PCA - Boron_RF-PCA",7.43849426498855e-15,"pH_XGB-PCA","Boron_RF-PCA","pH","Boron","XGB-PCA","RF-PCA"
"pH_PLS - Boron_RF-PCA",7.43849426498855e-15,"pH_PLS","Boron_RF-PCA","pH","Boron","PLS","RF-PCA"
"pH_DL - Boron_RF-PCA",7.43849426498855e-15,"pH_DL","Boron_RF-PCA","pH","Boron","DL","RF-PCA"
"Ammonium-N_PLS - Boron_RF-PCA",7.43849426498855e-15,"Ammonium-N_PLS","Boron_RF-PCA","Ammonium-N","Boron","PLS","RF-PCA"
"Ammonium-N_RF-PCA - Boron_RF-PCA",7.43849426498855e-15,"Ammonium-N_RF-PCA","Boron_RF-PCA","Ammonium-N","Boron","RF-PCA","RF-PCA"
"Ammonium-N_DL - Boron_RF-PCA",7.43849426498855e-15,"Ammonium-N_DL","Boron_RF-PCA","Ammonium-N","Boron","DL","RF-PCA"
"Ammonium-N_XGB-PCA - Boron_RF-PCA",7.43849426498855e-15,"Ammonium-N_XGB-PCA","Boron_RF-PCA","Ammonium-N","Boron","XGB-PCA","RF-PCA"
"Magnesium_PLS - Boron_RF-PCA",7.43849426498855e-15,"Magnesium_PLS","Boron_RF-PCA","Magnesium","Boron","PLS","RF-PCA"
"Magnesium_XGB-PCA - Boron_RF-PCA",7.43849426498855e-15,"Magnesium_XGB-PCA","Boron_RF-PCA","Magnesium","Boron","XGB-PCA","RF-PCA"
"Magnesium_DL - Boron_RF-PCA",7.43849426498855e-15,"Magnesium_DL","Boron_RF-PCA","Magnesium","Boron","DL","RF-PCA"
"Magnesium_RF-PCA - Boron_RF-PCA",7.43849426498855e-15,"Magnesium_RF-PCA","Boron_RF-PCA","Magnesium","Boron","RF-PCA","RF-PCA"
"Phosphorus_RF-PCA - Boron_RF-PCA",7.43849426498855e-15,"Phosphorus_RF-PCA","Boron_RF-PCA","Phosphorus","Boron","RF-PCA","RF-PCA"
"Phosphorus_PLS - Boron_RF-PCA",7.43849426498855e-15,"Phosphorus_PLS","Boron_RF-PCA","Phosphorus","Boron","PLS","RF-PCA"
"Phosphorus_XGB-PCA - Boron_RF-PCA",7.43849426498855e-15,"Phosphorus_XGB-PCA","Boron_RF-PCA","Phosphorus","Boron","XGB-PCA","RF-PCA"
"Calcium_XGB-PCA - Boron_RF-PCA",7.43849426498855e-15,"Calcium_XGB-PCA","Boron_RF-PCA","Calcium","Boron","XGB-PCA","RF-PCA"
"Calcium_PLS - Boron_RF-PCA",7.43849426498855e-15,"Calcium_PLS","Boron_RF-PCA","Calcium","Boron","PLS","RF-PCA"
"Phosphorus_DL - Boron_RF-PCA",7.43849426498855e-15,"Phosphorus_DL","Boron_RF-PCA","Phosphorus","Boron","DL","RF-PCA"
"Calcium_RF-PCA - Boron_RF-PCA",7.43849426498855e-15,"Calcium_RF-PCA","Boron_RF-PCA","Calcium","Boron","RF-PCA","RF-PCA"
"Calcium_DL - Boron_RF-PCA",7.43849426498855e-15,"Calcium_DL","Boron_RF-PCA","Calcium","Boron","DL","RF-PCA"
"Sulfate_PLS - Boron_RF-PCA",7.43849426498855e-15,"Sulfate_PLS","Boron_RF-PCA","Sulfate","Boron","PLS","RF-PCA"
"Sulfate_XGB-PCA - Boron_RF-PCA",7.43849426498855e-15,"Sulfate_XGB-PCA","Boron_RF-PCA","Sulfate","Boron","XGB-PCA","RF-PCA"
"Sulfate_DL - Boron_RF-PCA",7.43849426498855e-15,"Sulfate_DL","Boron_RF-PCA","Sulfate","Boron","DL","RF-PCA"
"Sulfate_RF-PCA - Boron_RF-PCA",7.43849426498855e-15,"Sulfate_RF-PCA","Boron_RF-PCA","Sulfate","Boron","RF-PCA","RF-PCA"
"Nitrate-N_RF-PCA - Boron_RF-PCA",7.43849426498855e-15,"Nitrate-N_RF-PCA","Boron_RF-PCA","Nitrate-N","Boron","RF-PCA","RF-PCA"
"Nitrate-N_XGB-PCA - Boron_RF-PCA",7.43849426498855e-15,"Nitrate-N_XGB-PCA","Boron_RF-PCA","Nitrate-N","Boron","XGB-PCA","RF-PCA"
"Potassium_PLS - Boron_RF-PCA",7.43849426498855e-15,"Potassium_PLS","Boron_RF-PCA","Potassium","Boron","PLS","RF-PCA"
"Nitrate-N_PLS - Boron_RF-PCA",7.43849426498855e-15,"Nitrate-N_PLS","Boron_RF-PCA","Nitrate-N","Boron","PLS","RF-PCA"
"Potassium_RF-PCA - Boron_RF-PCA",7.43849426498855e-15,"Potassium_RF-PCA","Boron_RF-PCA","Potassium","Boron","RF-PCA","RF-PCA"
"Potassium_DL - Boron_RF-PCA",7.43849426498855e-15,"Potassium_DL","Boron_RF-PCA","Potassium","Boron","DL","RF-PCA"
"Potassium_XGB-PCA - Boron_RF-PCA",7.43849426498855e-15,"Potassium_XGB-PCA","Boron_RF-PCA","Potassium","Boron","XGB-PCA","RF-PCA"
"Nitrate-N_DL - Boron_RF-PCA",7.43849426498855e-15,"Nitrate-N_DL","Boron_RF-PCA","Nitrate-N","Boron","DL","RF-PCA"
"Boron_XGB-PCA - Copper_RF-PCA",1,"Boron_XGB-PCA","Copper_RF-PCA","Boron","Copper","XGB-PCA","RF-PCA"
"Boron_DL - Copper_RF-PCA",1,"Boron_DL","Copper_RF-PCA","Boron","Copper","DL","RF-PCA"
"Copper_XGB-PCA - Copper_RF-PCA",1,"Copper_XGB-PCA","Copper_RF-PCA","Copper","Copper","XGB-PCA","RF-PCA"
"Copper_PLS - Copper_RF-PCA",1,"Copper_PLS","Copper_RF-PCA","Copper","Copper","PLS","RF-PCA"
"Copper_DL - Copper_RF-PCA",1,"Copper_DL","Copper_RF-PCA","Copper","Copper","DL","RF-PCA"
"Zinc_RF-PCA - Copper_RF-PCA",2.89404369357982e-08,"Zinc_RF-PCA","Copper_RF-PCA","Zinc","Copper","RF-PCA","RF-PCA"
"Iron_DL - Copper_RF-PCA",1.7486599501737e-08,"Iron_DL","Copper_RF-PCA","Iron","Copper","DL","RF-PCA"
"Iron_XGB-PCA - Copper_RF-PCA",4.2999825922152e-11,"Iron_XGB-PCA","Copper_RF-PCA","Iron","Copper","XGB-PCA","RF-PCA"
"Iron_PLS - Copper_RF-PCA",2.68672861736263e-11,"Iron_PLS","Copper_RF-PCA","Iron","Copper","PLS","RF-PCA"
"Zinc_PLS - Copper_RF-PCA",2.63529198463175e-11,"Zinc_PLS","Copper_RF-PCA","Zinc","Copper","PLS","RF-PCA"
"Zinc_XGB-PCA - Copper_RF-PCA",3.02591285361586e-12,"Zinc_XGB-PCA","Copper_RF-PCA","Zinc","Copper","XGB-PCA","RF-PCA"
"Iron_RF-PCA - Copper_RF-PCA",6.68687327731732e-13,"Iron_RF-PCA","Copper_RF-PCA","Iron","Copper","RF-PCA","RF-PCA"
"Manganese_RF-PCA - Copper_RF-PCA",5.6843418860808e-13,"Manganese_RF-PCA","Copper_RF-PCA","Manganese","Copper","RF-PCA","RF-PCA"
"Manganese_PLS - Copper_RF-PCA",4.9871218266162e-13,"Manganese_PLS","Copper_RF-PCA","Manganese","Copper","PLS","RF-PCA"
"Manganese_XGB-PCA - Copper_RF-PCA",5.79314374249407e-13,"Manganese_XGB-PCA","Copper_RF-PCA","Manganese","Copper","XGB-PCA","RF-PCA"
"Zinc_DL - Copper_RF-PCA",5.44009282066327e-13,"Zinc_DL","Copper_RF-PCA","Zinc","Copper","DL","RF-PCA"
"Manganese_DL - Copper_RF-PCA",5.13811215796522e-13,"Manganese_DL","Copper_RF-PCA","Manganese","Copper","DL","RF-PCA"
"pH_RF-PCA - Copper_RF-PCA",7.66053886991358e-15,"pH_RF-PCA","Copper_RF-PCA","pH","Copper","RF-PCA","RF-PCA"
"pH_XGB-PCA - Copper_RF-PCA",7.43849426498855e-15,"pH_XGB-PCA","Copper_RF-PCA","pH","Copper","XGB-PCA","RF-PCA"
"pH_PLS - Copper_RF-PCA",7.43849426498855e-15,"pH_PLS","Copper_RF-PCA","pH","Copper","PLS","RF-PCA"
"pH_DL - Copper_RF-PCA",7.43849426498855e-15,"pH_DL","Copper_RF-PCA","pH","Copper","DL","RF-PCA"
"Ammonium-N_PLS - Copper_RF-PCA",7.43849426498855e-15,"Ammonium-N_PLS","Copper_RF-PCA","Ammonium-N","Copper","PLS","RF-PCA"
"Ammonium-N_RF-PCA - Copper_RF-PCA",7.43849426498855e-15,"Ammonium-N_RF-PCA","Copper_RF-PCA","Ammonium-N","Copper","RF-PCA","RF-PCA"
"Ammonium-N_DL - Copper_RF-PCA",7.43849426498855e-15,"Ammonium-N_DL","Copper_RF-PCA","Ammonium-N","Copper","DL","RF-PCA"
"Ammonium-N_XGB-PCA - Copper_RF-PCA",7.43849426498855e-15,"Ammonium-N_XGB-PCA","Copper_RF-PCA","Ammonium-N","Copper","XGB-PCA","RF-PCA"
"Magnesium_PLS - Copper_RF-PCA",7.43849426498855e-15,"Magnesium_PLS","Copper_RF-PCA","Magnesium","Copper","PLS","RF-PCA"
"Magnesium_XGB-PCA - Copper_RF-PCA",7.43849426498855e-15,"Magnesium_XGB-PCA","Copper_RF-PCA","Magnesium","Copper","XGB-PCA","RF-PCA"
"Magnesium_DL - Copper_RF-PCA",7.43849426498855e-15,"Magnesium_DL","Copper_RF-PCA","Magnesium","Copper","DL","RF-PCA"
"Magnesium_RF-PCA - Copper_RF-PCA",7.43849426498855e-15,"Magnesium_RF-PCA","Copper_RF-PCA","Magnesium","Copper","RF-PCA","RF-PCA"
"Phosphorus_RF-PCA - Copper_RF-PCA",7.43849426498855e-15,"Phosphorus_RF-PCA","Copper_RF-PCA","Phosphorus","Copper","RF-PCA","RF-PCA"
"Phosphorus_PLS - Copper_RF-PCA",7.43849426498855e-15,"Phosphorus_PLS","Copper_RF-PCA","Phosphorus","Copper","PLS","RF-PCA"
"Phosphorus_XGB-PCA - Copper_RF-PCA",7.43849426498855e-15,"Phosphorus_XGB-PCA","Copper_RF-PCA","Phosphorus","Copper","XGB-PCA","RF-PCA"
"Calcium_XGB-PCA - Copper_RF-PCA",7.43849426498855e-15,"Calcium_XGB-PCA","Copper_RF-PCA","Calcium","Copper","XGB-PCA","RF-PCA"
"Calcium_PLS - Copper_RF-PCA",7.43849426498855e-15,"Calcium_PLS","Copper_RF-PCA","Calcium","Copper","PLS","RF-PCA"
"Phosphorus_DL - Copper_RF-PCA",7.43849426498855e-15,"Phosphorus_DL","Copper_RF-PCA","Phosphorus","Copper","DL","RF-PCA"
"Calcium_RF-PCA - Copper_RF-PCA",7.43849426498855e-15,"Calcium_RF-PCA","Copper_RF-PCA","Calcium","Copper","RF-PCA","RF-PCA"
"Calcium_DL - Copper_RF-PCA",7.43849426498855e-15,"Calcium_DL","Copper_RF-PCA","Calcium","Copper","DL","RF-PCA"
"Sulfate_PLS - Copper_RF-PCA",7.43849426498855e-15,"Sulfate_PLS","Copper_RF-PCA","Sulfate","Copper","PLS","RF-PCA"
"Sulfate_XGB-PCA - Copper_RF-PCA",7.43849426498855e-15,"Sulfate_XGB-PCA","Copper_RF-PCA","Sulfate","Copper","XGB-PCA","RF-PCA"
"Sulfate_DL - Copper_RF-PCA",7.43849426498855e-15,"Sulfate_DL","Copper_RF-PCA","Sulfate","Copper","DL","RF-PCA"
"Sulfate_RF-PCA - Copper_RF-PCA",7.43849426498855e-15,"Sulfate_RF-PCA","Copper_RF-PCA","Sulfate","Copper","RF-PCA","RF-PCA"
"Nitrate-N_RF-PCA - Copper_RF-PCA",7.43849426498855e-15,"Nitrate-N_RF-PCA","Copper_RF-PCA","Nitrate-N","Copper","RF-PCA","RF-PCA"
"Nitrate-N_XGB-PCA - Copper_RF-PCA",7.43849426498855e-15,"Nitrate-N_XGB-PCA","Copper_RF-PCA","Nitrate-N","Copper","XGB-PCA","RF-PCA"
"Potassium_PLS - Copper_RF-PCA",7.43849426498855e-15,"Potassium_PLS","Copper_RF-PCA","Potassium","Copper","PLS","RF-PCA"
"Nitrate-N_PLS - Copper_RF-PCA",7.43849426498855e-15,"Nitrate-N_PLS","Copper_RF-PCA","Nitrate-N","Copper","PLS","RF-PCA"
"Potassium_RF-PCA - Copper_RF-PCA",7.43849426498855e-15,"Potassium_RF-PCA","Copper_RF-PCA","Potassium","Copper","RF-PCA","RF-PCA"
"Potassium_DL - Copper_RF-PCA",7.43849426498855e-15,"Potassium_DL","Copper_RF-PCA","Potassium","Copper","DL","RF-PCA"
"Potassium_XGB-PCA - Copper_RF-PCA",7.43849426498855e-15,"Potassium_XGB-PCA","Copper_RF-PCA","Potassium","Copper","XGB-PCA","RF-PCA"
"Nitrate-N_DL - Copper_RF-PCA",7.43849426498855e-15,"Nitrate-N_DL","Copper_RF-PCA","Nitrate-N","Copper","DL","RF-PCA"
"Boron_DL - Boron_XGB-PCA",1,"Boron_DL","Boron_XGB-PCA","Boron","Boron","DL","XGB-PCA"
"Copper_XGB-PCA - Boron_XGB-PCA",1,"Copper_XGB-PCA","Boron_XGB-PCA","Copper","Boron","XGB-PCA","XGB-PCA"
"Copper_PLS - Boron_XGB-PCA",1,"Copper_PLS","Boron_XGB-PCA","Copper","Boron","PLS","XGB-PCA"
"Copper_DL - Boron_XGB-PCA",1,"Copper_DL","Boron_XGB-PCA","Copper","Boron","DL","XGB-PCA"
"Zinc_RF-PCA - Boron_XGB-PCA",1.7007467900676e-07,"Zinc_RF-PCA","Boron_XGB-PCA","Zinc","Boron","RF-PCA","XGB-PCA"
"Iron_DL - Boron_XGB-PCA",1.04652153720686e-07,"Iron_DL","Boron_XGB-PCA","Iron","Boron","DL","XGB-PCA"
"Iron_XGB-PCA - Boron_XGB-PCA",3.11065839753155e-10,"Iron_XGB-PCA","Boron_XGB-PCA","Iron","Boron","XGB-PCA","XGB-PCA"
"Iron_PLS - Boron_XGB-PCA",1.95793825596979e-10,"Iron_PLS","Boron_XGB-PCA","Iron","Boron","PLS","XGB-PCA"
"Zinc_PLS - Boron_XGB-PCA",1.92088567274595e-10,"Zinc_PLS","Boron_XGB-PCA","Zinc","Boron","PLS","XGB-PCA"
"Zinc_XGB-PCA - Boron_XGB-PCA",1.93921545488251e-11,"Zinc_XGB-PCA","Boron_XGB-PCA","Zinc","Boron","XGB-PCA","XGB-PCA"
"Iron_RF-PCA - Boron_XGB-PCA",1.67355018731996e-12,"Iron_RF-PCA","Boron_XGB-PCA","Iron","Boron","RF-PCA","XGB-PCA"
"Manganese_RF-PCA - Boron_XGB-PCA",1.0698109065288e-12,"Manganese_RF-PCA","Boron_XGB-PCA","Manganese","Boron","RF-PCA","XGB-PCA"
"Manganese_PLS - Boron_XGB-PCA",5.76427794385381e-13,"Manganese_PLS","Boron_XGB-PCA","Manganese","Boron","PLS","XGB-PCA"
"Manganese_XGB-PCA - Boron_XGB-PCA",5.06039654624146e-13,"Manganese_XGB-PCA","Boron_XGB-PCA","Manganese","Boron","XGB-PCA","XGB-PCA"
"Zinc_DL - Boron_XGB-PCA",5.1725290717286e-13,"Zinc_DL","Boron_XGB-PCA","Zinc","Boron","DL","XGB-PCA"
"Manganese_DL - Boron_XGB-PCA",5.33351141029925e-13,"Manganese_DL","Boron_XGB-PCA","Manganese","Boron","DL","XGB-PCA"
"pH_RF-PCA - Boron_XGB-PCA",1.13242748511766e-14,"pH_RF-PCA","Boron_XGB-PCA","pH","Boron","RF-PCA","XGB-PCA"
"pH_XGB-PCA - Boron_XGB-PCA",7.43849426498855e-15,"pH_XGB-PCA","Boron_XGB-PCA","pH","Boron","XGB-PCA","XGB-PCA"
"pH_PLS - Boron_XGB-PCA",7.43849426498855e-15,"pH_PLS","Boron_XGB-PCA","pH","Boron","PLS","XGB-PCA"
"pH_DL - Boron_XGB-PCA",7.43849426498855e-15,"pH_DL","Boron_XGB-PCA","pH","Boron","DL","XGB-PCA"
"Ammonium-N_PLS - Boron_XGB-PCA",7.43849426498855e-15,"Ammonium-N_PLS","Boron_XGB-PCA","Ammonium-N","Boron","PLS","XGB-PCA"
"Ammonium-N_RF-PCA - Boron_XGB-PCA",7.43849426498855e-15,"Ammonium-N_RF-PCA","Boron_XGB-PCA","Ammonium-N","Boron","RF-PCA","XGB-PCA"
"Ammonium-N_DL - Boron_XGB-PCA",7.43849426498855e-15,"Ammonium-N_DL","Boron_XGB-PCA","Ammonium-N","Boron","DL","XGB-PCA"
"Ammonium-N_XGB-PCA - Boron_XGB-PCA",7.43849426498855e-15,"Ammonium-N_XGB-PCA","Boron_XGB-PCA","Ammonium-N","Boron","XGB-PCA","XGB-PCA"
"Magnesium_PLS - Boron_XGB-PCA",7.43849426498855e-15,"Magnesium_PLS","Boron_XGB-PCA","Magnesium","Boron","PLS","XGB-PCA"
"Magnesium_XGB-PCA - Boron_XGB-PCA",7.43849426498855e-15,"Magnesium_XGB-PCA","Boron_XGB-PCA","Magnesium","Boron","XGB-PCA","XGB-PCA"
"Magnesium_DL - Boron_XGB-PCA",7.43849426498855e-15,"Magnesium_DL","Boron_XGB-PCA","Magnesium","Boron","DL","XGB-PCA"
"Magnesium_RF-PCA - Boron_XGB-PCA",7.43849426498855e-15,"Magnesium_RF-PCA","Boron_XGB-PCA","Magnesium","Boron","RF-PCA","XGB-PCA"
"Phosphorus_RF-PCA - Boron_XGB-PCA",7.43849426498855e-15,"Phosphorus_RF-PCA","Boron_XGB-PCA","Phosphorus","Boron","RF-PCA","XGB-PCA"
"Phosphorus_PLS - Boron_XGB-PCA",7.43849426498855e-15,"Phosphorus_PLS","Boron_XGB-PCA","Phosphorus","Boron","PLS","XGB-PCA"
"Phosphorus_XGB-PCA - Boron_XGB-PCA",7.43849426498855e-15,"Phosphorus_XGB-PCA","Boron_XGB-PCA","Phosphorus","Boron","XGB-PCA","XGB-PCA"
"Calcium_XGB-PCA - Boron_XGB-PCA",7.43849426498855e-15,"Calcium_XGB-PCA","Boron_XGB-PCA","Calcium","Boron","XGB-PCA","XGB-PCA"
"Calcium_PLS - Boron_XGB-PCA",7.43849426498855e-15,"Calcium_PLS","Boron_XGB-PCA","Calcium","Boron","PLS","XGB-PCA"
"Phosphorus_DL - Boron_XGB-PCA",7.43849426498855e-15,"Phosphorus_DL","Boron_XGB-PCA","Phosphorus","Boron","DL","XGB-PCA"
"Calcium_RF-PCA - Boron_XGB-PCA",7.43849426498855e-15,"Calcium_RF-PCA","Boron_XGB-PCA","Calcium","Boron","RF-PCA","XGB-PCA"
"Calcium_DL - Boron_XGB-PCA",7.43849426498855e-15,"Calcium_DL","Boron_XGB-PCA","Calcium","Boron","DL","XGB-PCA"
"Sulfate_PLS - Boron_XGB-PCA",7.43849426498855e-15,"Sulfate_PLS","Boron_XGB-PCA","Sulfate","Boron","PLS","XGB-PCA"
"Sulfate_XGB-PCA - Boron_XGB-PCA",7.43849426498855e-15,"Sulfate_XGB-PCA","Boron_XGB-PCA","Sulfate","Boron","XGB-PCA","XGB-PCA"
"Sulfate_DL - Boron_XGB-PCA",7.43849426498855e-15,"Sulfate_DL","Boron_XGB-PCA","Sulfate","Boron","DL","XGB-PCA"
"Sulfate_RF-PCA - Boron_XGB-PCA",7.43849426498855e-15,"Sulfate_RF-PCA","Boron_XGB-PCA","Sulfate","Boron","RF-PCA","XGB-PCA"
"Nitrate-N_RF-PCA - Boron_XGB-PCA",7.43849426498855e-15,"Nitrate-N_RF-PCA","Boron_XGB-PCA","Nitrate-N","Boron","RF-PCA","XGB-PCA"
"Nitrate-N_XGB-PCA - Boron_XGB-PCA",7.43849426498855e-15,"Nitrate-N_XGB-PCA","Boron_XGB-PCA","Nitrate-N","Boron","XGB-PCA","XGB-PCA"
"Potassium_PLS - Boron_XGB-PCA",7.43849426498855e-15,"Potassium_PLS","Boron_XGB-PCA","Potassium","Boron","PLS","XGB-PCA"
"Nitrate-N_PLS - Boron_XGB-PCA",7.43849426498855e-15,"Nitrate-N_PLS","Boron_XGB-PCA","Nitrate-N","Boron","PLS","XGB-PCA"
"Potassium_RF-PCA - Boron_XGB-PCA",7.43849426498855e-15,"Potassium_RF-PCA","Boron_XGB-PCA","Potassium","Boron","RF-PCA","XGB-PCA"
"Potassium_DL - Boron_XGB-PCA",7.43849426498855e-15,"Potassium_DL","Boron_XGB-PCA","Potassium","Boron","DL","XGB-PCA"
"Potassium_XGB-PCA - Boron_XGB-PCA",7.43849426498855e-15,"Potassium_XGB-PCA","Boron_XGB-PCA","Potassium","Boron","XGB-PCA","XGB-PCA"
"Nitrate-N_DL - Boron_XGB-PCA",7.43849426498855e-15,"Nitrate-N_DL","Boron_XGB-PCA","Nitrate-N","Boron","DL","XGB-PCA"
"Copper_XGB-PCA - Boron_DL",1,"Copper_XGB-PCA","Boron_DL","Copper","Boron","XGB-PCA","DL"
"Copper_PLS - Boron_DL",1,"Copper_PLS","Boron_DL","Copper","Boron","PLS","DL"
"Copper_DL - Boron_DL",1,"Copper_DL","Boron_DL","Copper","Boron","DL","DL"
"Zinc_RF-PCA - Boron_DL",9.44674520719779e-07,"Zinc_RF-PCA","Boron_DL","Zinc","Boron","RF-PCA","DL"
"Iron_DL - Boron_DL",5.9229925186699e-07,"Iron_DL","Boron_DL","Iron","Boron","DL","DL"
"Iron_XGB-PCA - Boron_DL",2.15704520911686e-09,"Iron_XGB-PCA","Boron_DL","Iron","Boron","XGB-PCA","DL"
"Iron_PLS - Boron_DL",1.37729228022465e-09,"Iron_PLS","Boron_DL","Iron","Boron","PLS","DL"
"Zinc_PLS - Boron_DL",1.35203170881226e-09,"Zinc_PLS","Boron_DL","Zinc","Boron","PLS","DL"
"Zinc_XGB-PCA - Boron_DL",1.43327794077663e-10,"Zinc_XGB-PCA","Boron_DL","Zinc","Boron","XGB-PCA","DL"
"Iron_RF-PCA - Boron_DL",9.14024411713399e-12,"Iron_RF-PCA","Boron_DL","Iron","Boron","RF-PCA","DL"
"Manganese_RF-PCA - Boron_DL",4.55901982832074e-12,"Manganese_RF-PCA","Boron_DL","Manganese","Boron","RF-PCA","DL"
"Manganese_PLS - Boron_DL",1.10855769008822e-12,"Manganese_PLS","Boron_DL","Manganese","Boron","PLS","DL"
"Manganese_XGB-PCA - Boron_DL",5.18696197104873e-13,"Manganese_XGB-PCA","Boron_DL","Manganese","Boron","XGB-PCA","DL"
"Zinc_DL - Boron_DL",4.95825602797595e-13,"Zinc_DL","Boron_DL","Zinc","Boron","DL","DL"
"Manganese_DL - Boron_DL",5.39790434572751e-13,"Manganese_DL","Boron_DL","Manganese","Boron","DL","DL"
"pH_RF-PCA - Boron_DL",3.86357612569554e-14,"pH_RF-PCA","Boron_DL","pH","Boron","RF-PCA","DL"
"pH_XGB-PCA - Boron_DL",7.54951656745106e-15,"pH_XGB-PCA","Boron_DL","pH","Boron","XGB-PCA","DL"
"pH_PLS - Boron_DL",7.43849426498855e-15,"pH_PLS","Boron_DL","pH","Boron","PLS","DL"
"pH_DL - Boron_DL",7.43849426498855e-15,"pH_DL","Boron_DL","pH","Boron","DL","DL"
"Ammonium-N_PLS - Boron_DL",7.43849426498855e-15,"Ammonium-N_PLS","Boron_DL","Ammonium-N","Boron","PLS","DL"
"Ammonium-N_RF-PCA - Boron_DL",7.43849426498855e-15,"Ammonium-N_RF-PCA","Boron_DL","Ammonium-N","Boron","RF-PCA","DL"
"Ammonium-N_DL - Boron_DL",7.43849426498855e-15,"Ammonium-N_DL","Boron_DL","Ammonium-N","Boron","DL","DL"
"Ammonium-N_XGB-PCA - Boron_DL",7.43849426498855e-15,"Ammonium-N_XGB-PCA","Boron_DL","Ammonium-N","Boron","XGB-PCA","DL"
"Magnesium_PLS - Boron_DL",7.43849426498855e-15,"Magnesium_PLS","Boron_DL","Magnesium","Boron","PLS","DL"
"Magnesium_XGB-PCA - Boron_DL",7.43849426498855e-15,"Magnesium_XGB-PCA","Boron_DL","Magnesium","Boron","XGB-PCA","DL"
"Magnesium_DL - Boron_DL",7.43849426498855e-15,"Magnesium_DL","Boron_DL","Magnesium","Boron","DL","DL"
"Magnesium_RF-PCA - Boron_DL",7.43849426498855e-15,"Magnesium_RF-PCA","Boron_DL","Magnesium","Boron","RF-PCA","DL"
"Phosphorus_RF-PCA - Boron_DL",7.43849426498855e-15,"Phosphorus_RF-PCA","Boron_DL","Phosphorus","Boron","RF-PCA","DL"
"Phosphorus_PLS - Boron_DL",7.43849426498855e-15,"Phosphorus_PLS","Boron_DL","Phosphorus","Boron","PLS","DL"
"Phosphorus_XGB-PCA - Boron_DL",7.43849426498855e-15,"Phosphorus_XGB-PCA","Boron_DL","Phosphorus","Boron","XGB-PCA","DL"
"Calcium_XGB-PCA - Boron_DL",7.43849426498855e-15,"Calcium_XGB-PCA","Boron_DL","Calcium","Boron","XGB-PCA","DL"
"Calcium_PLS - Boron_DL",7.43849426498855e-15,"Calcium_PLS","Boron_DL","Calcium","Boron","PLS","DL"
"Phosphorus_DL - Boron_DL",7.43849426498855e-15,"Phosphorus_DL","Boron_DL","Phosphorus","Boron","DL","DL"
"Calcium_RF-PCA - Boron_DL",7.43849426498855e-15,"Calcium_RF-PCA","Boron_DL","Calcium","Boron","RF-PCA","DL"
"Calcium_DL - Boron_DL",7.43849426498855e-15,"Calcium_DL","Boron_DL","Calcium","Boron","DL","DL"
"Sulfate_PLS - Boron_DL",7.43849426498855e-15,"Sulfate_PLS","Boron_DL","Sulfate","Boron","PLS","DL"
"Sulfate_XGB-PCA - Boron_DL",7.43849426498855e-15,"Sulfate_XGB-PCA","Boron_DL","Sulfate","Boron","XGB-PCA","DL"
"Sulfate_DL - Boron_DL",7.43849426498855e-15,"Sulfate_DL","Boron_DL","Sulfate","Boron","DL","DL"
"Sulfate_RF-PCA - Boron_DL",7.43849426498855e-15,"Sulfate_RF-PCA","Boron_DL","Sulfate","Boron","RF-PCA","DL"
"Nitrate-N_RF-PCA - Boron_DL",7.43849426498855e-15,"Nitrate-N_RF-PCA","Boron_DL","Nitrate-N","Boron","RF-PCA","DL"
"Nitrate-N_XGB-PCA - Boron_DL",7.43849426498855e-15,"Nitrate-N_XGB-PCA","Boron_DL","Nitrate-N","Boron","XGB-PCA","DL"
"Potassium_PLS - Boron_DL",7.43849426498855e-15,"Potassium_PLS","Boron_DL","Potassium","Boron","PLS","DL"
"Nitrate-N_PLS - Boron_DL",7.43849426498855e-15,"Nitrate-N_PLS","Boron_DL","Nitrate-N","Boron","PLS","DL"
"Potassium_RF-PCA - Boron_DL",7.43849426498855e-15,"Potassium_RF-PCA","Boron_DL","Potassium","Boron","RF-PCA","DL"
"Potassium_DL - Boron_DL",7.43849426498855e-15,"Potassium_DL","Boron_DL","Potassium","Boron","DL","DL"
"Potassium_XGB-PCA - Boron_DL",7.43849426498855e-15,"Potassium_XGB-PCA","Boron_DL","Potassium","Boron","XGB-PCA","DL"
"Nitrate-N_DL - Boron_DL",7.43849426498855e-15,"Nitrate-N_DL","Boron_DL","Nitrate-N","Boron","DL","DL"
"Copper_PLS - Copper_XGB-PCA",1,"Copper_PLS","Copper_XGB-PCA","Copper","Copper","PLS","XGB-PCA"
"Copper_DL - Copper_XGB-PCA",1,"Copper_DL","Copper_XGB-PCA","Copper","Copper","DL","XGB-PCA"
"Zinc_RF-PCA - Copper_XGB-PCA",9.6948339356473e-07,"Zinc_RF-PCA","Copper_XGB-PCA","Zinc","Copper","RF-PCA","XGB-PCA"
"Iron_DL - Copper_XGB-PCA",6.08032681426174e-07,"Iron_DL","Copper_XGB-PCA","Iron","Copper","DL","XGB-PCA"
"Iron_XGB-PCA - Copper_XGB-PCA",2.22138663019678e-09,"Iron_XGB-PCA","Copper_XGB-PCA","Iron","Copper","XGB-PCA","XGB-PCA"
"Iron_PLS - Copper_XGB-PCA",1.41870215575324e-09,"Iron_PLS","Copper_XGB-PCA","Iron","Copper","PLS","XGB-PCA"
"Zinc_PLS - Copper_XGB-PCA",1.39269351606686e-09,"Zinc_PLS","Copper_XGB-PCA","Zinc","Copper","PLS","XGB-PCA"
"Zinc_XGB-PCA - Copper_XGB-PCA",1.4779466539494e-10,"Zinc_XGB-PCA","Copper_XGB-PCA","Zinc","Copper","XGB-PCA","XGB-PCA"
"Iron_RF-PCA - Copper_XGB-PCA",9.41924316322229e-12,"Iron_RF-PCA","Copper_XGB-PCA","Iron","Copper","RF-PCA","XGB-PCA"
"Manganese_RF-PCA - Copper_XGB-PCA",4.68924898910927e-12,"Manganese_RF-PCA","Copper_XGB-PCA","Manganese","Copper","RF-PCA","XGB-PCA"
"Manganese_PLS - Copper_XGB-PCA",1.12931886064871e-12,"Manganese_PLS","Copper_XGB-PCA","Manganese","Copper","PLS","XGB-PCA"
"Manganese_XGB-PCA - Copper_XGB-PCA",5.20805620851661e-13,"Manganese_XGB-PCA","Copper_XGB-PCA","Manganese","Copper","XGB-PCA","XGB-PCA"
"Zinc_DL - Copper_XGB-PCA",4.95714580495132e-13,"Zinc_DL","Copper_XGB-PCA","Zinc","Copper","DL","XGB-PCA"
"Manganese_DL - Copper_XGB-PCA",5.23359133808299e-13,"Manganese_DL","Copper_XGB-PCA","Manganese","Copper","DL","XGB-PCA"
"pH_RF-PCA - Copper_XGB-PCA",3.96349619791181e-14,"pH_RF-PCA","Copper_XGB-PCA","pH","Copper","RF-PCA","XGB-PCA"
"pH_XGB-PCA - Copper_XGB-PCA",7.54951656745106e-15,"pH_XGB-PCA","Copper_XGB-PCA","pH","Copper","XGB-PCA","XGB-PCA"
"pH_PLS - Copper_XGB-PCA",7.43849426498855e-15,"pH_PLS","Copper_XGB-PCA","pH","Copper","PLS","XGB-PCA"
"pH_DL - Copper_XGB-PCA",7.43849426498855e-15,"pH_DL","Copper_XGB-PCA","pH","Copper","DL","XGB-PCA"
"Ammonium-N_PLS - Copper_XGB-PCA",7.43849426498855e-15,"Ammonium-N_PLS","Copper_XGB-PCA","Ammonium-N","Copper","PLS","XGB-PCA"
"Ammonium-N_RF-PCA - Copper_XGB-PCA",7.43849426498855e-15,"Ammonium-N_RF-PCA","Copper_XGB-PCA","Ammonium-N","Copper","RF-PCA","XGB-PCA"
"Ammonium-N_DL - Copper_XGB-PCA",7.43849426498855e-15,"Ammonium-N_DL","Copper_XGB-PCA","Ammonium-N","Copper","DL","XGB-PCA"
"Ammonium-N_XGB-PCA - Copper_XGB-PCA",7.43849426498855e-15,"Ammonium-N_XGB-PCA","Copper_XGB-PCA","Ammonium-N","Copper","XGB-PCA","XGB-PCA"
"Magnesium_PLS - Copper_XGB-PCA",7.43849426498855e-15,"Magnesium_PLS","Copper_XGB-PCA","Magnesium","Copper","PLS","XGB-PCA"
"Magnesium_XGB-PCA - Copper_XGB-PCA",7.43849426498855e-15,"Magnesium_XGB-PCA","Copper_XGB-PCA","Magnesium","Copper","XGB-PCA","XGB-PCA"
"Magnesium_DL - Copper_XGB-PCA",7.43849426498855e-15,"Magnesium_DL","Copper_XGB-PCA","Magnesium","Copper","DL","XGB-PCA"
"Magnesium_RF-PCA - Copper_XGB-PCA",7.43849426498855e-15,"Magnesium_RF-PCA","Copper_XGB-PCA","Magnesium","Copper","RF-PCA","XGB-PCA"
"Phosphorus_RF-PCA - Copper_XGB-PCA",7.43849426498855e-15,"Phosphorus_RF-PCA","Copper_XGB-PCA","Phosphorus","Copper","RF-PCA","XGB-PCA"
"Phosphorus_PLS - Copper_XGB-PCA",7.43849426498855e-15,"Phosphorus_PLS","Copper_XGB-PCA","Phosphorus","Copper","PLS","XGB-PCA"
"Phosphorus_XGB-PCA - Copper_XGB-PCA",7.43849426498855e-15,"Phosphorus_XGB-PCA","Copper_XGB-PCA","Phosphorus","Copper","XGB-PCA","XGB-PCA"
"Calcium_XGB-PCA - Copper_XGB-PCA",7.43849426498855e-15,"Calcium_XGB-PCA","Copper_XGB-PCA","Calcium","Copper","XGB-PCA","XGB-PCA"
"Calcium_PLS - Copper_XGB-PCA",7.43849426498855e-15,"Calcium_PLS","Copper_XGB-PCA","Calcium","Copper","PLS","XGB-PCA"
"Phosphorus_DL - Copper_XGB-PCA",7.43849426498855e-15,"Phosphorus_DL","Copper_XGB-PCA","Phosphorus","Copper","DL","XGB-PCA"
"Calcium_RF-PCA - Copper_XGB-PCA",7.43849426498855e-15,"Calcium_RF-PCA","Copper_XGB-PCA","Calcium","Copper","RF-PCA","XGB-PCA"
"Calcium_DL - Copper_XGB-PCA",7.43849426498855e-15,"Calcium_DL","Copper_XGB-PCA","Calcium","Copper","DL","XGB-PCA"
"Sulfate_PLS - Copper_XGB-PCA",7.43849426498855e-15,"Sulfate_PLS","Copper_XGB-PCA","Sulfate","Copper","PLS","XGB-PCA"
"Sulfate_XGB-PCA - Copper_XGB-PCA",7.43849426498855e-15,"Sulfate_XGB-PCA","Copper_XGB-PCA","Sulfate","Copper","XGB-PCA","XGB-PCA"
"Sulfate_DL - Copper_XGB-PCA",7.43849426498855e-15,"Sulfate_DL","Copper_XGB-PCA","Sulfate","Copper","DL","XGB-PCA"
"Sulfate_RF-PCA - Copper_XGB-PCA",7.43849426498855e-15,"Sulfate_RF-PCA","Copper_XGB-PCA","Sulfate","Copper","RF-PCA","XGB-PCA"
"Nitrate-N_RF-PCA - Copper_XGB-PCA",7.43849426498855e-15,"Nitrate-N_RF-PCA","Copper_XGB-PCA","Nitrate-N","Copper","RF-PCA","XGB-PCA"
"Nitrate-N_XGB-PCA - Copper_XGB-PCA",7.43849426498855e-15,"Nitrate-N_XGB-PCA","Copper_XGB-PCA","Nitrate-N","Copper","XGB-PCA","XGB-PCA"
"Potassium_PLS - Copper_XGB-PCA",7.43849426498855e-15,"Potassium_PLS","Copper_XGB-PCA","Potassium","Copper","PLS","XGB-PCA"
"Nitrate-N_PLS - Copper_XGB-PCA",7.43849426498855e-15,"Nitrate-N_PLS","Copper_XGB-PCA","Nitrate-N","Copper","PLS","XGB-PCA"
"Potassium_RF-PCA - Copper_XGB-PCA",7.43849426498855e-15,"Potassium_RF-PCA","Copper_XGB-PCA","Potassium","Copper","RF-PCA","XGB-PCA"
"Potassium_DL - Copper_XGB-PCA",7.43849426498855e-15,"Potassium_DL","Copper_XGB-PCA","Potassium","Copper","DL","XGB-PCA"
"Potassium_XGB-PCA - Copper_XGB-PCA",7.43849426498855e-15,"Potassium_XGB-PCA","Copper_XGB-PCA","Potassium","Copper","XGB-PCA","XGB-PCA"
"Nitrate-N_DL - Copper_XGB-PCA",7.43849426498855e-15,"Nitrate-N_DL","Copper_XGB-PCA","Nitrate-N","Copper","DL","XGB-PCA"
"Copper_DL - Copper_PLS",1,"Copper_DL","Copper_PLS","Copper","Copper","DL","PLS"
"Zinc_RF-PCA - Copper_PLS",4.37953479170972e-06,"Zinc_RF-PCA","Copper_PLS","Zinc","Copper","RF-PCA","PLS"
"Iron_DL - Copper_PLS",2.7957375423604e-06,"Iron_DL","Copper_PLS","Iron","Copper","DL","PLS"
"Iron_XGB-PCA - Copper_PLS",1.23577301724964e-08,"Iron_XGB-PCA","Copper_PLS","Iron","Copper","XGB-PCA","PLS"
"Iron_PLS - Copper_PLS",8.00207877738046e-09,"Iron_PLS","Copper_PLS","Iron","Copper","PLS","PLS"
"Zinc_PLS - Copper_PLS",7.85982501305682e-09,"Zinc_PLS","Copper_PLS","Zinc","Copper","PLS","PLS"
"Zinc_XGB-PCA - Copper_PLS",8.90468809799927e-10,"Zinc_XGB-PCA","Copper_PLS","Zinc","Copper","XGB-PCA","PLS"
"Iron_RF-PCA - Copper_PLS",5.79578607329267e-11,"Iron_RF-PCA","Copper_PLS","Iron","Copper","RF-PCA","PLS"
"Manganese_RF-PCA - Copper_PLS",2.72291078573517e-11,"Manganese_RF-PCA","Copper_PLS","Manganese","Copper","RF-PCA","PLS"
"Manganese_PLS - Copper_PLS",4.29078994557130e-12,"Manganese_PLS","Copper_PLS","Manganese","Copper","PLS","PLS"
"Manganese_XGB-PCA - Copper_PLS",7.97251153983325e-13,"Manganese_XGB-PCA","Copper_PLS","Manganese","Copper","XGB-PCA","PLS"
"Zinc_DL - Copper_PLS",6.89892587502072e-13,"Zinc_DL","Copper_PLS","Zinc","Copper","DL","PLS"
"Manganese_DL - Copper_PLS",5.40900657597376e-13,"Manganese_DL","Copper_PLS","Manganese","Copper","DL","PLS"
"pH_RF-PCA - Copper_PLS",1.41886502547095e-13,"pH_RF-PCA","Copper_PLS","pH","Copper","RF-PCA","PLS"
"pH_XGB-PCA - Copper_PLS",8.21565038222616e-15,"pH_XGB-PCA","Copper_PLS","pH","Copper","XGB-PCA","PLS"
"pH_PLS - Copper_PLS",7.43849426498855e-15,"pH_PLS","Copper_PLS","pH","Copper","PLS","PLS"
"pH_DL - Copper_PLS",7.43849426498855e-15,"pH_DL","Copper_PLS","pH","Copper","DL","PLS"
"Ammonium-N_PLS - Copper_PLS",7.43849426498855e-15,"Ammonium-N_PLS","Copper_PLS","Ammonium-N","Copper","PLS","PLS"
"Ammonium-N_RF-PCA - Copper_PLS",7.43849426498855e-15,"Ammonium-N_RF-PCA","Copper_PLS","Ammonium-N","Copper","RF-PCA","PLS"
"Ammonium-N_DL - Copper_PLS",7.43849426498855e-15,"Ammonium-N_DL","Copper_PLS","Ammonium-N","Copper","DL","PLS"
"Ammonium-N_XGB-PCA - Copper_PLS",7.43849426498855e-15,"Ammonium-N_XGB-PCA","Copper_PLS","Ammonium-N","Copper","XGB-PCA","PLS"
"Magnesium_PLS - Copper_PLS",7.43849426498855e-15,"Magnesium_PLS","Copper_PLS","Magnesium","Copper","PLS","PLS"
"Magnesium_XGB-PCA - Copper_PLS",7.43849426498855e-15,"Magnesium_XGB-PCA","Copper_PLS","Magnesium","Copper","XGB-PCA","PLS"
"Magnesium_DL - Copper_PLS",7.43849426498855e-15,"Magnesium_DL","Copper_PLS","Magnesium","Copper","DL","PLS"
"Magnesium_RF-PCA - Copper_PLS",7.43849426498855e-15,"Magnesium_RF-PCA","Copper_PLS","Magnesium","Copper","RF-PCA","PLS"
"Phosphorus_RF-PCA - Copper_PLS",7.43849426498855e-15,"Phosphorus_RF-PCA","Copper_PLS","Phosphorus","Copper","RF-PCA","PLS"
"Phosphorus_PLS - Copper_PLS",7.43849426498855e-15,"Phosphorus_PLS","Copper_PLS","Phosphorus","Copper","PLS","PLS"
"Phosphorus_XGB-PCA - Copper_PLS",7.43849426498855e-15,"Phosphorus_XGB-PCA","Copper_PLS","Phosphorus","Copper","XGB-PCA","PLS"
"Calcium_XGB-PCA - Copper_PLS",7.43849426498855e-15,"Calcium_XGB-PCA","Copper_PLS","Calcium","Copper","XGB-PCA","PLS"
"Calcium_PLS - Copper_PLS",7.43849426498855e-15,"Calcium_PLS","Copper_PLS","Calcium","Copper","PLS","PLS"
"Phosphorus_DL - Copper_PLS",7.43849426498855e-15,"Phosphorus_DL","Copper_PLS","Phosphorus","Copper","DL","PLS"
"Calcium_RF-PCA - Copper_PLS",7.43849426498855e-15,"Calcium_RF-PCA","Copper_PLS","Calcium","Copper","RF-PCA","PLS"
"Calcium_DL - Copper_PLS",7.43849426498855e-15,"Calcium_DL","Copper_PLS","Calcium","Copper","DL","PLS"
"Sulfate_PLS - Copper_PLS",7.43849426498855e-15,"Sulfate_PLS","Copper_PLS","Sulfate","Copper","PLS","PLS"
"Sulfate_XGB-PCA - Copper_PLS",7.43849426498855e-15,"Sulfate_XGB-PCA","Copper_PLS","Sulfate","Copper","XGB-PCA","PLS"
"Sulfate_DL - Copper_PLS",7.43849426498855e-15,"Sulfate_DL","Copper_PLS","Sulfate","Copper","DL","PLS"
"Sulfate_RF-PCA - Copper_PLS",7.43849426498855e-15,"Sulfate_RF-PCA","Copper_PLS","Sulfate","Copper","RF-PCA","PLS"
"Nitrate-N_RF-PCA - Copper_PLS",7.43849426498855e-15,"Nitrate-N_RF-PCA","Copper_PLS","Nitrate-N","Copper","RF-PCA","PLS"
"Nitrate-N_XGB-PCA - Copper_PLS",7.43849426498855e-15,"Nitrate-N_XGB-PCA","Copper_PLS","Nitrate-N","Copper","XGB-PCA","PLS"
"Potassium_PLS - Copper_PLS",7.43849426498855e-15,"Potassium_PLS","Copper_PLS","Potassium","Copper","PLS","PLS"
"Nitrate-N_PLS - Copper_PLS",7.43849426498855e-15,"Nitrate-N_PLS","Copper_PLS","Nitrate-N","Copper","PLS","PLS"
"Potassium_RF-PCA - Copper_PLS",7.43849426498855e-15,"Potassium_RF-PCA","Copper_PLS","Potassium","Copper","RF-PCA","PLS"
"Potassium_DL - Copper_PLS",7.43849426498855e-15,"Potassium_DL","Copper_PLS","Potassium","Copper","DL","PLS"
"Potassium_XGB-PCA - Copper_PLS",7.43849426498855e-15,"Potassium_XGB-PCA","Copper_PLS","Potassium","Copper","XGB-PCA","PLS"
"Nitrate-N_DL - Copper_PLS",7.43849426498855e-15,"Nitrate-N_DL","Copper_PLS","Nitrate-N","Copper","DL","PLS"
"Zinc_RF-PCA - Copper_DL",1.59353543036644e-05,"Zinc_RF-PCA","Copper_DL","Zinc","Copper","RF-PCA","DL"
"Iron_DL - Copper_DL",1.03392221042498e-05,"Iron_DL","Copper_DL","Iron","Copper","DL","DL"
"Iron_XGB-PCA - Copper_DL",5.43575311429123e-08,"Iron_XGB-PCA","Copper_DL","Iron","Copper","XGB-PCA","DL"
"Iron_PLS - Copper_DL",3.56422098501952e-08,"Iron_PLS","Copper_DL","Iron","Copper","PLS","DL"
"Zinc_PLS - Copper_DL",3.50265845217024e-08,"Zinc_PLS","Copper_DL","Zinc","Copper","PLS","DL"
"Zinc_XGB-PCA - Copper_DL",4.21508605796816e-09,"Zinc_XGB-PCA","Copper_DL","Zinc","Copper","XGB-PCA","DL"
"Iron_RF-PCA - Copper_DL",2.9307178905924e-10,"Iron_RF-PCA","Copper_DL","Iron","Copper","RF-PCA","DL"
"Manganese_RF-PCA - Copper_DL",1.38965505769306e-10,"Manganese_RF-PCA","Copper_DL","Manganese","Copper","RF-PCA","DL"
"Manganese_PLS - Copper_DL",2.01998417992399e-11,"Manganese_PLS","Copper_DL","Manganese","Copper","PLS","DL"
"Manganese_XGB-PCA - Copper_DL",1.92801330456405e-12,"Manganese_XGB-PCA","Copper_DL","Manganese","Copper","XGB-PCA","DL"
"Zinc_DL - Copper_DL",1.42175160533498e-12,"Zinc_DL","Copper_DL","Zinc","Copper","DL","DL"
"Manganese_DL - Copper_DL",5.25135490647699e-13,"Manganese_DL","Copper_DL","Manganese","Copper","DL","DL"
"pH_RF-PCA - Copper_DL",3.0275781881528e-13,"pH_RF-PCA","Copper_DL","pH","Copper","RF-PCA","DL"
"pH_XGB-PCA - Copper_DL",1.23234755733392e-14,"pH_XGB-PCA","Copper_DL","pH","Copper","XGB-PCA","DL"
"pH_PLS - Copper_DL",7.43849426498855e-15,"pH_PLS","Copper_DL","pH","Copper","PLS","DL"
"pH_DL - Copper_DL",7.43849426498855e-15,"pH_DL","Copper_DL","pH","Copper","DL","DL"
"Ammonium-N_PLS - Copper_DL",7.43849426498855e-15,"Ammonium-N_PLS","Copper_DL","Ammonium-N","Copper","PLS","DL"
"Ammonium-N_RF-PCA - Copper_DL",7.43849426498855e-15,"Ammonium-N_RF-PCA","Copper_DL","Ammonium-N","Copper","RF-PCA","DL"
"Ammonium-N_DL - Copper_DL",7.43849426498855e-15,"Ammonium-N_DL","Copper_DL","Ammonium-N","Copper","DL","DL"
"Ammonium-N_XGB-PCA - Copper_DL",7.43849426498855e-15,"Ammonium-N_XGB-PCA","Copper_DL","Ammonium-N","Copper","XGB-PCA","DL"
"Magnesium_PLS - Copper_DL",7.43849426498855e-15,"Magnesium_PLS","Copper_DL","Magnesium","Copper","PLS","DL"
"Magnesium_XGB-PCA - Copper_DL",7.43849426498855e-15,"Magnesium_XGB-PCA","Copper_DL","Magnesium","Copper","XGB-PCA","DL"
"Magnesium_DL - Copper_DL",7.43849426498855e-15,"Magnesium_DL","Copper_DL","Magnesium","Copper","DL","DL"
"Magnesium_RF-PCA - Copper_DL",7.43849426498855e-15,"Magnesium_RF-PCA","Copper_DL","Magnesium","Copper","RF-PCA","DL"
"Phosphorus_RF-PCA - Copper_DL",7.43849426498855e-15,"Phosphorus_RF-PCA","Copper_DL","Phosphorus","Copper","RF-PCA","DL"
"Phosphorus_PLS - Copper_DL",7.43849426498855e-15,"Phosphorus_PLS","Copper_DL","Phosphorus","Copper","PLS","DL"
"Phosphorus_XGB-PCA - Copper_DL",7.43849426498855e-15,"Phosphorus_XGB-PCA","Copper_DL","Phosphorus","Copper","XGB-PCA","DL"
"Calcium_XGB-PCA - Copper_DL",7.43849426498855e-15,"Calcium_XGB-PCA","Copper_DL","Calcium","Copper","XGB-PCA","DL"
"Calcium_PLS - Copper_DL",7.43849426498855e-15,"Calcium_PLS","Copper_DL","Calcium","Copper","PLS","DL"
"Phosphorus_DL - Copper_DL",7.43849426498855e-15,"Phosphorus_DL","Copper_DL","Phosphorus","Copper","DL","DL"
"Calcium_RF-PCA - Copper_DL",7.43849426498855e-15,"Calcium_RF-PCA","Copper_DL","Calcium","Copper","RF-PCA","DL"
"Calcium_DL - Copper_DL",7.43849426498855e-15,"Calcium_DL","Copper_DL","Calcium","Copper","DL","DL"
"Sulfate_PLS - Copper_DL",7.43849426498855e-15,"Sulfate_PLS","Copper_DL","Sulfate","Copper","PLS","DL"
"Sulfate_XGB-PCA - Copper_DL",7.43849426498855e-15,"Sulfate_XGB-PCA","Copper_DL","Sulfate","Copper","XGB-PCA","DL"
"Sulfate_DL - Copper_DL",7.43849426498855e-15,"Sulfate_DL","Copper_DL","Sulfate","Copper","DL","DL"
"Sulfate_RF-PCA - Copper_DL",7.43849426498855e-15,"Sulfate_RF-PCA","Copper_DL","Sulfate","Copper","RF-PCA","DL"
"Nitrate-N_RF-PCA - Copper_DL",7.43849426498855e-15,"Nitrate-N_RF-PCA","Copper_DL","Nitrate-N","Copper","RF-PCA","DL"
"Nitrate-N_XGB-PCA - Copper_DL",7.43849426498855e-15,"Nitrate-N_XGB-PCA","Copper_DL","Nitrate-N","Copper","XGB-PCA","DL"
"Potassium_PLS - Copper_DL",7.43849426498855e-15,"Potassium_PLS","Copper_DL","Potassium","Copper","PLS","DL"
"Nitrate-N_PLS - Copper_DL",7.43849426498855e-15,"Nitrate-N_PLS","Copper_DL","Nitrate-N","Copper","PLS","DL"
"Potassium_RF-PCA - Copper_DL",7.43849426498855e-15,"Potassium_RF-PCA","Copper_DL","Potassium","Copper","RF-PCA","DL"
"Potassium_DL - Copper_DL",7.43849426498855e-15,"Potassium_DL","Copper_DL","Potassium","Copper","DL","DL"
"Potassium_XGB-PCA - Copper_DL",7.43849426498855e-15,"Potassium_XGB-PCA","Copper_DL","Potassium","Copper","XGB-PCA","DL"
"Nitrate-N_DL - Copper_DL",7.43849426498855e-15,"Nitrate-N_DL","Copper_DL","Nitrate-N","Copper","DL","DL"
"Iron_DL - Zinc_RF-PCA",1,"Iron_DL","Zinc_RF-PCA","Iron","Zinc","DL","RF-PCA"
"Iron_XGB-PCA - Zinc_RF-PCA",1,"Iron_XGB-PCA","Zinc_RF-PCA","Iron","Zinc","XGB-PCA","RF-PCA"
"Iron_PLS - Zinc_RF-PCA",1,"Iron_PLS","Zinc_RF-PCA","Iron","Zinc","PLS","RF-PCA"
"Zinc_PLS - Zinc_RF-PCA",1,"Zinc_PLS","Zinc_RF-PCA","Zinc","Zinc","PLS","RF-PCA"
"Zinc_XGB-PCA - Zinc_RF-PCA",0.999999999725079,"Zinc_XGB-PCA","Zinc_RF-PCA","Zinc","Zinc","XGB-PCA","RF-PCA"
"Iron_RF-PCA - Zinc_RF-PCA",0.999997226095839,"Iron_RF-PCA","Zinc_RF-PCA","Iron","Zinc","RF-PCA","RF-PCA"
"Manganese_RF-PCA - Zinc_RF-PCA",0.999982538280591,"Manganese_RF-PCA","Zinc_RF-PCA","Manganese","Zinc","RF-PCA","RF-PCA"
"Manganese_PLS - Zinc_RF-PCA",0.999271372405823,"Manganese_PLS","Zinc_RF-PCA","Manganese","Zinc","PLS","RF-PCA"
"Manganese_XGB-PCA - Zinc_RF-PCA",0.97951162490118,"Manganese_XGB-PCA","Zinc_RF-PCA","Manganese","Zinc","XGB-PCA","RF-PCA"
"Zinc_DL - Zinc_RF-PCA",0.968646175472679,"Zinc_DL","Zinc_RF-PCA","Zinc","Zinc","DL","RF-PCA"
"Manganese_DL - Zinc_RF-PCA",0.09505754705014,"Manganese_DL","Zinc_RF-PCA","Manganese","Zinc","DL","RF-PCA"
"pH_RF-PCA - Zinc_RF-PCA",0.000195624808560502,"pH_RF-PCA","Zinc_RF-PCA","pH","Zinc","RF-PCA","RF-PCA"
"pH_XGB-PCA - Zinc_RF-PCA",4.08891230829767e-06,"pH_XGB-PCA","Zinc_RF-PCA","pH","Zinc","XGB-PCA","RF-PCA"
"pH_PLS - Zinc_RF-PCA",5.14478065705148e-08,"pH_PLS","Zinc_RF-PCA","pH","Zinc","PLS","RF-PCA"
"pH_DL - Zinc_RF-PCA",2.11921591386499e-11,"pH_DL","Zinc_RF-PCA","pH","Zinc","DL","RF-PCA"
"Ammonium-N_PLS - Zinc_RF-PCA",7.43849426498855e-15,"Ammonium-N_PLS","Zinc_RF-PCA","Ammonium-N","Zinc","PLS","RF-PCA"
"Ammonium-N_RF-PCA - Zinc_RF-PCA",7.43849426498855e-15,"Ammonium-N_RF-PCA","Zinc_RF-PCA","Ammonium-N","Zinc","RF-PCA","RF-PCA"
"Ammonium-N_DL - Zinc_RF-PCA",7.43849426498855e-15,"Ammonium-N_DL","Zinc_RF-PCA","Ammonium-N","Zinc","DL","RF-PCA"
"Ammonium-N_XGB-PCA - Zinc_RF-PCA",7.43849426498855e-15,"Ammonium-N_XGB-PCA","Zinc_RF-PCA","Ammonium-N","Zinc","XGB-PCA","RF-PCA"
"Magnesium_PLS - Zinc_RF-PCA",7.43849426498855e-15,"Magnesium_PLS","Zinc_RF-PCA","Magnesium","Zinc","PLS","RF-PCA"
"Magnesium_XGB-PCA - Zinc_RF-PCA",7.43849426498855e-15,"Magnesium_XGB-PCA","Zinc_RF-PCA","Magnesium","Zinc","XGB-PCA","RF-PCA"
"Magnesium_DL - Zinc_RF-PCA",7.43849426498855e-15,"Magnesium_DL","Zinc_RF-PCA","Magnesium","Zinc","DL","RF-PCA"
"Magnesium_RF-PCA - Zinc_RF-PCA",7.43849426498855e-15,"Magnesium_RF-PCA","Zinc_RF-PCA","Magnesium","Zinc","RF-PCA","RF-PCA"
"Phosphorus_RF-PCA - Zinc_RF-PCA",7.43849426498855e-15,"Phosphorus_RF-PCA","Zinc_RF-PCA","Phosphorus","Zinc","RF-PCA","RF-PCA"
"Phosphorus_PLS - Zinc_RF-PCA",7.43849426498855e-15,"Phosphorus_PLS","Zinc_RF-PCA","Phosphorus","Zinc","PLS","RF-PCA"
"Phosphorus_XGB-PCA - Zinc_RF-PCA",7.43849426498855e-15,"Phosphorus_XGB-PCA","Zinc_RF-PCA","Phosphorus","Zinc","XGB-PCA","RF-PCA"
"Calcium_XGB-PCA - Zinc_RF-PCA",7.43849426498855e-15,"Calcium_XGB-PCA","Zinc_RF-PCA","Calcium","Zinc","XGB-PCA","RF-PCA"
"Calcium_PLS - Zinc_RF-PCA",7.43849426498855e-15,"Calcium_PLS","Zinc_RF-PCA","Calcium","Zinc","PLS","RF-PCA"
"Phosphorus_DL - Zinc_RF-PCA",7.43849426498855e-15,"Phosphorus_DL","Zinc_RF-PCA","Phosphorus","Zinc","DL","RF-PCA"
"Calcium_RF-PCA - Zinc_RF-PCA",7.43849426498855e-15,"Calcium_RF-PCA","Zinc_RF-PCA","Calcium","Zinc","RF-PCA","RF-PCA"
"Calcium_DL - Zinc_RF-PCA",7.43849426498855e-15,"Calcium_DL","Zinc_RF-PCA","Calcium","Zinc","DL","RF-PCA"
"Sulfate_PLS - Zinc_RF-PCA",7.43849426498855e-15,"Sulfate_PLS","Zinc_RF-PCA","Sulfate","Zinc","PLS","RF-PCA"
"Sulfate_XGB-PCA - Zinc_RF-PCA",7.43849426498855e-15,"Sulfate_XGB-PCA","Zinc_RF-PCA","Sulfate","Zinc","XGB-PCA","RF-PCA"
"Sulfate_DL - Zinc_RF-PCA",7.43849426498855e-15,"Sulfate_DL","Zinc_RF-PCA","Sulfate","Zinc","DL","RF-PCA"
"Sulfate_RF-PCA - Zinc_RF-PCA",7.43849426498855e-15,"Sulfate_RF-PCA","Zinc_RF-PCA","Sulfate","Zinc","RF-PCA","RF-PCA"
"Nitrate-N_RF-PCA - Zinc_RF-PCA",7.43849426498855e-15,"Nitrate-N_RF-PCA","Zinc_RF-PCA","Nitrate-N","Zinc","RF-PCA","RF-PCA"
"Nitrate-N_XGB-PCA - Zinc_RF-PCA",7.43849426498855e-15,"Nitrate-N_XGB-PCA","Zinc_RF-PCA","Nitrate-N","Zinc","XGB-PCA","RF-PCA"
"Potassium_PLS - Zinc_RF-PCA",7.43849426498855e-15,"Potassium_PLS","Zinc_RF-PCA","Potassium","Zinc","PLS","RF-PCA"
"Nitrate-N_PLS - Zinc_RF-PCA",7.43849426498855e-15,"Nitrate-N_PLS","Zinc_RF-PCA","Nitrate-N","Zinc","PLS","RF-PCA"
"Potassium_RF-PCA - Zinc_RF-PCA",7.43849426498855e-15,"Potassium_RF-PCA","Zinc_RF-PCA","Potassium","Zinc","RF-PCA","RF-PCA"
"Potassium_DL - Zinc_RF-PCA",7.43849426498855e-15,"Potassium_DL","Zinc_RF-PCA","Potassium","Zinc","DL","RF-PCA"
"Potassium_XGB-PCA - Zinc_RF-PCA",7.43849426498855e-15,"Potassium_XGB-PCA","Zinc_RF-PCA","Potassium","Zinc","XGB-PCA","RF-PCA"
"Nitrate-N_DL - Zinc_RF-PCA",7.43849426498855e-15,"Nitrate-N_DL","Zinc_RF-PCA","Nitrate-N","Zinc","DL","RF-PCA"
"Iron_XGB-PCA - Iron_DL",1,"Iron_XGB-PCA","Iron_DL","Iron","Iron","XGB-PCA","DL"
"Iron_PLS - Iron_DL",1,"Iron_PLS","Iron_DL","Iron","Iron","PLS","DL"
"Zinc_PLS - Iron_DL",1,"Zinc_PLS","Iron_DL","Zinc","Iron","PLS","DL"
"Zinc_XGB-PCA - Iron_DL",0.999999999975788,"Zinc_XGB-PCA","Iron_DL","Zinc","Iron","XGB-PCA","DL"
"Iron_RF-PCA - Iron_DL",0.99999938639894,"Iron_RF-PCA","Iron_DL","Iron","Iron","RF-PCA","DL"
"Manganese_RF-PCA - Iron_DL",0.999995356281325,"Manganese_RF-PCA","Iron_DL","Manganese","Iron","RF-PCA","DL"
"Manganese_PLS - Iron_DL",0.99971560552626,"Manganese_PLS","Iron_DL","Manganese","Iron","PLS","DL"
"Manganese_XGB-PCA - Iron_DL",0.988435752715741,"Manganese_XGB-PCA","Iron_DL","Manganese","Iron","XGB-PCA","DL"
"Zinc_DL - Iron_DL",0.981386915221175,"Zinc_DL","Iron_DL","Zinc","Iron","DL","DL"
"Manganese_DL - Iron_DL",0.120575024371635,"Manganese_DL","Iron_DL","Manganese","Iron","DL","DL"
"pH_RF-PCA - Iron_DL",0.00028917363930292,"pH_RF-PCA","Iron_DL","pH","Iron","RF-PCA","DL"
"pH_XGB-PCA - Iron_DL",6.37584178853068e-06,"pH_XGB-PCA","Iron_DL","pH","Iron","XGB-PCA","DL"
"pH_PLS - Iron_DL",8.42272039891512e-08,"pH_PLS","Iron_DL","pH","Iron","PLS","DL"
"pH_DL - Iron_DL",3.6809666426052e-11,"pH_DL","Iron_DL","pH","Iron","DL","DL"
"Ammonium-N_PLS - Iron_DL",7.43849426498855e-15,"Ammonium-N_PLS","Iron_DL","Ammonium-N","Iron","PLS","DL"
"Ammonium-N_RF-PCA - Iron_DL",7.43849426498855e-15,"Ammonium-N_RF-PCA","Iron_DL","Ammonium-N","Iron","RF-PCA","DL"
"Ammonium-N_DL - Iron_DL",7.43849426498855e-15,"Ammonium-N_DL","Iron_DL","Ammonium-N","Iron","DL","DL"
"Ammonium-N_XGB-PCA - Iron_DL",7.43849426498855e-15,"Ammonium-N_XGB-PCA","Iron_DL","Ammonium-N","Iron","XGB-PCA","DL"
"Magnesium_PLS - Iron_DL",7.43849426498855e-15,"Magnesium_PLS","Iron_DL","Magnesium","Iron","PLS","DL"
"Magnesium_XGB-PCA - Iron_DL",7.43849426498855e-15,"Magnesium_XGB-PCA","Iron_DL","Magnesium","Iron","XGB-PCA","DL"
"Magnesium_DL - Iron_DL",7.43849426498855e-15,"Magnesium_DL","Iron_DL","Magnesium","Iron","DL","DL"
"Magnesium_RF-PCA - Iron_DL",7.43849426498855e-15,"Magnesium_RF-PCA","Iron_DL","Magnesium","Iron","RF-PCA","DL"
"Phosphorus_RF-PCA - Iron_DL",7.43849426498855e-15,"Phosphorus_RF-PCA","Iron_DL","Phosphorus","Iron","RF-PCA","DL"
"Phosphorus_PLS - Iron_DL",7.43849426498855e-15,"Phosphorus_PLS","Iron_DL","Phosphorus","Iron","PLS","DL"
"Phosphorus_XGB-PCA - Iron_DL",7.43849426498855e-15,"Phosphorus_XGB-PCA","Iron_DL","Phosphorus","Iron","XGB-PCA","DL"
"Calcium_XGB-PCA - Iron_DL",7.43849426498855e-15,"Calcium_XGB-PCA","Iron_DL","Calcium","Iron","XGB-PCA","DL"
"Calcium_PLS - Iron_DL",7.43849426498855e-15,"Calcium_PLS","Iron_DL","Calcium","Iron","PLS","DL"
"Phosphorus_DL - Iron_DL",7.43849426498855e-15,"Phosphorus_DL","Iron_DL","Phosphorus","Iron","DL","DL"
"Calcium_RF-PCA - Iron_DL",7.43849426498855e-15,"Calcium_RF-PCA","Iron_DL","Calcium","Iron","RF-PCA","DL"
"Calcium_DL - Iron_DL",7.43849426498855e-15,"Calcium_DL","Iron_DL","Calcium","Iron","DL","DL"
"Sulfate_PLS - Iron_DL",7.43849426498855e-15,"Sulfate_PLS","Iron_DL","Sulfate","Iron","PLS","DL"
"Sulfate_XGB-PCA - Iron_DL",7.43849426498855e-15,"Sulfate_XGB-PCA","Iron_DL","Sulfate","Iron","XGB-PCA","DL"
"Sulfate_DL - Iron_DL",7.43849426498855e-15,"Sulfate_DL","Iron_DL","Sulfate","Iron","DL","DL"
"Sulfate_RF-PCA - Iron_DL",7.43849426498855e-15,"Sulfate_RF-PCA","Iron_DL","Sulfate","Iron","RF-PCA","DL"
"Nitrate-N_RF-PCA - Iron_DL",7.43849426498855e-15,"Nitrate-N_RF-PCA","Iron_DL","Nitrate-N","Iron","RF-PCA","DL"
"Nitrate-N_XGB-PCA - Iron_DL",7.43849426498855e-15,"Nitrate-N_XGB-PCA","Iron_DL","Nitrate-N","Iron","XGB-PCA","DL"
"Potassium_PLS - Iron_DL",7.43849426498855e-15,"Potassium_PLS","Iron_DL","Potassium","Iron","PLS","DL"
"Nitrate-N_PLS - Iron_DL",7.43849426498855e-15,"Nitrate-N_PLS","Iron_DL","Nitrate-N","Iron","PLS","DL"
"Potassium_RF-PCA - Iron_DL",7.43849426498855e-15,"Potassium_RF-PCA","Iron_DL","Potassium","Iron","RF-PCA","DL"
"Potassium_DL - Iron_DL",7.43849426498855e-15,"Potassium_DL","Iron_DL","Potassium","Iron","DL","DL"
"Potassium_XGB-PCA - Iron_DL",7.43849426498855e-15,"Potassium_XGB-PCA","Iron_DL","Potassium","Iron","XGB-PCA","DL"
"Nitrate-N_DL - Iron_DL",7.43849426498855e-15,"Nitrate-N_DL","Iron_DL","Nitrate-N","Iron","DL","DL"
"Iron_PLS - Iron_XGB-PCA",1,"Iron_PLS","Iron_XGB-PCA","Iron","Iron","PLS","XGB-PCA"
"Zinc_PLS - Iron_XGB-PCA",1,"Zinc_PLS","Iron_XGB-PCA","Zinc","Iron","PLS","XGB-PCA"
"Zinc_XGB-PCA - Iron_XGB-PCA",1,"Zinc_XGB-PCA","Iron_XGB-PCA","Zinc","Iron","XGB-PCA","XGB-PCA"
"Iron_RF-PCA - Iron_XGB-PCA",1,"Iron_RF-PCA","Iron_XGB-PCA","Iron","Iron","RF-PCA","XGB-PCA"
"Manganese_RF-PCA - Iron_XGB-PCA",1,"Manganese_RF-PCA","Iron_XGB-PCA","Manganese","Iron","RF-PCA","XGB-PCA"
"Manganese_PLS - Iron_XGB-PCA",1,"Manganese_PLS","Iron_XGB-PCA","Manganese","Iron","PLS","XGB-PCA"
"Manganese_XGB-PCA - Iron_XGB-PCA",0.999999966052509,"Manganese_XGB-PCA","Iron_XGB-PCA","Manganese","Iron","XGB-PCA","XGB-PCA"
"Zinc_DL - Iron_XGB-PCA",0.999999852240822,"Zinc_DL","Iron_XGB-PCA","Zinc","Iron","DL","XGB-PCA"
"Manganese_DL - Iron_XGB-PCA",0.734166838827913,"Manganese_DL","Iron_XGB-PCA","Manganese","Iron","DL","XGB-PCA"
"pH_RF-PCA - Iron_XGB-PCA",0.014796730395128,"pH_RF-PCA","Iron_XGB-PCA","pH","Iron","RF-PCA","XGB-PCA"
"pH_XGB-PCA - Iron_XGB-PCA",0.00063974867012484,"pH_XGB-PCA","Iron_XGB-PCA","pH","Iron","XGB-PCA","XGB-PCA"
"pH_PLS - Iron_XGB-PCA",1.51918254117644e-05,"pH_PLS","Iron_XGB-PCA","pH","Iron","PLS","XGB-PCA"
"pH_DL - Iron_XGB-PCA",1.51752530541671e-08,"pH_DL","Iron_XGB-PCA","pH","Iron","DL","XGB-PCA"
"Ammonium-N_PLS - Iron_XGB-PCA",7.43849426498855e-15,"Ammonium-N_PLS","Iron_XGB-PCA","Ammonium-N","Iron","PLS","XGB-PCA"
"Ammonium-N_RF-PCA - Iron_XGB-PCA",7.43849426498855e-15,"Ammonium-N_RF-PCA","Iron_XGB-PCA","Ammonium-N","Iron","RF-PCA","XGB-PCA"
"Ammonium-N_DL - Iron_XGB-PCA",7.43849426498855e-15,"Ammonium-N_DL","Iron_XGB-PCA","Ammonium-N","Iron","DL","XGB-PCA"
"Ammonium-N_XGB-PCA - Iron_XGB-PCA",7.43849426498855e-15,"Ammonium-N_XGB-PCA","Iron_XGB-PCA","Ammonium-N","Iron","XGB-PCA","XGB-PCA"
"Magnesium_PLS - Iron_XGB-PCA",7.43849426498855e-15,"Magnesium_PLS","Iron_XGB-PCA","Magnesium","Iron","PLS","XGB-PCA"
"Magnesium_XGB-PCA - Iron_XGB-PCA",7.43849426498855e-15,"Magnesium_XGB-PCA","Iron_XGB-PCA","Magnesium","Iron","XGB-PCA","XGB-PCA"
"Magnesium_DL - Iron_XGB-PCA",7.43849426498855e-15,"Magnesium_DL","Iron_XGB-PCA","Magnesium","Iron","DL","XGB-PCA"
"Magnesium_RF-PCA - Iron_XGB-PCA",7.43849426498855e-15,"Magnesium_RF-PCA","Iron_XGB-PCA","Magnesium","Iron","RF-PCA","XGB-PCA"
"Phosphorus_RF-PCA - Iron_XGB-PCA",7.43849426498855e-15,"Phosphorus_RF-PCA","Iron_XGB-PCA","Phosphorus","Iron","RF-PCA","XGB-PCA"
"Phosphorus_PLS - Iron_XGB-PCA",7.43849426498855e-15,"Phosphorus_PLS","Iron_XGB-PCA","Phosphorus","Iron","PLS","XGB-PCA"
"Phosphorus_XGB-PCA - Iron_XGB-PCA",7.43849426498855e-15,"Phosphorus_XGB-PCA","Iron_XGB-PCA","Phosphorus","Iron","XGB-PCA","XGB-PCA"
"Calcium_XGB-PCA - Iron_XGB-PCA",7.43849426498855e-15,"Calcium_XGB-PCA","Iron_XGB-PCA","Calcium","Iron","XGB-PCA","XGB-PCA"
"Calcium_PLS - Iron_XGB-PCA",7.43849426498855e-15,"Calcium_PLS","Iron_XGB-PCA","Calcium","Iron","PLS","XGB-PCA"
"Phosphorus_DL - Iron_XGB-PCA",7.43849426498855e-15,"Phosphorus_DL","Iron_XGB-PCA","Phosphorus","Iron","DL","XGB-PCA"
"Calcium_RF-PCA - Iron_XGB-PCA",7.43849426498855e-15,"Calcium_RF-PCA","Iron_XGB-PCA","Calcium","Iron","RF-PCA","XGB-PCA"
"Calcium_DL - Iron_XGB-PCA",7.43849426498855e-15,"Calcium_DL","Iron_XGB-PCA","Calcium","Iron","DL","XGB-PCA"
"Sulfate_PLS - Iron_XGB-PCA",7.43849426498855e-15,"Sulfate_PLS","Iron_XGB-PCA","Sulfate","Iron","PLS","XGB-PCA"
"Sulfate_XGB-PCA - Iron_XGB-PCA",7.43849426498855e-15,"Sulfate_XGB-PCA","Iron_XGB-PCA","Sulfate","Iron","XGB-PCA","XGB-PCA"
"Sulfate_DL - Iron_XGB-PCA",7.43849426498855e-15,"Sulfate_DL","Iron_XGB-PCA","Sulfate","Iron","DL","XGB-PCA"
"Sulfate_RF-PCA - Iron_XGB-PCA",7.43849426498855e-15,"Sulfate_RF-PCA","Iron_XGB-PCA","Sulfate","Iron","RF-PCA","XGB-PCA"
"Nitrate-N_RF-PCA - Iron_XGB-PCA",7.43849426498855e-15,"Nitrate-N_RF-PCA","Iron_XGB-PCA","Nitrate-N","Iron","RF-PCA","XGB-PCA"
"Nitrate-N_XGB-PCA - Iron_XGB-PCA",7.43849426498855e-15,"Nitrate-N_XGB-PCA","Iron_XGB-PCA","Nitrate-N","Iron","XGB-PCA","XGB-PCA"
"Potassium_PLS - Iron_XGB-PCA",7.43849426498855e-15,"Potassium_PLS","Iron_XGB-PCA","Potassium","Iron","PLS","XGB-PCA"
"Nitrate-N_PLS - Iron_XGB-PCA",7.43849426498855e-15,"Nitrate-N_PLS","Iron_XGB-PCA","Nitrate-N","Iron","PLS","XGB-PCA"
"Potassium_RF-PCA - Iron_XGB-PCA",7.43849426498855e-15,"Potassium_RF-PCA","Iron_XGB-PCA","Potassium","Iron","RF-PCA","XGB-PCA"
"Potassium_DL - Iron_XGB-PCA",7.43849426498855e-15,"Potassium_DL","Iron_XGB-PCA","Potassium","Iron","DL","XGB-PCA"
"Potassium_XGB-PCA - Iron_XGB-PCA",7.43849426498855e-15,"Potassium_XGB-PCA","Iron_XGB-PCA","Potassium","Iron","XGB-PCA","XGB-PCA"
"Nitrate-N_DL - Iron_XGB-PCA",7.43849426498855e-15,"Nitrate-N_DL","Iron_XGB-PCA","Nitrate-N","Iron","DL","XGB-PCA"
"Zinc_PLS - Iron_PLS",1,"Zinc_PLS","Iron_PLS","Zinc","Iron","PLS","PLS"
"Zinc_XGB-PCA - Iron_PLS",1,"Zinc_XGB-PCA","Iron_PLS","Zinc","Iron","XGB-PCA","PLS"
"Iron_RF-PCA - Iron_PLS",1,"Iron_RF-PCA","Iron_PLS","Iron","Iron","RF-PCA","PLS"
"Manganese_RF-PCA - Iron_PLS",1,"Manganese_RF-PCA","Iron_PLS","Manganese","Iron","RF-PCA","PLS"
"Manganese_PLS - Iron_PLS",1,"Manganese_PLS","Iron_PLS","Manganese","Iron","PLS","PLS"
"Manganese_XGB-PCA - Iron_PLS",0.999999993413079,"Manganese_XGB-PCA","Iron_PLS","Manganese","Iron","XGB-PCA","PLS"
"Zinc_DL - Iron_PLS",0.999999967585656,"Zinc_DL","Iron_PLS","Zinc","Iron","DL","PLS"
"Manganese_DL - Iron_PLS",0.783203424407045,"Manganese_DL","Iron_PLS","Manganese","Iron","DL","PLS"
"pH_RF-PCA - Iron_PLS",0.0191411678374475,"pH_RF-PCA","Iron_PLS","pH","Iron","RF-PCA","PLS"
"pH_XGB-PCA - Iron_PLS",0.000877014001851029,"pH_XGB-PCA","Iron_PLS","pH","Iron","XGB-PCA","PLS"
"pH_PLS - Iron_PLS",2.1849518351047e-05,"pH_PLS","Iron_PLS","pH","Iron","PLS","PLS"
"pH_DL - Iron_PLS",2.33115702297226e-08,"pH_DL","Iron_PLS","pH","Iron","DL","PLS"
"Ammonium-N_PLS - Iron_PLS",7.43849426498855e-15,"Ammonium-N_PLS","Iron_PLS","Ammonium-N","Iron","PLS","PLS"
"Ammonium-N_RF-PCA - Iron_PLS",7.43849426498855e-15,"Ammonium-N_RF-PCA","Iron_PLS","Ammonium-N","Iron","RF-PCA","PLS"
"Ammonium-N_DL - Iron_PLS",7.43849426498855e-15,"Ammonium-N_DL","Iron_PLS","Ammonium-N","Iron","DL","PLS"
"Ammonium-N_XGB-PCA - Iron_PLS",7.43849426498855e-15,"Ammonium-N_XGB-PCA","Iron_PLS","Ammonium-N","Iron","XGB-PCA","PLS"
"Magnesium_PLS - Iron_PLS",7.43849426498855e-15,"Magnesium_PLS","Iron_PLS","Magnesium","Iron","PLS","PLS"
"Magnesium_XGB-PCA - Iron_PLS",7.43849426498855e-15,"Magnesium_XGB-PCA","Iron_PLS","Magnesium","Iron","XGB-PCA","PLS"
"Magnesium_DL - Iron_PLS",7.43849426498855e-15,"Magnesium_DL","Iron_PLS","Magnesium","Iron","DL","PLS"
"Magnesium_RF-PCA - Iron_PLS",7.43849426498855e-15,"Magnesium_RF-PCA","Iron_PLS","Magnesium","Iron","RF-PCA","PLS"
"Phosphorus_RF-PCA - Iron_PLS",7.43849426498855e-15,"Phosphorus_RF-PCA","Iron_PLS","Phosphorus","Iron","RF-PCA","PLS"
"Phosphorus_PLS - Iron_PLS",7.43849426498855e-15,"Phosphorus_PLS","Iron_PLS","Phosphorus","Iron","PLS","PLS"
"Phosphorus_XGB-PCA - Iron_PLS",7.43849426498855e-15,"Phosphorus_XGB-PCA","Iron_PLS","Phosphorus","Iron","XGB-PCA","PLS"
"Calcium_XGB-PCA - Iron_PLS",7.43849426498855e-15,"Calcium_XGB-PCA","Iron_PLS","Calcium","Iron","XGB-PCA","PLS"
"Calcium_PLS - Iron_PLS",7.43849426498855e-15,"Calcium_PLS","Iron_PLS","Calcium","Iron","PLS","PLS"
"Phosphorus_DL - Iron_PLS",7.43849426498855e-15,"Phosphorus_DL","Iron_PLS","Phosphorus","Iron","DL","PLS"
"Calcium_RF-PCA - Iron_PLS",7.43849426498855e-15,"Calcium_RF-PCA","Iron_PLS","Calcium","Iron","RF-PCA","PLS"
"Calcium_DL - Iron_PLS",7.43849426498855e-15,"Calcium_DL","Iron_PLS","Calcium","Iron","DL","PLS"
"Sulfate_PLS - Iron_PLS",7.43849426498855e-15,"Sulfate_PLS","Iron_PLS","Sulfate","Iron","PLS","PLS"
"Sulfate_XGB-PCA - Iron_PLS",7.43849426498855e-15,"Sulfate_XGB-PCA","Iron_PLS","Sulfate","Iron","XGB-PCA","PLS"
"Sulfate_DL - Iron_PLS",7.43849426498855e-15,"Sulfate_DL","Iron_PLS","Sulfate","Iron","DL","PLS"
"Sulfate_RF-PCA - Iron_PLS",7.43849426498855e-15,"Sulfate_RF-PCA","Iron_PLS","Sulfate","Iron","RF-PCA","PLS"
"Nitrate-N_RF-PCA - Iron_PLS",7.43849426498855e-15,"Nitrate-N_RF-PCA","Iron_PLS","Nitrate-N","Iron","RF-PCA","PLS"
"Nitrate-N_XGB-PCA - Iron_PLS",7.43849426498855e-15,"Nitrate-N_XGB-PCA","Iron_PLS","Nitrate-N","Iron","XGB-PCA","PLS"
"Potassium_PLS - Iron_PLS",7.43849426498855e-15,"Potassium_PLS","Iron_PLS","Potassium","Iron","PLS","PLS"
"Nitrate-N_PLS - Iron_PLS",7.43849426498855e-15,"Nitrate-N_PLS","Iron_PLS","Nitrate-N","Iron","PLS","PLS"
"Potassium_RF-PCA - Iron_PLS",7.43849426498855e-15,"Potassium_RF-PCA","Iron_PLS","Potassium","Iron","RF-PCA","PLS"
"Potassium_DL - Iron_PLS",7.43849426498855e-15,"Potassium_DL","Iron_PLS","Potassium","Iron","DL","PLS"
"Potassium_XGB-PCA - Iron_PLS",7.43849426498855e-15,"Potassium_XGB-PCA","Iron_PLS","Potassium","Iron","XGB-PCA","PLS"
"Nitrate-N_DL - Iron_PLS",7.43849426498855e-15,"Nitrate-N_DL","Iron_PLS","Nitrate-N","Iron","DL","PLS"
"Zinc_XGB-PCA - Zinc_PLS",1,"Zinc_XGB-PCA","Zinc_PLS","Zinc","Zinc","XGB-PCA","PLS"
"Iron_RF-PCA - Zinc_PLS",1,"Iron_RF-PCA","Zinc_PLS","Iron","Zinc","RF-PCA","PLS"
"Manganese_RF-PCA - Zinc_PLS",1,"Manganese_RF-PCA","Zinc_PLS","Manganese","Zinc","RF-PCA","PLS"
"Manganese_PLS - Zinc_PLS",1,"Manganese_PLS","Zinc_PLS","Manganese","Zinc","PLS","PLS"
"Manganese_XGB-PCA - Zinc_PLS",0.999999993859894,"Manganese_XGB-PCA","Zinc_PLS","Manganese","Zinc","XGB-PCA","PLS"
"Zinc_DL - Zinc_PLS",0.999999969625063,"Zinc_DL","Zinc_PLS","Zinc","Zinc","DL","PLS"
"Manganese_DL - Zinc_PLS",0.785123372239643,"Manganese_DL","Zinc_PLS","Manganese","Zinc","DL","PLS"
"pH_RF-PCA - Zinc_PLS",0.0193422182693599,"pH_RF-PCA","Zinc_PLS","pH","Zinc","RF-PCA","PLS"
"pH_XGB-PCA - Zinc_PLS",0.000888366889922332,"pH_XGB-PCA","Zinc_PLS","pH","Zinc","XGB-PCA","PLS"
"pH_PLS - Zinc_PLS",2.21763688977861e-05,"pH_PLS","Zinc_PLS","pH","Zinc","PLS","PLS"
"pH_DL - Zinc_PLS",2.37246693401971e-08,"pH_DL","Zinc_PLS","pH","Zinc","DL","PLS"
"Ammonium-N_PLS - Zinc_PLS",7.43849426498855e-15,"Ammonium-N_PLS","Zinc_PLS","Ammonium-N","Zinc","PLS","PLS"
"Ammonium-N_RF-PCA - Zinc_PLS",7.43849426498855e-15,"Ammonium-N_RF-PCA","Zinc_PLS","Ammonium-N","Zinc","RF-PCA","PLS"
"Ammonium-N_DL - Zinc_PLS",7.43849426498855e-15,"Ammonium-N_DL","Zinc_PLS","Ammonium-N","Zinc","DL","PLS"
"Ammonium-N_XGB-PCA - Zinc_PLS",7.43849426498855e-15,"Ammonium-N_XGB-PCA","Zinc_PLS","Ammonium-N","Zinc","XGB-PCA","PLS"
"Magnesium_PLS - Zinc_PLS",7.43849426498855e-15,"Magnesium_PLS","Zinc_PLS","Magnesium","Zinc","PLS","PLS"
"Magnesium_XGB-PCA - Zinc_PLS",7.43849426498855e-15,"Magnesium_XGB-PCA","Zinc_PLS","Magnesium","Zinc","XGB-PCA","PLS"
"Magnesium_DL - Zinc_PLS",7.43849426498855e-15,"Magnesium_DL","Zinc_PLS","Magnesium","Zinc","DL","PLS"
"Magnesium_RF-PCA - Zinc_PLS",7.43849426498855e-15,"Magnesium_RF-PCA","Zinc_PLS","Magnesium","Zinc","RF-PCA","PLS"
"Phosphorus_RF-PCA - Zinc_PLS",7.43849426498855e-15,"Phosphorus_RF-PCA","Zinc_PLS","Phosphorus","Zinc","RF-PCA","PLS"
"Phosphorus_PLS - Zinc_PLS",7.43849426498855e-15,"Phosphorus_PLS","Zinc_PLS","Phosphorus","Zinc","PLS","PLS"
"Phosphorus_XGB-PCA - Zinc_PLS",7.43849426498855e-15,"Phosphorus_XGB-PCA","Zinc_PLS","Phosphorus","Zinc","XGB-PCA","PLS"
"Calcium_XGB-PCA - Zinc_PLS",7.43849426498855e-15,"Calcium_XGB-PCA","Zinc_PLS","Calcium","Zinc","XGB-PCA","PLS"
"Calcium_PLS - Zinc_PLS",7.43849426498855e-15,"Calcium_PLS","Zinc_PLS","Calcium","Zinc","PLS","PLS"
"Phosphorus_DL - Zinc_PLS",7.43849426498855e-15,"Phosphorus_DL","Zinc_PLS","Phosphorus","Zinc","DL","PLS"
"Calcium_RF-PCA - Zinc_PLS",7.43849426498855e-15,"Calcium_RF-PCA","Zinc_PLS","Calcium","Zinc","RF-PCA","PLS"
"Calcium_DL - Zinc_PLS",7.43849426498855e-15,"Calcium_DL","Zinc_PLS","Calcium","Zinc","DL","PLS"
"Sulfate_PLS - Zinc_PLS",7.43849426498855e-15,"Sulfate_PLS","Zinc_PLS","Sulfate","Zinc","PLS","PLS"
"Sulfate_XGB-PCA - Zinc_PLS",7.43849426498855e-15,"Sulfate_XGB-PCA","Zinc_PLS","Sulfate","Zinc","XGB-PCA","PLS"
"Sulfate_DL - Zinc_PLS",7.43849426498855e-15,"Sulfate_DL","Zinc_PLS","Sulfate","Zinc","DL","PLS"
"Sulfate_RF-PCA - Zinc_PLS",7.43849426498855e-15,"Sulfate_RF-PCA","Zinc_PLS","Sulfate","Zinc","RF-PCA","PLS"
"Nitrate-N_RF-PCA - Zinc_PLS",7.43849426498855e-15,"Nitrate-N_RF-PCA","Zinc_PLS","Nitrate-N","Zinc","RF-PCA","PLS"
"Nitrate-N_XGB-PCA - Zinc_PLS",7.43849426498855e-15,"Nitrate-N_XGB-PCA","Zinc_PLS","Nitrate-N","Zinc","XGB-PCA","PLS"
"Potassium_PLS - Zinc_PLS",7.43849426498855e-15,"Potassium_PLS","Zinc_PLS","Potassium","Zinc","PLS","PLS"
"Nitrate-N_PLS - Zinc_PLS",7.43849426498855e-15,"Nitrate-N_PLS","Zinc_PLS","Nitrate-N","Zinc","PLS","PLS"
"Potassium_RF-PCA - Zinc_PLS",7.43849426498855e-15,"Potassium_RF-PCA","Zinc_PLS","Potassium","Zinc","RF-PCA","PLS"
"Potassium_DL - Zinc_PLS",7.43849426498855e-15,"Potassium_DL","Zinc_PLS","Potassium","Zinc","DL","PLS"
"Potassium_XGB-PCA - Zinc_PLS",7.43849426498855e-15,"Potassium_XGB-PCA","Zinc_PLS","Potassium","Zinc","XGB-PCA","PLS"
"Nitrate-N_DL - Zinc_PLS",7.43849426498855e-15,"Nitrate-N_DL","Zinc_PLS","Nitrate-N","Zinc","DL","PLS"
"Iron_RF-PCA - Zinc_XGB-PCA",1,"Iron_RF-PCA","Zinc_XGB-PCA","Iron","Zinc","RF-PCA","XGB-PCA"
"Manganese_RF-PCA - Zinc_XGB-PCA",1,"Manganese_RF-PCA","Zinc_XGB-PCA","Manganese","Zinc","RF-PCA","XGB-PCA"
"Manganese_PLS - Zinc_XGB-PCA",1,"Manganese_PLS","Zinc_XGB-PCA","Manganese","Zinc","PLS","XGB-PCA"
"Manganese_XGB-PCA - Zinc_XGB-PCA",1,"Manganese_XGB-PCA","Zinc_XGB-PCA","Manganese","Zinc","XGB-PCA","XGB-PCA"
"Zinc_DL - Zinc_XGB-PCA",0.999999999997919,"Zinc_DL","Zinc_XGB-PCA","Zinc","Zinc","DL","XGB-PCA"
"Manganese_DL - Zinc_XGB-PCA",0.947177970870396,"Manganese_DL","Zinc_XGB-PCA","Manganese","Zinc","DL","XGB-PCA"
"pH_RF-PCA - Zinc_XGB-PCA",0.0620219935111881,"pH_RF-PCA","Zinc_XGB-PCA","pH","Zinc","RF-PCA","XGB-PCA"
"pH_XGB-PCA - Zinc_XGB-PCA",0.00386762809351537,"pH_XGB-PCA","Zinc_XGB-PCA","pH","Zinc","XGB-PCA","XGB-PCA"
"pH_PLS - Zinc_XGB-PCA",0.000123468752483036,"pH_PLS","Zinc_XGB-PCA","pH","Zinc","PLS","XGB-PCA"
"pH_DL - Zinc_XGB-PCA",1.83737383752103e-07,"pH_DL","Zinc_XGB-PCA","pH","Zinc","DL","XGB-PCA"
"Ammonium-N_PLS - Zinc_XGB-PCA",7.43849426498855e-15,"Ammonium-N_PLS","Zinc_XGB-PCA","Ammonium-N","Zinc","PLS","XGB-PCA"
"Ammonium-N_RF-PCA - Zinc_XGB-PCA",7.43849426498855e-15,"Ammonium-N_RF-PCA","Zinc_XGB-PCA","Ammonium-N","Zinc","RF-PCA","XGB-PCA"
"Ammonium-N_DL - Zinc_XGB-PCA",7.43849426498855e-15,"Ammonium-N_DL","Zinc_XGB-PCA","Ammonium-N","Zinc","DL","XGB-PCA"
"Ammonium-N_XGB-PCA - Zinc_XGB-PCA",7.43849426498855e-15,"Ammonium-N_XGB-PCA","Zinc_XGB-PCA","Ammonium-N","Zinc","XGB-PCA","XGB-PCA"
"Magnesium_PLS - Zinc_XGB-PCA",7.43849426498855e-15,"Magnesium_PLS","Zinc_XGB-PCA","Magnesium","Zinc","PLS","XGB-PCA"
"Magnesium_XGB-PCA - Zinc_XGB-PCA",7.43849426498855e-15,"Magnesium_XGB-PCA","Zinc_XGB-PCA","Magnesium","Zinc","XGB-PCA","XGB-PCA"
"Magnesium_DL - Zinc_XGB-PCA",7.43849426498855e-15,"Magnesium_DL","Zinc_XGB-PCA","Magnesium","Zinc","DL","XGB-PCA"
"Magnesium_RF-PCA - Zinc_XGB-PCA",7.43849426498855e-15,"Magnesium_RF-PCA","Zinc_XGB-PCA","Magnesium","Zinc","RF-PCA","XGB-PCA"
"Phosphorus_RF-PCA - Zinc_XGB-PCA",7.43849426498855e-15,"Phosphorus_RF-PCA","Zinc_XGB-PCA","Phosphorus","Zinc","RF-PCA","XGB-PCA"
"Phosphorus_PLS - Zinc_XGB-PCA",7.43849426498855e-15,"Phosphorus_PLS","Zinc_XGB-PCA","Phosphorus","Zinc","PLS","XGB-PCA"
"Phosphorus_XGB-PCA - Zinc_XGB-PCA",7.43849426498855e-15,"Phosphorus_XGB-PCA","Zinc_XGB-PCA","Phosphorus","Zinc","XGB-PCA","XGB-PCA"
"Calcium_XGB-PCA - Zinc_XGB-PCA",7.43849426498855e-15,"Calcium_XGB-PCA","Zinc_XGB-PCA","Calcium","Zinc","XGB-PCA","XGB-PCA"
"Calcium_PLS - Zinc_XGB-PCA",7.43849426498855e-15,"Calcium_PLS","Zinc_XGB-PCA","Calcium","Zinc","PLS","XGB-PCA"
"Phosphorus_DL - Zinc_XGB-PCA",7.43849426498855e-15,"Phosphorus_DL","Zinc_XGB-PCA","Phosphorus","Zinc","DL","XGB-PCA"
"Calcium_RF-PCA - Zinc_XGB-PCA",7.43849426498855e-15,"Calcium_RF-PCA","Zinc_XGB-PCA","Calcium","Zinc","RF-PCA","XGB-PCA"
"Calcium_DL - Zinc_XGB-PCA",7.43849426498855e-15,"Calcium_DL","Zinc_XGB-PCA","Calcium","Zinc","DL","XGB-PCA"
"Sulfate_PLS - Zinc_XGB-PCA",7.43849426498855e-15,"Sulfate_PLS","Zinc_XGB-PCA","Sulfate","Zinc","PLS","XGB-PCA"
"Sulfate_XGB-PCA - Zinc_XGB-PCA",7.43849426498855e-15,"Sulfate_XGB-PCA","Zinc_XGB-PCA","Sulfate","Zinc","XGB-PCA","XGB-PCA"
"Sulfate_DL - Zinc_XGB-PCA",7.43849426498855e-15,"Sulfate_DL","Zinc_XGB-PCA","Sulfate","Zinc","DL","XGB-PCA"
"Sulfate_RF-PCA - Zinc_XGB-PCA",7.43849426498855e-15,"Sulfate_RF-PCA","Zinc_XGB-PCA","Sulfate","Zinc","RF-PCA","XGB-PCA"
"Nitrate-N_RF-PCA - Zinc_XGB-PCA",7.43849426498855e-15,"Nitrate-N_RF-PCA","Zinc_XGB-PCA","Nitrate-N","Zinc","RF-PCA","XGB-PCA"
"Nitrate-N_XGB-PCA - Zinc_XGB-PCA",7.43849426498855e-15,"Nitrate-N_XGB-PCA","Zinc_XGB-PCA","Nitrate-N","Zinc","XGB-PCA","XGB-PCA"
"Potassium_PLS - Zinc_XGB-PCA",7.43849426498855e-15,"Potassium_PLS","Zinc_XGB-PCA","Potassium","Zinc","PLS","XGB-PCA"
"Nitrate-N_PLS - Zinc_XGB-PCA",7.43849426498855e-15,"Nitrate-N_PLS","Zinc_XGB-PCA","Nitrate-N","Zinc","PLS","XGB-PCA"
"Potassium_RF-PCA - Zinc_XGB-PCA",7.43849426498855e-15,"Potassium_RF-PCA","Zinc_XGB-PCA","Potassium","Zinc","RF-PCA","XGB-PCA"
"Potassium_DL - Zinc_XGB-PCA",7.43849426498855e-15,"Potassium_DL","Zinc_XGB-PCA","Potassium","Zinc","DL","XGB-PCA"
"Potassium_XGB-PCA - Zinc_XGB-PCA",7.43849426498855e-15,"Potassium_XGB-PCA","Zinc_XGB-PCA","Potassium","Zinc","XGB-PCA","XGB-PCA"
"Nitrate-N_DL - Zinc_XGB-PCA",7.43849426498855e-15,"Nitrate-N_DL","Zinc_XGB-PCA","Nitrate-N","Zinc","DL","XGB-PCA"
"Manganese_RF-PCA - Iron_RF-PCA",1,"Manganese_RF-PCA","Iron_RF-PCA","Manganese","Iron","RF-PCA","RF-PCA"
"Manganese_PLS - Iron_RF-PCA",1,"Manganese_PLS","Iron_RF-PCA","Manganese","Iron","PLS","RF-PCA"
"Manganese_XGB-PCA - Iron_RF-PCA",1,"Manganese_XGB-PCA","Iron_RF-PCA","Manganese","Iron","XGB-PCA","RF-PCA"
"Zinc_DL - Iron_RF-PCA",1,"Zinc_DL","Iron_RF-PCA","Zinc","Iron","DL","RF-PCA"
"Manganese_DL - Iron_RF-PCA",0.997120156234659,"Manganese_DL","Iron_RF-PCA","Manganese","Iron","DL","RF-PCA"
"pH_RF-PCA - Iron_RF-PCA",0.200222019808376,"pH_RF-PCA","Iron_RF-PCA","pH","Iron","RF-PCA","RF-PCA"
"pH_XGB-PCA - Iron_RF-PCA",0.0192083048260376,"pH_XGB-PCA","Iron_RF-PCA","pH","Iron","XGB-PCA","RF-PCA"
"pH_PLS - Iron_RF-PCA",0.000851301174656482,"pH_PLS","Iron_RF-PCA","pH","Iron","PLS","RF-PCA"
"pH_DL - Iron_RF-PCA",1.92770052098723e-06,"pH_DL","Iron_RF-PCA","pH","Iron","DL","RF-PCA"
"Ammonium-N_PLS - Iron_RF-PCA",7.43849426498855e-15,"Ammonium-N_PLS","Iron_RF-PCA","Ammonium-N","Iron","PLS","RF-PCA"
"Ammonium-N_RF-PCA - Iron_RF-PCA",7.43849426498855e-15,"Ammonium-N_RF-PCA","Iron_RF-PCA","Ammonium-N","Iron","RF-PCA","RF-PCA"
"Ammonium-N_DL - Iron_RF-PCA",7.43849426498855e-15,"Ammonium-N_DL","Iron_RF-PCA","Ammonium-N","Iron","DL","RF-PCA"
"Ammonium-N_XGB-PCA - Iron_RF-PCA",7.43849426498855e-15,"Ammonium-N_XGB-PCA","Iron_RF-PCA","Ammonium-N","Iron","XGB-PCA","RF-PCA"
"Magnesium_PLS - Iron_RF-PCA",7.43849426498855e-15,"Magnesium_PLS","Iron_RF-PCA","Magnesium","Iron","PLS","RF-PCA"
"Magnesium_XGB-PCA - Iron_RF-PCA",7.43849426498855e-15,"Magnesium_XGB-PCA","Iron_RF-PCA","Magnesium","Iron","XGB-PCA","RF-PCA"
"Magnesium_DL - Iron_RF-PCA",7.43849426498855e-15,"Magnesium_DL","Iron_RF-PCA","Magnesium","Iron","DL","RF-PCA"
"Magnesium_RF-PCA - Iron_RF-PCA",7.43849426498855e-15,"Magnesium_RF-PCA","Iron_RF-PCA","Magnesium","Iron","RF-PCA","RF-PCA"
"Phosphorus_RF-PCA - Iron_RF-PCA",7.43849426498855e-15,"Phosphorus_RF-PCA","Iron_RF-PCA","Phosphorus","Iron","RF-PCA","RF-PCA"
"Phosphorus_PLS - Iron_RF-PCA",7.43849426498855e-15,"Phosphorus_PLS","Iron_RF-PCA","Phosphorus","Iron","PLS","RF-PCA"
"Phosphorus_XGB-PCA - Iron_RF-PCA",7.43849426498855e-15,"Phosphorus_XGB-PCA","Iron_RF-PCA","Phosphorus","Iron","XGB-PCA","RF-PCA"
"Calcium_XGB-PCA - Iron_RF-PCA",7.43849426498855e-15,"Calcium_XGB-PCA","Iron_RF-PCA","Calcium","Iron","XGB-PCA","RF-PCA"
"Calcium_PLS - Iron_RF-PCA",7.43849426498855e-15,"Calcium_PLS","Iron_RF-PCA","Calcium","Iron","PLS","RF-PCA"
"Phosphorus_DL - Iron_RF-PCA",7.43849426498855e-15,"Phosphorus_DL","Iron_RF-PCA","Phosphorus","Iron","DL","RF-PCA"
"Calcium_RF-PCA - Iron_RF-PCA",7.43849426498855e-15,"Calcium_RF-PCA","Iron_RF-PCA","Calcium","Iron","RF-PCA","RF-PCA"
"Calcium_DL - Iron_RF-PCA",7.43849426498855e-15,"Calcium_DL","Iron_RF-PCA","Calcium","Iron","DL","RF-PCA"
"Sulfate_PLS - Iron_RF-PCA",7.43849426498855e-15,"Sulfate_PLS","Iron_RF-PCA","Sulfate","Iron","PLS","RF-PCA"
"Sulfate_XGB-PCA - Iron_RF-PCA",7.43849426498855e-15,"Sulfate_XGB-PCA","Iron_RF-PCA","Sulfate","Iron","XGB-PCA","RF-PCA"
"Sulfate_DL - Iron_RF-PCA",7.43849426498855e-15,"Sulfate_DL","Iron_RF-PCA","Sulfate","Iron","DL","RF-PCA"
"Sulfate_RF-PCA - Iron_RF-PCA",7.43849426498855e-15,"Sulfate_RF-PCA","Iron_RF-PCA","Sulfate","Iron","RF-PCA","RF-PCA"
"Nitrate-N_RF-PCA - Iron_RF-PCA",7.43849426498855e-15,"Nitrate-N_RF-PCA","Iron_RF-PCA","Nitrate-N","Iron","RF-PCA","RF-PCA"
"Nitrate-N_XGB-PCA - Iron_RF-PCA",7.43849426498855e-15,"Nitrate-N_XGB-PCA","Iron_RF-PCA","Nitrate-N","Iron","XGB-PCA","RF-PCA"
"Potassium_PLS - Iron_RF-PCA",7.43849426498855e-15,"Potassium_PLS","Iron_RF-PCA","Potassium","Iron","PLS","RF-PCA"
"Nitrate-N_PLS - Iron_RF-PCA",7.43849426498855e-15,"Nitrate-N_PLS","Iron_RF-PCA","Nitrate-N","Iron","PLS","RF-PCA"
"Potassium_RF-PCA - Iron_RF-PCA",7.43849426498855e-15,"Potassium_RF-PCA","Iron_RF-PCA","Potassium","Iron","RF-PCA","RF-PCA"
"Potassium_DL - Iron_RF-PCA",7.43849426498855e-15,"Potassium_DL","Iron_RF-PCA","Potassium","Iron","DL","RF-PCA"
"Potassium_XGB-PCA - Iron_RF-PCA",7.43849426498855e-15,"Potassium_XGB-PCA","Iron_RF-PCA","Potassium","Iron","XGB-PCA","RF-PCA"
"Nitrate-N_DL - Iron_RF-PCA",7.43849426498855e-15,"Nitrate-N_DL","Iron_RF-PCA","Nitrate-N","Iron","DL","RF-PCA"
"Manganese_PLS - Manganese_RF-PCA",1,"Manganese_PLS","Manganese_RF-PCA","Manganese","Manganese","PLS","RF-PCA"
"Manganese_XGB-PCA - Manganese_RF-PCA",1,"Manganese_XGB-PCA","Manganese_RF-PCA","Manganese","Manganese","XGB-PCA","RF-PCA"
"Zinc_DL - Manganese_RF-PCA",1,"Zinc_DL","Manganese_RF-PCA","Zinc","Manganese","DL","RF-PCA"
"Manganese_DL - Manganese_RF-PCA",0.999044592345855,"Manganese_DL","Manganese_RF-PCA","Manganese","Manganese","DL","RF-PCA"
"pH_RF-PCA - Manganese_RF-PCA",0.261871965053986,"pH_RF-PCA","Manganese_RF-PCA","pH","Manganese","RF-PCA","RF-PCA"
"pH_XGB-PCA - Manganese_RF-PCA",0.0286704988235812,"pH_XGB-PCA","Manganese_RF-PCA","pH","Manganese","XGB-PCA","RF-PCA"
"pH_PLS - Manganese_RF-PCA",0.00140015121829662,"pH_PLS","Manganese_RF-PCA","pH","Manganese","PLS","RF-PCA"
"pH_DL - Manganese_RF-PCA",3.5733349050826e-06,"pH_DL","Manganese_RF-PCA","pH","Manganese","DL","RF-PCA"
"Ammonium-N_PLS - Manganese_RF-PCA",7.43849426498855e-15,"Ammonium-N_PLS","Manganese_RF-PCA","Ammonium-N","Manganese","PLS","RF-PCA"
"Ammonium-N_RF-PCA - Manganese_RF-PCA",7.43849426498855e-15,"Ammonium-N_RF-PCA","Manganese_RF-PCA","Ammonium-N","Manganese","RF-PCA","RF-PCA"
"Ammonium-N_DL - Manganese_RF-PCA",7.43849426498855e-15,"Ammonium-N_DL","Manganese_RF-PCA","Ammonium-N","Manganese","DL","RF-PCA"
"Ammonium-N_XGB-PCA - Manganese_RF-PCA",7.43849426498855e-15,"Ammonium-N_XGB-PCA","Manganese_RF-PCA","Ammonium-N","Manganese","XGB-PCA","RF-PCA"
"Magnesium_PLS - Manganese_RF-PCA",7.43849426498855e-15,"Magnesium_PLS","Manganese_RF-PCA","Magnesium","Manganese","PLS","RF-PCA"
"Magnesium_XGB-PCA - Manganese_RF-PCA",7.43849426498855e-15,"Magnesium_XGB-PCA","Manganese_RF-PCA","Magnesium","Manganese","XGB-PCA","RF-PCA"
"Magnesium_DL - Manganese_RF-PCA",7.43849426498855e-15,"Magnesium_DL","Manganese_RF-PCA","Magnesium","Manganese","DL","RF-PCA"
"Magnesium_RF-PCA - Manganese_RF-PCA",7.43849426498855e-15,"Magnesium_RF-PCA","Manganese_RF-PCA","Magnesium","Manganese","RF-PCA","RF-PCA"
"Phosphorus_RF-PCA - Manganese_RF-PCA",7.43849426498855e-15,"Phosphorus_RF-PCA","Manganese_RF-PCA","Phosphorus","Manganese","RF-PCA","RF-PCA"
"Phosphorus_PLS - Manganese_RF-PCA",7.43849426498855e-15,"Phosphorus_PLS","Manganese_RF-PCA","Phosphorus","Manganese","PLS","RF-PCA"
"Phosphorus_XGB-PCA - Manganese_RF-PCA",7.43849426498855e-15,"Phosphorus_XGB-PCA","Manganese_RF-PCA","Phosphorus","Manganese","XGB-PCA","RF-PCA"
"Calcium_XGB-PCA - Manganese_RF-PCA",7.43849426498855e-15,"Calcium_XGB-PCA","Manganese_RF-PCA","Calcium","Manganese","XGB-PCA","RF-PCA"
"Calcium_PLS - Manganese_RF-PCA",7.43849426498855e-15,"Calcium_PLS","Manganese_RF-PCA","Calcium","Manganese","PLS","RF-PCA"
"Phosphorus_DL - Manganese_RF-PCA",7.43849426498855e-15,"Phosphorus_DL","Manganese_RF-PCA","Phosphorus","Manganese","DL","RF-PCA"
"Calcium_RF-PCA - Manganese_RF-PCA",7.43849426498855e-15,"Calcium_RF-PCA","Manganese_RF-PCA","Calcium","Manganese","RF-PCA","RF-PCA"
"Calcium_DL - Manganese_RF-PCA",7.43849426498855e-15,"Calcium_DL","Manganese_RF-PCA","Calcium","Manganese","DL","RF-PCA"
"Sulfate_PLS - Manganese_RF-PCA",7.43849426498855e-15,"Sulfate_PLS","Manganese_RF-PCA","Sulfate","Manganese","PLS","RF-PCA"
"Sulfate_XGB-PCA - Manganese_RF-PCA",7.43849426498855e-15,"Sulfate_XGB-PCA","Manganese_RF-PCA","Sulfate","Manganese","XGB-PCA","RF-PCA"
"Sulfate_DL - Manganese_RF-PCA",7.43849426498855e-15,"Sulfate_DL","Manganese_RF-PCA","Sulfate","Manganese","DL","RF-PCA"
"Sulfate_RF-PCA - Manganese_RF-PCA",7.43849426498855e-15,"Sulfate_RF-PCA","Manganese_RF-PCA","Sulfate","Manganese","RF-PCA","RF-PCA"
"Nitrate-N_RF-PCA - Manganese_RF-PCA",7.43849426498855e-15,"Nitrate-N_RF-PCA","Manganese_RF-PCA","Nitrate-N","Manganese","RF-PCA","RF-PCA"
"Nitrate-N_XGB-PCA - Manganese_RF-PCA",7.43849426498855e-15,"Nitrate-N_XGB-PCA","Manganese_RF-PCA","Nitrate-N","Manganese","XGB-PCA","RF-PCA"
"Potassium_PLS - Manganese_RF-PCA",7.43849426498855e-15,"Potassium_PLS","Manganese_RF-PCA","Potassium","Manganese","PLS","RF-PCA"
"Nitrate-N_PLS - Manganese_RF-PCA",7.43849426498855e-15,"Nitrate-N_PLS","Manganese_RF-PCA","Nitrate-N","Manganese","PLS","RF-PCA"
"Potassium_RF-PCA - Manganese_RF-PCA",7.43849426498855e-15,"Potassium_RF-PCA","Manganese_RF-PCA","Potassium","Manganese","RF-PCA","RF-PCA"
"Potassium_DL - Manganese_RF-PCA",7.43849426498855e-15,"Potassium_DL","Manganese_RF-PCA","Potassium","Manganese","DL","RF-PCA"
"Potassium_XGB-PCA - Manganese_RF-PCA",7.43849426498855e-15,"Potassium_XGB-PCA","Manganese_RF-PCA","Potassium","Manganese","XGB-PCA","RF-PCA"
"Nitrate-N_DL - Manganese_RF-PCA",7.43849426498855e-15,"Nitrate-N_DL","Manganese_RF-PCA","Nitrate-N","Manganese","DL","RF-PCA"
"Manganese_XGB-PCA - Manganese_PLS",1,"Manganese_XGB-PCA","Manganese_PLS","Manganese","Manganese","XGB-PCA","PLS"
"Zinc_DL - Manganese_PLS",1,"Zinc_DL","Manganese_PLS","Zinc","Manganese","DL","PLS"
"Manganese_DL - Manganese_PLS",0.999974396743636,"Manganese_DL","Manganese_PLS","Manganese","Manganese","DL","PLS"
"pH_RF-PCA - Manganese_PLS",0.465365424694937,"pH_RF-PCA","Manganese_PLS","pH","Manganese","RF-PCA","PLS"
"pH_XGB-PCA - Manganese_PLS",0.0738390009856006,"pH_XGB-PCA","Manganese_PLS","pH","Manganese","XGB-PCA","PLS"
"pH_PLS - Manganese_PLS",0.00471141624389004,"pH_PLS","Manganese_PLS","pH","Manganese","PLS","PLS"
"pH_DL - Manganese_PLS",1.65395565837612e-05,"pH_DL","Manganese_PLS","pH","Manganese","DL","PLS"
"Ammonium-N_PLS - Manganese_PLS",7.43849426498855e-15,"Ammonium-N_PLS","Manganese_PLS","Ammonium-N","Manganese","PLS","PLS"
"Ammonium-N_RF-PCA - Manganese_PLS",7.43849426498855e-15,"Ammonium-N_RF-PCA","Manganese_PLS","Ammonium-N","Manganese","RF-PCA","PLS"
"Ammonium-N_DL - Manganese_PLS",7.43849426498855e-15,"Ammonium-N_DL","Manganese_PLS","Ammonium-N","Manganese","DL","PLS"
"Ammonium-N_XGB-PCA - Manganese_PLS",7.43849426498855e-15,"Ammonium-N_XGB-PCA","Manganese_PLS","Ammonium-N","Manganese","XGB-PCA","PLS"
"Magnesium_PLS - Manganese_PLS",7.43849426498855e-15,"Magnesium_PLS","Manganese_PLS","Magnesium","Manganese","PLS","PLS"
"Magnesium_XGB-PCA - Manganese_PLS",7.43849426498855e-15,"Magnesium_XGB-PCA","Manganese_PLS","Magnesium","Manganese","XGB-PCA","PLS"
"Magnesium_DL - Manganese_PLS",7.43849426498855e-15,"Magnesium_DL","Manganese_PLS","Magnesium","Manganese","DL","PLS"
"Magnesium_RF-PCA - Manganese_PLS",7.43849426498855e-15,"Magnesium_RF-PCA","Manganese_PLS","Magnesium","Manganese","RF-PCA","PLS"
"Phosphorus_RF-PCA - Manganese_PLS",7.43849426498855e-15,"Phosphorus_RF-PCA","Manganese_PLS","Phosphorus","Manganese","RF-PCA","PLS"
"Phosphorus_PLS - Manganese_PLS",7.43849426498855e-15,"Phosphorus_PLS","Manganese_PLS","Phosphorus","Manganese","PLS","PLS"
"Phosphorus_XGB-PCA - Manganese_PLS",7.43849426498855e-15,"Phosphorus_XGB-PCA","Manganese_PLS","Phosphorus","Manganese","XGB-PCA","PLS"
"Calcium_XGB-PCA - Manganese_PLS",7.43849426498855e-15,"Calcium_XGB-PCA","Manganese_PLS","Calcium","Manganese","XGB-PCA","PLS"
"Calcium_PLS - Manganese_PLS",7.43849426498855e-15,"Calcium_PLS","Manganese_PLS","Calcium","Manganese","PLS","PLS"
"Phosphorus_DL - Manganese_PLS",7.43849426498855e-15,"Phosphorus_DL","Manganese_PLS","Phosphorus","Manganese","DL","PLS"
"Calcium_RF-PCA - Manganese_PLS",7.43849426498855e-15,"Calcium_RF-PCA","Manganese_PLS","Calcium","Manganese","RF-PCA","PLS"
"Calcium_DL - Manganese_PLS",7.43849426498855e-15,"Calcium_DL","Manganese_PLS","Calcium","Manganese","DL","PLS"
"Sulfate_PLS - Manganese_PLS",7.43849426498855e-15,"Sulfate_PLS","Manganese_PLS","Sulfate","Manganese","PLS","PLS"
"Sulfate_XGB-PCA - Manganese_PLS",7.43849426498855e-15,"Sulfate_XGB-PCA","Manganese_PLS","Sulfate","Manganese","XGB-PCA","PLS"
"Sulfate_DL - Manganese_PLS",7.43849426498855e-15,"Sulfate_DL","Manganese_PLS","Sulfate","Manganese","DL","PLS"
"Sulfate_RF-PCA - Manganese_PLS",7.43849426498855e-15,"Sulfate_RF-PCA","Manganese_PLS","Sulfate","Manganese","RF-PCA","PLS"
"Nitrate-N_RF-PCA - Manganese_PLS",7.43849426498855e-15,"Nitrate-N_RF-PCA","Manganese_PLS","Nitrate-N","Manganese","RF-PCA","PLS"
"Nitrate-N_XGB-PCA - Manganese_PLS",7.43849426498855e-15,"Nitrate-N_XGB-PCA","Manganese_PLS","Nitrate-N","Manganese","XGB-PCA","PLS"
"Potassium_PLS - Manganese_PLS",7.43849426498855e-15,"Potassium_PLS","Manganese_PLS","Potassium","Manganese","PLS","PLS"
"Nitrate-N_PLS - Manganese_PLS",7.43849426498855e-15,"Nitrate-N_PLS","Manganese_PLS","Nitrate-N","Manganese","PLS","PLS"
"Potassium_RF-PCA - Manganese_PLS",7.43849426498855e-15,"Potassium_RF-PCA","Manganese_PLS","Potassium","Manganese","RF-PCA","PLS"
"Potassium_DL - Manganese_PLS",7.43849426498855e-15,"Potassium_DL","Manganese_PLS","Potassium","Manganese","DL","PLS"
"Potassium_XGB-PCA - Manganese_PLS",7.43849426498855e-15,"Potassium_XGB-PCA","Manganese_PLS","Potassium","Manganese","XGB-PCA","PLS"
"Nitrate-N_DL - Manganese_PLS",7.43849426498855e-15,"Nitrate-N_DL","Manganese_PLS","Nitrate-N","Manganese","DL","PLS"
"Zinc_DL - Manganese_XGB-PCA",1,"Zinc_DL","Manganese_XGB-PCA","Zinc","Manganese","DL","XGB-PCA"
"Manganese_DL - Manganese_XGB-PCA",0.999999983027262,"Manganese_DL","Manganese_XGB-PCA","Manganese","Manganese","DL","XGB-PCA"
"pH_RF-PCA - Manganese_XGB-PCA",0.770854198379573,"pH_RF-PCA","Manganese_XGB-PCA","pH","Manganese","RF-PCA","XGB-PCA"
"pH_XGB-PCA - Manganese_XGB-PCA",0.216944077501002,"pH_XGB-PCA","Manganese_XGB-PCA","pH","Manganese","XGB-PCA","XGB-PCA"
"pH_PLS - Manganese_XGB-PCA",0.0210259446493487,"pH_PLS","Manganese_XGB-PCA","pH","Manganese","PLS","XGB-PCA"
"pH_DL - Manganese_XGB-PCA",0.000118032335163498,"pH_DL","Manganese_XGB-PCA","pH","Manganese","DL","XGB-PCA"
"Ammonium-N_PLS - Manganese_XGB-PCA",7.43849426498855e-15,"Ammonium-N_PLS","Manganese_XGB-PCA","Ammonium-N","Manganese","PLS","XGB-PCA"
"Ammonium-N_RF-PCA - Manganese_XGB-PCA",7.43849426498855e-15,"Ammonium-N_RF-PCA","Manganese_XGB-PCA","Ammonium-N","Manganese","RF-PCA","XGB-PCA"
"Ammonium-N_DL - Manganese_XGB-PCA",7.43849426498855e-15,"Ammonium-N_DL","Manganese_XGB-PCA","Ammonium-N","Manganese","DL","XGB-PCA"
"Ammonium-N_XGB-PCA - Manganese_XGB-PCA",7.43849426498855e-15,"Ammonium-N_XGB-PCA","Manganese_XGB-PCA","Ammonium-N","Manganese","XGB-PCA","XGB-PCA"
"Magnesium_PLS - Manganese_XGB-PCA",7.43849426498855e-15,"Magnesium_PLS","Manganese_XGB-PCA","Magnesium","Manganese","PLS","XGB-PCA"
"Magnesium_XGB-PCA - Manganese_XGB-PCA",7.43849426498855e-15,"Magnesium_XGB-PCA","Manganese_XGB-PCA","Magnesium","Manganese","XGB-PCA","XGB-PCA"
"Magnesium_DL - Manganese_XGB-PCA",7.43849426498855e-15,"Magnesium_DL","Manganese_XGB-PCA","Magnesium","Manganese","DL","XGB-PCA"
"Magnesium_RF-PCA - Manganese_XGB-PCA",7.43849426498855e-15,"Magnesium_RF-PCA","Manganese_XGB-PCA","Magnesium","Manganese","RF-PCA","XGB-PCA"
"Phosphorus_RF-PCA - Manganese_XGB-PCA",7.43849426498855e-15,"Phosphorus_RF-PCA","Manganese_XGB-PCA","Phosphorus","Manganese","RF-PCA","XGB-PCA"
"Phosphorus_PLS - Manganese_XGB-PCA",7.43849426498855e-15,"Phosphorus_PLS","Manganese_XGB-PCA","Phosphorus","Manganese","PLS","XGB-PCA"
"Phosphorus_XGB-PCA - Manganese_XGB-PCA",7.43849426498855e-15,"Phosphorus_XGB-PCA","Manganese_XGB-PCA","Phosphorus","Manganese","XGB-PCA","XGB-PCA"
"Calcium_XGB-PCA - Manganese_XGB-PCA",7.43849426498855e-15,"Calcium_XGB-PCA","Manganese_XGB-PCA","Calcium","Manganese","XGB-PCA","XGB-PCA"
"Calcium_PLS - Manganese_XGB-PCA",7.43849426498855e-15,"Calcium_PLS","Manganese_XGB-PCA","Calcium","Manganese","PLS","XGB-PCA"
"Phosphorus_DL - Manganese_XGB-PCA",7.43849426498855e-15,"Phosphorus_DL","Manganese_XGB-PCA","Phosphorus","Manganese","DL","XGB-PCA"
"Calcium_RF-PCA - Manganese_XGB-PCA",7.43849426498855e-15,"Calcium_RF-PCA","Manganese_XGB-PCA","Calcium","Manganese","RF-PCA","XGB-PCA"
"Calcium_DL - Manganese_XGB-PCA",7.43849426498855e-15,"Calcium_DL","Manganese_XGB-PCA","Calcium","Manganese","DL","XGB-PCA"
"Sulfate_PLS - Manganese_XGB-PCA",7.43849426498855e-15,"Sulfate_PLS","Manganese_XGB-PCA","Sulfate","Manganese","PLS","XGB-PCA"
"Sulfate_XGB-PCA - Manganese_XGB-PCA",7.43849426498855e-15,"Sulfate_XGB-PCA","Manganese_XGB-PCA","Sulfate","Manganese","XGB-PCA","XGB-PCA"
"Sulfate_DL - Manganese_XGB-PCA",7.43849426498855e-15,"Sulfate_DL","Manganese_XGB-PCA","Sulfate","Manganese","DL","XGB-PCA"
"Sulfate_RF-PCA - Manganese_XGB-PCA",7.43849426498855e-15,"Sulfate_RF-PCA","Manganese_XGB-PCA","Sulfate","Manganese","RF-PCA","XGB-PCA"
"Nitrate-N_RF-PCA - Manganese_XGB-PCA",7.43849426498855e-15,"Nitrate-N_RF-PCA","Manganese_XGB-PCA","Nitrate-N","Manganese","RF-PCA","XGB-PCA"
"Nitrate-N_XGB-PCA - Manganese_XGB-PCA",7.43849426498855e-15,"Nitrate-N_XGB-PCA","Manganese_XGB-PCA","Nitrate-N","Manganese","XGB-PCA","XGB-PCA"
"Potassium_PLS - Manganese_XGB-PCA",7.43849426498855e-15,"Potassium_PLS","Manganese_XGB-PCA","Potassium","Manganese","PLS","XGB-PCA"
"Nitrate-N_PLS - Manganese_XGB-PCA",7.43849426498855e-15,"Nitrate-N_PLS","Manganese_XGB-PCA","Nitrate-N","Manganese","PLS","XGB-PCA"
"Potassium_RF-PCA - Manganese_XGB-PCA",7.43849426498855e-15,"Potassium_RF-PCA","Manganese_XGB-PCA","Potassium","Manganese","RF-PCA","XGB-PCA"
"Potassium_DL - Manganese_XGB-PCA",7.43849426498855e-15,"Potassium_DL","Manganese_XGB-PCA","Potassium","Manganese","DL","XGB-PCA"
"Potassium_XGB-PCA - Manganese_XGB-PCA",7.43849426498855e-15,"Potassium_XGB-PCA","Manganese_XGB-PCA","Potassium","Manganese","XGB-PCA","XGB-PCA"
"Nitrate-N_DL - Manganese_XGB-PCA",7.43849426498855e-15,"Nitrate-N_DL","Manganese_XGB-PCA","Nitrate-N","Manganese","DL","XGB-PCA"
"Manganese_DL - Zinc_DL",0.999999996727056,"Manganese_DL","Zinc_DL","Manganese","Zinc","DL","DL"
"pH_RF-PCA - Zinc_DL",0.81521101197721,"pH_RF-PCA","Zinc_DL","pH","Zinc","RF-PCA","DL"
"pH_XGB-PCA - Zinc_DL",0.254803131996745,"pH_XGB-PCA","Zinc_DL","pH","Zinc","XGB-PCA","DL"
"pH_PLS - Zinc_DL",0.0267745233361301,"pH_PLS","Zinc_DL","pH","Zinc","PLS","DL"
"pH_DL - Zinc_DL",0.000164018519675513,"pH_DL","Zinc_DL","pH","Zinc","DL","DL"
"Ammonium-N_PLS - Zinc_DL",7.43849426498855e-15,"Ammonium-N_PLS","Zinc_DL","Ammonium-N","Zinc","PLS","DL"
"Ammonium-N_RF-PCA - Zinc_DL",7.43849426498855e-15,"Ammonium-N_RF-PCA","Zinc_DL","Ammonium-N","Zinc","RF-PCA","DL"
"Ammonium-N_DL - Zinc_DL",7.43849426498855e-15,"Ammonium-N_DL","Zinc_DL","Ammonium-N","Zinc","DL","DL"
"Ammonium-N_XGB-PCA - Zinc_DL",7.43849426498855e-15,"Ammonium-N_XGB-PCA","Zinc_DL","Ammonium-N","Zinc","XGB-PCA","DL"
"Magnesium_PLS - Zinc_DL",7.43849426498855e-15,"Magnesium_PLS","Zinc_DL","Magnesium","Zinc","PLS","DL"
"Magnesium_XGB-PCA - Zinc_DL",7.43849426498855e-15,"Magnesium_XGB-PCA","Zinc_DL","Magnesium","Zinc","XGB-PCA","DL"
"Magnesium_DL - Zinc_DL",7.43849426498855e-15,"Magnesium_DL","Zinc_DL","Magnesium","Zinc","DL","DL"
"Magnesium_RF-PCA - Zinc_DL",7.43849426498855e-15,"Magnesium_RF-PCA","Zinc_DL","Magnesium","Zinc","RF-PCA","DL"
"Phosphorus_RF-PCA - Zinc_DL",7.43849426498855e-15,"Phosphorus_RF-PCA","Zinc_DL","Phosphorus","Zinc","RF-PCA","DL"
"Phosphorus_PLS - Zinc_DL",7.43849426498855e-15,"Phosphorus_PLS","Zinc_DL","Phosphorus","Zinc","PLS","DL"
"Phosphorus_XGB-PCA - Zinc_DL",7.43849426498855e-15,"Phosphorus_XGB-PCA","Zinc_DL","Phosphorus","Zinc","XGB-PCA","DL"
"Calcium_XGB-PCA - Zinc_DL",7.43849426498855e-15,"Calcium_XGB-PCA","Zinc_DL","Calcium","Zinc","XGB-PCA","DL"
"Calcium_PLS - Zinc_DL",7.43849426498855e-15,"Calcium_PLS","Zinc_DL","Calcium","Zinc","PLS","DL"
"Phosphorus_DL - Zinc_DL",7.43849426498855e-15,"Phosphorus_DL","Zinc_DL","Phosphorus","Zinc","DL","DL"
"Calcium_RF-PCA - Zinc_DL",7.43849426498855e-15,"Calcium_RF-PCA","Zinc_DL","Calcium","Zinc","RF-PCA","DL"
"Calcium_DL - Zinc_DL",7.43849426498855e-15,"Calcium_DL","Zinc_DL","Calcium","Zinc","DL","DL"
"Sulfate_PLS - Zinc_DL",7.43849426498855e-15,"Sulfate_PLS","Zinc_DL","Sulfate","Zinc","PLS","DL"
"Sulfate_XGB-PCA - Zinc_DL",7.43849426498855e-15,"Sulfate_XGB-PCA","Zinc_DL","Sulfate","Zinc","XGB-PCA","DL"
"Sulfate_DL - Zinc_DL",7.43849426498855e-15,"Sulfate_DL","Zinc_DL","Sulfate","Zinc","DL","DL"
"Sulfate_RF-PCA - Zinc_DL",7.43849426498855e-15,"Sulfate_RF-PCA","Zinc_DL","Sulfate","Zinc","RF-PCA","DL"
"Nitrate-N_RF-PCA - Zinc_DL",7.43849426498855e-15,"Nitrate-N_RF-PCA","Zinc_DL","Nitrate-N","Zinc","RF-PCA","DL"
"Nitrate-N_XGB-PCA - Zinc_DL",7.43849426498855e-15,"Nitrate-N_XGB-PCA","Zinc_DL","Nitrate-N","Zinc","XGB-PCA","DL"
"Potassium_PLS - Zinc_DL",7.43849426498855e-15,"Potassium_PLS","Zinc_DL","Potassium","Zinc","PLS","DL"
"Nitrate-N_PLS - Zinc_DL",7.43849426498855e-15,"Nitrate-N_PLS","Zinc_DL","Nitrate-N","Zinc","PLS","DL"
"Potassium_RF-PCA - Zinc_DL",7.43849426498855e-15,"Potassium_RF-PCA","Zinc_DL","Potassium","Zinc","RF-PCA","DL"
"Potassium_DL - Zinc_DL",7.43849426498855e-15,"Potassium_DL","Zinc_DL","Potassium","Zinc","DL","DL"
"Potassium_XGB-PCA - Zinc_DL",7.43849426498855e-15,"Potassium_XGB-PCA","Zinc_DL","Potassium","Zinc","XGB-PCA","DL"
"Nitrate-N_DL - Zinc_DL",7.43849426498855e-15,"Nitrate-N_DL","Zinc_DL","Nitrate-N","Zinc","DL","DL"
"pH_RF-PCA - Manganese_DL",0.999999989775023,"pH_RF-PCA","Manganese_DL","pH","Manganese","RF-PCA","DL"
"pH_XGB-PCA - Manganese_DL",0.998272867557934,"pH_XGB-PCA","Manganese_DL","pH","Manganese","XGB-PCA","DL"
"pH_PLS - Manganese_DL",0.813807953062384,"pH_PLS","Manganese_DL","pH","Manganese","PLS","DL"
"pH_DL - Manganese_DL",0.073967027863697,"pH_DL","Manganese_DL","pH","Manganese","DL","DL"
"Ammonium-N_PLS - Manganese_DL",7.43849426498855e-15,"Ammonium-N_PLS","Manganese_DL","Ammonium-N","Manganese","PLS","DL"
"Ammonium-N_RF-PCA - Manganese_DL",7.43849426498855e-15,"Ammonium-N_RF-PCA","Manganese_DL","Ammonium-N","Manganese","RF-PCA","DL"
"Ammonium-N_DL - Manganese_DL",7.43849426498855e-15,"Ammonium-N_DL","Manganese_DL","Ammonium-N","Manganese","DL","DL"
"Ammonium-N_XGB-PCA - Manganese_DL",7.43849426498855e-15,"Ammonium-N_XGB-PCA","Manganese_DL","Ammonium-N","Manganese","XGB-PCA","DL"
"Magnesium_PLS - Manganese_DL",7.43849426498855e-15,"Magnesium_PLS","Manganese_DL","Magnesium","Manganese","PLS","DL"
"Magnesium_XGB-PCA - Manganese_DL",7.43849426498855e-15,"Magnesium_XGB-PCA","Manganese_DL","Magnesium","Manganese","XGB-PCA","DL"
"Magnesium_DL - Manganese_DL",7.43849426498855e-15,"Magnesium_DL","Manganese_DL","Magnesium","Manganese","DL","DL"
"Magnesium_RF-PCA - Manganese_DL",7.43849426498855e-15,"Magnesium_RF-PCA","Manganese_DL","Magnesium","Manganese","RF-PCA","DL"
"Phosphorus_RF-PCA - Manganese_DL",7.43849426498855e-15,"Phosphorus_RF-PCA","Manganese_DL","Phosphorus","Manganese","RF-PCA","DL"
"Phosphorus_PLS - Manganese_DL",7.43849426498855e-15,"Phosphorus_PLS","Manganese_DL","Phosphorus","Manganese","PLS","DL"
"Phosphorus_XGB-PCA - Manganese_DL",7.43849426498855e-15,"Phosphorus_XGB-PCA","Manganese_DL","Phosphorus","Manganese","XGB-PCA","DL"
"Calcium_XGB-PCA - Manganese_DL",7.43849426498855e-15,"Calcium_XGB-PCA","Manganese_DL","Calcium","Manganese","XGB-PCA","DL"
"Calcium_PLS - Manganese_DL",7.43849426498855e-15,"Calcium_PLS","Manganese_DL","Calcium","Manganese","PLS","DL"
"Phosphorus_DL - Manganese_DL",7.43849426498855e-15,"Phosphorus_DL","Manganese_DL","Phosphorus","Manganese","DL","DL"
"Calcium_RF-PCA - Manganese_DL",7.43849426498855e-15,"Calcium_RF-PCA","Manganese_DL","Calcium","Manganese","RF-PCA","DL"
"Calcium_DL - Manganese_DL",7.43849426498855e-15,"Calcium_DL","Manganese_DL","Calcium","Manganese","DL","DL"
"Sulfate_PLS - Manganese_DL",7.43849426498855e-15,"Sulfate_PLS","Manganese_DL","Sulfate","Manganese","PLS","DL"
"Sulfate_XGB-PCA - Manganese_DL",7.43849426498855e-15,"Sulfate_XGB-PCA","Manganese_DL","Sulfate","Manganese","XGB-PCA","DL"
"Sulfate_DL - Manganese_DL",7.43849426498855e-15,"Sulfate_DL","Manganese_DL","Sulfate","Manganese","DL","DL"
"Sulfate_RF-PCA - Manganese_DL",7.43849426498855e-15,"Sulfate_RF-PCA","Manganese_DL","Sulfate","Manganese","RF-PCA","DL"
"Nitrate-N_RF-PCA - Manganese_DL",7.43849426498855e-15,"Nitrate-N_RF-PCA","Manganese_DL","Nitrate-N","Manganese","RF-PCA","DL"
"Nitrate-N_XGB-PCA - Manganese_DL",7.43849426498855e-15,"Nitrate-N_XGB-PCA","Manganese_DL","Nitrate-N","Manganese","XGB-PCA","DL"
"Potassium_PLS - Manganese_DL",7.43849426498855e-15,"Potassium_PLS","Manganese_DL","Potassium","Manganese","PLS","DL"
"Nitrate-N_PLS - Manganese_DL",7.43849426498855e-15,"Nitrate-N_PLS","Manganese_DL","Nitrate-N","Manganese","PLS","DL"
"Potassium_RF-PCA - Manganese_DL",7.43849426498855e-15,"Potassium_RF-PCA","Manganese_DL","Potassium","Manganese","RF-PCA","DL"
"Potassium_DL - Manganese_DL",7.43849426498855e-15,"Potassium_DL","Manganese_DL","Potassium","Manganese","DL","DL"
"Potassium_XGB-PCA - Manganese_DL",7.43849426498855e-15,"Potassium_XGB-PCA","Manganese_DL","Potassium","Manganese","XGB-PCA","DL"
"Nitrate-N_DL - Manganese_DL",7.43849426498855e-15,"Nitrate-N_DL","Manganese_DL","Nitrate-N","Manganese","DL","DL"
"pH_XGB-PCA - pH_RF-PCA",1,"pH_XGB-PCA","pH_RF-PCA","pH","pH","XGB-PCA","RF-PCA"
"pH_PLS - pH_RF-PCA",0.999999996535111,"pH_PLS","pH_RF-PCA","pH","pH","PLS","RF-PCA"
"pH_DL - pH_RF-PCA",0.961166718868754,"pH_DL","pH_RF-PCA","pH","pH","DL","RF-PCA"
"Ammonium-N_PLS - pH_RF-PCA",7.43849426498855e-15,"Ammonium-N_PLS","pH_RF-PCA","Ammonium-N","pH","PLS","RF-PCA"
"Ammonium-N_RF-PCA - pH_RF-PCA",7.43849426498855e-15,"Ammonium-N_RF-PCA","pH_RF-PCA","Ammonium-N","pH","RF-PCA","RF-PCA"
"Ammonium-N_DL - pH_RF-PCA",7.43849426498855e-15,"Ammonium-N_DL","pH_RF-PCA","Ammonium-N","pH","DL","RF-PCA"
"Ammonium-N_XGB-PCA - pH_RF-PCA",7.43849426498855e-15,"Ammonium-N_XGB-PCA","pH_RF-PCA","Ammonium-N","pH","XGB-PCA","RF-PCA"
"Magnesium_PLS - pH_RF-PCA",7.43849426498855e-15,"Magnesium_PLS","pH_RF-PCA","Magnesium","pH","PLS","RF-PCA"
"Magnesium_XGB-PCA - pH_RF-PCA",7.43849426498855e-15,"Magnesium_XGB-PCA","pH_RF-PCA","Magnesium","pH","XGB-PCA","RF-PCA"
"Magnesium_DL - pH_RF-PCA",7.43849426498855e-15,"Magnesium_DL","pH_RF-PCA","Magnesium","pH","DL","RF-PCA"
"Magnesium_RF-PCA - pH_RF-PCA",7.43849426498855e-15,"Magnesium_RF-PCA","pH_RF-PCA","Magnesium","pH","RF-PCA","RF-PCA"
"Phosphorus_RF-PCA - pH_RF-PCA",7.43849426498855e-15,"Phosphorus_RF-PCA","pH_RF-PCA","Phosphorus","pH","RF-PCA","RF-PCA"
"Phosphorus_PLS - pH_RF-PCA",7.43849426498855e-15,"Phosphorus_PLS","pH_RF-PCA","Phosphorus","pH","PLS","RF-PCA"
"Phosphorus_XGB-PCA - pH_RF-PCA",7.43849426498855e-15,"Phosphorus_XGB-PCA","pH_RF-PCA","Phosphorus","pH","XGB-PCA","RF-PCA"
"Calcium_XGB-PCA - pH_RF-PCA",7.43849426498855e-15,"Calcium_XGB-PCA","pH_RF-PCA","Calcium","pH","XGB-PCA","RF-PCA"
"Calcium_PLS - pH_RF-PCA",7.43849426498855e-15,"Calcium_PLS","pH_RF-PCA","Calcium","pH","PLS","RF-PCA"
"Phosphorus_DL - pH_RF-PCA",7.43849426498855e-15,"Phosphorus_DL","pH_RF-PCA","Phosphorus","pH","DL","RF-PCA"
"Calcium_RF-PCA - pH_RF-PCA",7.43849426498855e-15,"Calcium_RF-PCA","pH_RF-PCA","Calcium","pH","RF-PCA","RF-PCA"
"Calcium_DL - pH_RF-PCA",7.43849426498855e-15,"Calcium_DL","pH_RF-PCA","Calcium","pH","DL","RF-PCA"
"Sulfate_PLS - pH_RF-PCA",7.43849426498855e-15,"Sulfate_PLS","pH_RF-PCA","Sulfate","pH","PLS","RF-PCA"
"Sulfate_XGB-PCA - pH_RF-PCA",7.43849426498855e-15,"Sulfate_XGB-PCA","pH_RF-PCA","Sulfate","pH","XGB-PCA","RF-PCA"
"Sulfate_DL - pH_RF-PCA",7.43849426498855e-15,"Sulfate_DL","pH_RF-PCA","Sulfate","pH","DL","RF-PCA"
"Sulfate_RF-PCA - pH_RF-PCA",7.43849426498855e-15,"Sulfate_RF-PCA","pH_RF-PCA","Sulfate","pH","RF-PCA","RF-PCA"
"Nitrate-N_RF-PCA - pH_RF-PCA",7.43849426498855e-15,"Nitrate-N_RF-PCA","pH_RF-PCA","Nitrate-N","pH","RF-PCA","RF-PCA"
"Nitrate-N_XGB-PCA - pH_RF-PCA",7.43849426498855e-15,"Nitrate-N_XGB-PCA","pH_RF-PCA","Nitrate-N","pH","XGB-PCA","RF-PCA"
"Potassium_PLS - pH_RF-PCA",7.43849426498855e-15,"Potassium_PLS","pH_RF-PCA","Potassium","pH","PLS","RF-PCA"
"Nitrate-N_PLS - pH_RF-PCA",7.43849426498855e-15,"Nitrate-N_PLS","pH_RF-PCA","Nitrate-N","pH","PLS","RF-PCA"
"Potassium_RF-PCA - pH_RF-PCA",7.43849426498855e-15,"Potassium_RF-PCA","pH_RF-PCA","Potassium","pH","RF-PCA","RF-PCA"
"Potassium_DL - pH_RF-PCA",7.43849426498855e-15,"Potassium_DL","pH_RF-PCA","Potassium","pH","DL","RF-PCA"
"Potassium_XGB-PCA - pH_RF-PCA",7.43849426498855e-15,"Potassium_XGB-PCA","pH_RF-PCA","Potassium","pH","XGB-PCA","RF-PCA"
"Nitrate-N_DL - pH_RF-PCA",7.43849426498855e-15,"Nitrate-N_DL","pH_RF-PCA","Nitrate-N","pH","DL","RF-PCA"
"pH_PLS - pH_XGB-PCA",1,"pH_PLS","pH_XGB-PCA","pH","pH","PLS","XGB-PCA"
"pH_DL - pH_XGB-PCA",0.999974609943746,"pH_DL","pH_XGB-PCA","pH","pH","DL","XGB-PCA"
"Ammonium-N_PLS - pH_XGB-PCA",7.43849426498855e-15,"Ammonium-N_PLS","pH_XGB-PCA","Ammonium-N","pH","PLS","XGB-PCA"
"Ammonium-N_RF-PCA - pH_XGB-PCA",7.43849426498855e-15,"Ammonium-N_RF-PCA","pH_XGB-PCA","Ammonium-N","pH","RF-PCA","XGB-PCA"
"Ammonium-N_DL - pH_XGB-PCA",7.43849426498855e-15,"Ammonium-N_DL","pH_XGB-PCA","Ammonium-N","pH","DL","XGB-PCA"
"Ammonium-N_XGB-PCA - pH_XGB-PCA",7.43849426498855e-15,"Ammonium-N_XGB-PCA","pH_XGB-PCA","Ammonium-N","pH","XGB-PCA","XGB-PCA"
"Magnesium_PLS - pH_XGB-PCA",7.43849426498855e-15,"Magnesium_PLS","pH_XGB-PCA","Magnesium","pH","PLS","XGB-PCA"
"Magnesium_XGB-PCA - pH_XGB-PCA",7.43849426498855e-15,"Magnesium_XGB-PCA","pH_XGB-PCA","Magnesium","pH","XGB-PCA","XGB-PCA"
"Magnesium_DL - pH_XGB-PCA",7.43849426498855e-15,"Magnesium_DL","pH_XGB-PCA","Magnesium","pH","DL","XGB-PCA"
"Magnesium_RF-PCA - pH_XGB-PCA",7.43849426498855e-15,"Magnesium_RF-PCA","pH_XGB-PCA","Magnesium","pH","RF-PCA","XGB-PCA"
"Phosphorus_RF-PCA - pH_XGB-PCA",7.43849426498855e-15,"Phosphorus_RF-PCA","pH_XGB-PCA","Phosphorus","pH","RF-PCA","XGB-PCA"
"Phosphorus_PLS - pH_XGB-PCA",7.43849426498855e-15,"Phosphorus_PLS","pH_XGB-PCA","Phosphorus","pH","PLS","XGB-PCA"
"Phosphorus_XGB-PCA - pH_XGB-PCA",7.43849426498855e-15,"Phosphorus_XGB-PCA","pH_XGB-PCA","Phosphorus","pH","XGB-PCA","XGB-PCA"
"Calcium_XGB-PCA - pH_XGB-PCA",7.43849426498855e-15,"Calcium_XGB-PCA","pH_XGB-PCA","Calcium","pH","XGB-PCA","XGB-PCA"
"Calcium_PLS - pH_XGB-PCA",7.43849426498855e-15,"Calcium_PLS","pH_XGB-PCA","Calcium","pH","PLS","XGB-PCA"
"Phosphorus_DL - pH_XGB-PCA",7.43849426498855e-15,"Phosphorus_DL","pH_XGB-PCA","Phosphorus","pH","DL","XGB-PCA"
"Calcium_RF-PCA - pH_XGB-PCA",7.43849426498855e-15,"Calcium_RF-PCA","pH_XGB-PCA","Calcium","pH","RF-PCA","XGB-PCA"
"Calcium_DL - pH_XGB-PCA",7.43849426498855e-15,"Calcium_DL","pH_XGB-PCA","Calcium","pH","DL","XGB-PCA"
"Sulfate_PLS - pH_XGB-PCA",7.43849426498855e-15,"Sulfate_PLS","pH_XGB-PCA","Sulfate","pH","PLS","XGB-PCA"
"Sulfate_XGB-PCA - pH_XGB-PCA",7.43849426498855e-15,"Sulfate_XGB-PCA","pH_XGB-PCA","Sulfate","pH","XGB-PCA","XGB-PCA"
"Sulfate_DL - pH_XGB-PCA",7.43849426498855e-15,"Sulfate_DL","pH_XGB-PCA","Sulfate","pH","DL","XGB-PCA"
"Sulfate_RF-PCA - pH_XGB-PCA",7.43849426498855e-15,"Sulfate_RF-PCA","pH_XGB-PCA","Sulfate","pH","RF-PCA","XGB-PCA"
"Nitrate-N_RF-PCA - pH_XGB-PCA",7.43849426498855e-15,"Nitrate-N_RF-PCA","pH_XGB-PCA","Nitrate-N","pH","RF-PCA","XGB-PCA"
"Nitrate-N_XGB-PCA - pH_XGB-PCA",7.43849426498855e-15,"Nitrate-N_XGB-PCA","pH_XGB-PCA","Nitrate-N","pH","XGB-PCA","XGB-PCA"
"Potassium_PLS - pH_XGB-PCA",7.43849426498855e-15,"Potassium_PLS","pH_XGB-PCA","Potassium","pH","PLS","XGB-PCA"
"Nitrate-N_PLS - pH_XGB-PCA",7.43849426498855e-15,"Nitrate-N_PLS","pH_XGB-PCA","Nitrate-N","pH","PLS","XGB-PCA"
"Potassium_RF-PCA - pH_XGB-PCA",7.43849426498855e-15,"Potassium_RF-PCA","pH_XGB-PCA","Potassium","pH","RF-PCA","XGB-PCA"
"Potassium_DL - pH_XGB-PCA",7.43849426498855e-15,"Potassium_DL","pH_XGB-PCA","Potassium","pH","DL","XGB-PCA"
"Potassium_XGB-PCA - pH_XGB-PCA",7.43849426498855e-15,"Potassium_XGB-PCA","pH_XGB-PCA","Potassium","pH","XGB-PCA","XGB-PCA"
"Nitrate-N_DL - pH_XGB-PCA",7.43849426498855e-15,"Nitrate-N_DL","pH_XGB-PCA","Nitrate-N","pH","DL","XGB-PCA"
"pH_DL - pH_PLS",1,"pH_DL","pH_PLS","pH","pH","DL","PLS"
"Ammonium-N_PLS - pH_PLS",7.43849426498855e-15,"Ammonium-N_PLS","pH_PLS","Ammonium-N","pH","PLS","PLS"
"Ammonium-N_RF-PCA - pH_PLS",7.43849426498855e-15,"Ammonium-N_RF-PCA","pH_PLS","Ammonium-N","pH","RF-PCA","PLS"
"Ammonium-N_DL - pH_PLS",7.43849426498855e-15,"Ammonium-N_DL","pH_PLS","Ammonium-N","pH","DL","PLS"
"Ammonium-N_XGB-PCA - pH_PLS",7.43849426498855e-15,"Ammonium-N_XGB-PCA","pH_PLS","Ammonium-N","pH","XGB-PCA","PLS"
"Magnesium_PLS - pH_PLS",7.43849426498855e-15,"Magnesium_PLS","pH_PLS","Magnesium","pH","PLS","PLS"
"Magnesium_XGB-PCA - pH_PLS",7.43849426498855e-15,"Magnesium_XGB-PCA","pH_PLS","Magnesium","pH","XGB-PCA","PLS"
"Magnesium_DL - pH_PLS",7.43849426498855e-15,"Magnesium_DL","pH_PLS","Magnesium","pH","DL","PLS"
"Magnesium_RF-PCA - pH_PLS",7.43849426498855e-15,"Magnesium_RF-PCA","pH_PLS","Magnesium","pH","RF-PCA","PLS"
"Phosphorus_RF-PCA - pH_PLS",7.43849426498855e-15,"Phosphorus_RF-PCA","pH_PLS","Phosphorus","pH","RF-PCA","PLS"
"Phosphorus_PLS - pH_PLS",7.43849426498855e-15,"Phosphorus_PLS","pH_PLS","Phosphorus","pH","PLS","PLS"
"Phosphorus_XGB-PCA - pH_PLS",7.43849426498855e-15,"Phosphorus_XGB-PCA","pH_PLS","Phosphorus","pH","XGB-PCA","PLS"
"Calcium_XGB-PCA - pH_PLS",7.43849426498855e-15,"Calcium_XGB-PCA","pH_PLS","Calcium","pH","XGB-PCA","PLS"
"Calcium_PLS - pH_PLS",7.43849426498855e-15,"Calcium_PLS","pH_PLS","Calcium","pH","PLS","PLS"
"Phosphorus_DL - pH_PLS",7.43849426498855e-15,"Phosphorus_DL","pH_PLS","Phosphorus","pH","DL","PLS"
"Calcium_RF-PCA - pH_PLS",7.43849426498855e-15,"Calcium_RF-PCA","pH_PLS","Calcium","pH","RF-PCA","PLS"
"Calcium_DL - pH_PLS",7.43849426498855e-15,"Calcium_DL","pH_PLS","Calcium","pH","DL","PLS"
"Sulfate_PLS - pH_PLS",7.43849426498855e-15,"Sulfate_PLS","pH_PLS","Sulfate","pH","PLS","PLS"
"Sulfate_XGB-PCA - pH_PLS",7.43849426498855e-15,"Sulfate_XGB-PCA","pH_PLS","Sulfate","pH","XGB-PCA","PLS"
"Sulfate_DL - pH_PLS",7.43849426498855e-15,"Sulfate_DL","pH_PLS","Sulfate","pH","DL","PLS"
"Sulfate_RF-PCA - pH_PLS",7.43849426498855e-15,"Sulfate_RF-PCA","pH_PLS","Sulfate","pH","RF-PCA","PLS"
"Nitrate-N_RF-PCA - pH_PLS",7.43849426498855e-15,"Nitrate-N_RF-PCA","pH_PLS","Nitrate-N","pH","RF-PCA","PLS"
"Nitrate-N_XGB-PCA - pH_PLS",7.43849426498855e-15,"Nitrate-N_XGB-PCA","pH_PLS","Nitrate-N","pH","XGB-PCA","PLS"
"Potassium_PLS - pH_PLS",7.43849426498855e-15,"Potassium_PLS","pH_PLS","Potassium","pH","PLS","PLS"
"Nitrate-N_PLS - pH_PLS",7.43849426498855e-15,"Nitrate-N_PLS","pH_PLS","Nitrate-N","pH","PLS","PLS"
"Potassium_RF-PCA - pH_PLS",7.43849426498855e-15,"Potassium_RF-PCA","pH_PLS","Potassium","pH","RF-PCA","PLS"
"Potassium_DL - pH_PLS",7.43849426498855e-15,"Potassium_DL","pH_PLS","Potassium","pH","DL","PLS"
"Potassium_XGB-PCA - pH_PLS",7.43849426498855e-15,"Potassium_XGB-PCA","pH_PLS","Potassium","pH","XGB-PCA","PLS"
"Nitrate-N_DL - pH_PLS",7.43849426498855e-15,"Nitrate-N_DL","pH_PLS","Nitrate-N","pH","DL","PLS"
"Ammonium-N_PLS - pH_DL",7.43849426498855e-15,"Ammonium-N_PLS","pH_DL","Ammonium-N","pH","PLS","DL"
"Ammonium-N_RF-PCA - pH_DL",7.43849426498855e-15,"Ammonium-N_RF-PCA","pH_DL","Ammonium-N","pH","RF-PCA","DL"
"Ammonium-N_DL - pH_DL",7.43849426498855e-15,"Ammonium-N_DL","pH_DL","Ammonium-N","pH","DL","DL"
"Ammonium-N_XGB-PCA - pH_DL",7.43849426498855e-15,"Ammonium-N_XGB-PCA","pH_DL","Ammonium-N","pH","XGB-PCA","DL"
"Magnesium_PLS - pH_DL",7.43849426498855e-15,"Magnesium_PLS","pH_DL","Magnesium","pH","PLS","DL"
"Magnesium_XGB-PCA - pH_DL",7.43849426498855e-15,"Magnesium_XGB-PCA","pH_DL","Magnesium","pH","XGB-PCA","DL"
"Magnesium_DL - pH_DL",7.43849426498855e-15,"Magnesium_DL","pH_DL","Magnesium","pH","DL","DL"
"Magnesium_RF-PCA - pH_DL",7.43849426498855e-15,"Magnesium_RF-PCA","pH_DL","Magnesium","pH","RF-PCA","DL"
"Phosphorus_RF-PCA - pH_DL",7.43849426498855e-15,"Phosphorus_RF-PCA","pH_DL","Phosphorus","pH","RF-PCA","DL"
"Phosphorus_PLS - pH_DL",7.43849426498855e-15,"Phosphorus_PLS","pH_DL","Phosphorus","pH","PLS","DL"
"Phosphorus_XGB-PCA - pH_DL",7.43849426498855e-15,"Phosphorus_XGB-PCA","pH_DL","Phosphorus","pH","XGB-PCA","DL"
"Calcium_XGB-PCA - pH_DL",7.43849426498855e-15,"Calcium_XGB-PCA","pH_DL","Calcium","pH","XGB-PCA","DL"
"Calcium_PLS - pH_DL",7.43849426498855e-15,"Calcium_PLS","pH_DL","Calcium","pH","PLS","DL"
"Phosphorus_DL - pH_DL",7.43849426498855e-15,"Phosphorus_DL","pH_DL","Phosphorus","pH","DL","DL"
"Calcium_RF-PCA - pH_DL",7.43849426498855e-15,"Calcium_RF-PCA","pH_DL","Calcium","pH","RF-PCA","DL"
"Calcium_DL - pH_DL",7.43849426498855e-15,"Calcium_DL","pH_DL","Calcium","pH","DL","DL"
"Sulfate_PLS - pH_DL",7.43849426498855e-15,"Sulfate_PLS","pH_DL","Sulfate","pH","PLS","DL"
"Sulfate_XGB-PCA - pH_DL",7.43849426498855e-15,"Sulfate_XGB-PCA","pH_DL","Sulfate","pH","XGB-PCA","DL"
"Sulfate_DL - pH_DL",7.43849426498855e-15,"Sulfate_DL","pH_DL","Sulfate","pH","DL","DL"
"Sulfate_RF-PCA - pH_DL",7.43849426498855e-15,"Sulfate_RF-PCA","pH_DL","Sulfate","pH","RF-PCA","DL"
"Nitrate-N_RF-PCA - pH_DL",7.43849426498855e-15,"Nitrate-N_RF-PCA","pH_DL","Nitrate-N","pH","RF-PCA","DL"
"Nitrate-N_XGB-PCA - pH_DL",7.43849426498855e-15,"Nitrate-N_XGB-PCA","pH_DL","Nitrate-N","pH","XGB-PCA","DL"
"Potassium_PLS - pH_DL",7.43849426498855e-15,"Potassium_PLS","pH_DL","Potassium","pH","PLS","DL"
"Nitrate-N_PLS - pH_DL",7.43849426498855e-15,"Nitrate-N_PLS","pH_DL","Nitrate-N","pH","PLS","DL"
"Potassium_RF-PCA - pH_DL",7.43849426498855e-15,"Potassium_RF-PCA","pH_DL","Potassium","pH","RF-PCA","DL"
"Potassium_DL - pH_DL",7.43849426498855e-15,"Potassium_DL","pH_DL","Potassium","pH","DL","DL"
"Potassium_XGB-PCA - pH_DL",7.43849426498855e-15,"Potassium_XGB-PCA","pH_DL","Potassium","pH","XGB-PCA","DL"
"Nitrate-N_DL - pH_DL",7.43849426498855e-15,"Nitrate-N_DL","pH_DL","Nitrate-N","pH","DL","DL"
"Ammonium-N_RF-PCA - Ammonium-N_PLS",1,"Ammonium-N_RF-PCA","Ammonium-N_PLS","Ammonium-N","Ammonium-N","RF-PCA","PLS"
"Ammonium-N_DL - Ammonium-N_PLS",1,"Ammonium-N_DL","Ammonium-N_PLS","Ammonium-N","Ammonium-N","DL","PLS"
"Ammonium-N_XGB-PCA - Ammonium-N_PLS",1,"Ammonium-N_XGB-PCA","Ammonium-N_PLS","Ammonium-N","Ammonium-N","XGB-PCA","PLS"
"Magnesium_PLS - Ammonium-N_PLS",0.974809671689495,"Magnesium_PLS","Ammonium-N_PLS","Magnesium","Ammonium-N","PLS","PLS"
"Magnesium_XGB-PCA - Ammonium-N_PLS",0.0451119925335615,"Magnesium_XGB-PCA","Ammonium-N_PLS","Magnesium","Ammonium-N","XGB-PCA","PLS"
"Magnesium_DL - Ammonium-N_PLS",0.00120532649237548,"Magnesium_DL","Ammonium-N_PLS","Magnesium","Ammonium-N","DL","PLS"
"Magnesium_RF-PCA - Ammonium-N_PLS",0.000119872149488276,"Magnesium_RF-PCA","Ammonium-N_PLS","Magnesium","Ammonium-N","RF-PCA","PLS"
"Phosphorus_RF-PCA - Ammonium-N_PLS",7.43849426498855e-15,"Phosphorus_RF-PCA","Ammonium-N_PLS","Phosphorus","Ammonium-N","RF-PCA","PLS"
"Phosphorus_PLS - Ammonium-N_PLS",7.43849426498855e-15,"Phosphorus_PLS","Ammonium-N_PLS","Phosphorus","Ammonium-N","PLS","PLS"
"Phosphorus_XGB-PCA - Ammonium-N_PLS",7.43849426498855e-15,"Phosphorus_XGB-PCA","Ammonium-N_PLS","Phosphorus","Ammonium-N","XGB-PCA","PLS"
"Calcium_XGB-PCA - Ammonium-N_PLS",7.43849426498855e-15,"Calcium_XGB-PCA","Ammonium-N_PLS","Calcium","Ammonium-N","XGB-PCA","PLS"
"Calcium_PLS - Ammonium-N_PLS",7.43849426498855e-15,"Calcium_PLS","Ammonium-N_PLS","Calcium","Ammonium-N","PLS","PLS"
"Phosphorus_DL - Ammonium-N_PLS",7.43849426498855e-15,"Phosphorus_DL","Ammonium-N_PLS","Phosphorus","Ammonium-N","DL","PLS"
"Calcium_RF-PCA - Ammonium-N_PLS",7.43849426498855e-15,"Calcium_RF-PCA","Ammonium-N_PLS","Calcium","Ammonium-N","RF-PCA","PLS"
"Calcium_DL - Ammonium-N_PLS",7.43849426498855e-15,"Calcium_DL","Ammonium-N_PLS","Calcium","Ammonium-N","DL","PLS"
"Sulfate_PLS - Ammonium-N_PLS",7.43849426498855e-15,"Sulfate_PLS","Ammonium-N_PLS","Sulfate","Ammonium-N","PLS","PLS"
"Sulfate_XGB-PCA - Ammonium-N_PLS",7.43849426498855e-15,"Sulfate_XGB-PCA","Ammonium-N_PLS","Sulfate","Ammonium-N","XGB-PCA","PLS"
"Sulfate_DL - Ammonium-N_PLS",7.43849426498855e-15,"Sulfate_DL","Ammonium-N_PLS","Sulfate","Ammonium-N","DL","PLS"
"Sulfate_RF-PCA - Ammonium-N_PLS",7.43849426498855e-15,"Sulfate_RF-PCA","Ammonium-N_PLS","Sulfate","Ammonium-N","RF-PCA","PLS"
"Nitrate-N_RF-PCA - Ammonium-N_PLS",7.43849426498855e-15,"Nitrate-N_RF-PCA","Ammonium-N_PLS","Nitrate-N","Ammonium-N","RF-PCA","PLS"
"Nitrate-N_XGB-PCA - Ammonium-N_PLS",7.43849426498855e-15,"Nitrate-N_XGB-PCA","Ammonium-N_PLS","Nitrate-N","Ammonium-N","XGB-PCA","PLS"
"Potassium_PLS - Ammonium-N_PLS",7.43849426498855e-15,"Potassium_PLS","Ammonium-N_PLS","Potassium","Ammonium-N","PLS","PLS"
"Nitrate-N_PLS - Ammonium-N_PLS",7.43849426498855e-15,"Nitrate-N_PLS","Ammonium-N_PLS","Nitrate-N","Ammonium-N","PLS","PLS"
"Potassium_RF-PCA - Ammonium-N_PLS",7.43849426498855e-15,"Potassium_RF-PCA","Ammonium-N_PLS","Potassium","Ammonium-N","RF-PCA","PLS"
"Potassium_DL - Ammonium-N_PLS",7.43849426498855e-15,"Potassium_DL","Ammonium-N_PLS","Potassium","Ammonium-N","DL","PLS"
"Potassium_XGB-PCA - Ammonium-N_PLS",7.43849426498855e-15,"Potassium_XGB-PCA","Ammonium-N_PLS","Potassium","Ammonium-N","XGB-PCA","PLS"
"Nitrate-N_DL - Ammonium-N_PLS",7.43849426498855e-15,"Nitrate-N_DL","Ammonium-N_PLS","Nitrate-N","Ammonium-N","DL","PLS"
"Ammonium-N_DL - Ammonium-N_RF-PCA",1,"Ammonium-N_DL","Ammonium-N_RF-PCA","Ammonium-N","Ammonium-N","DL","RF-PCA"
"Ammonium-N_XGB-PCA - Ammonium-N_RF-PCA",1,"Ammonium-N_XGB-PCA","Ammonium-N_RF-PCA","Ammonium-N","Ammonium-N","XGB-PCA","RF-PCA"
"Magnesium_PLS - Ammonium-N_RF-PCA",0.997633578893174,"Magnesium_PLS","Ammonium-N_RF-PCA","Magnesium","Ammonium-N","PLS","RF-PCA"
"Magnesium_XGB-PCA - Ammonium-N_RF-PCA",0.115503794537218,"Magnesium_XGB-PCA","Ammonium-N_RF-PCA","Magnesium","Ammonium-N","XGB-PCA","RF-PCA"
"Magnesium_DL - Ammonium-N_RF-PCA",0.0044035889006655,"Magnesium_DL","Ammonium-N_RF-PCA","Magnesium","Ammonium-N","DL","RF-PCA"
"Magnesium_RF-PCA - Ammonium-N_RF-PCA",0.000508189239217693,"Magnesium_RF-PCA","Ammonium-N_RF-PCA","Magnesium","Ammonium-N","RF-PCA","RF-PCA"
"Phosphorus_RF-PCA - Ammonium-N_RF-PCA",7.43849426498855e-15,"Phosphorus_RF-PCA","Ammonium-N_RF-PCA","Phosphorus","Ammonium-N","RF-PCA","RF-PCA"
"Phosphorus_PLS - Ammonium-N_RF-PCA",7.43849426498855e-15,"Phosphorus_PLS","Ammonium-N_RF-PCA","Phosphorus","Ammonium-N","PLS","RF-PCA"
"Phosphorus_XGB-PCA - Ammonium-N_RF-PCA",7.43849426498855e-15,"Phosphorus_XGB-PCA","Ammonium-N_RF-PCA","Phosphorus","Ammonium-N","XGB-PCA","RF-PCA"
"Calcium_XGB-PCA - Ammonium-N_RF-PCA",7.43849426498855e-15,"Calcium_XGB-PCA","Ammonium-N_RF-PCA","Calcium","Ammonium-N","XGB-PCA","RF-PCA"
"Calcium_PLS - Ammonium-N_RF-PCA",7.43849426498855e-15,"Calcium_PLS","Ammonium-N_RF-PCA","Calcium","Ammonium-N","PLS","RF-PCA"
"Phosphorus_DL - Ammonium-N_RF-PCA",7.43849426498855e-15,"Phosphorus_DL","Ammonium-N_RF-PCA","Phosphorus","Ammonium-N","DL","RF-PCA"
"Calcium_RF-PCA - Ammonium-N_RF-PCA",7.43849426498855e-15,"Calcium_RF-PCA","Ammonium-N_RF-PCA","Calcium","Ammonium-N","RF-PCA","RF-PCA"
"Calcium_DL - Ammonium-N_RF-PCA",7.43849426498855e-15,"Calcium_DL","Ammonium-N_RF-PCA","Calcium","Ammonium-N","DL","RF-PCA"
"Sulfate_PLS - Ammonium-N_RF-PCA",7.43849426498855e-15,"Sulfate_PLS","Ammonium-N_RF-PCA","Sulfate","Ammonium-N","PLS","RF-PCA"
"Sulfate_XGB-PCA - Ammonium-N_RF-PCA",7.43849426498855e-15,"Sulfate_XGB-PCA","Ammonium-N_RF-PCA","Sulfate","Ammonium-N","XGB-PCA","RF-PCA"
"Sulfate_DL - Ammonium-N_RF-PCA",7.43849426498855e-15,"Sulfate_DL","Ammonium-N_RF-PCA","Sulfate","Ammonium-N","DL","RF-PCA"
"Sulfate_RF-PCA - Ammonium-N_RF-PCA",7.43849426498855e-15,"Sulfate_RF-PCA","Ammonium-N_RF-PCA","Sulfate","Ammonium-N","RF-PCA","RF-PCA"
"Nitrate-N_RF-PCA - Ammonium-N_RF-PCA",7.43849426498855e-15,"Nitrate-N_RF-PCA","Ammonium-N_RF-PCA","Nitrate-N","Ammonium-N","RF-PCA","RF-PCA"
"Nitrate-N_XGB-PCA - Ammonium-N_RF-PCA",7.43849426498855e-15,"Nitrate-N_XGB-PCA","Ammonium-N_RF-PCA","Nitrate-N","Ammonium-N","XGB-PCA","RF-PCA"
"Potassium_PLS - Ammonium-N_RF-PCA",7.43849426498855e-15,"Potassium_PLS","Ammonium-N_RF-PCA","Potassium","Ammonium-N","PLS","RF-PCA"
"Nitrate-N_PLS - Ammonium-N_RF-PCA",7.43849426498855e-15,"Nitrate-N_PLS","Ammonium-N_RF-PCA","Nitrate-N","Ammonium-N","PLS","RF-PCA"
"Potassium_RF-PCA - Ammonium-N_RF-PCA",7.43849426498855e-15,"Potassium_RF-PCA","Ammonium-N_RF-PCA","Potassium","Ammonium-N","RF-PCA","RF-PCA"
"Potassium_DL - Ammonium-N_RF-PCA",7.43849426498855e-15,"Potassium_DL","Ammonium-N_RF-PCA","Potassium","Ammonium-N","DL","RF-PCA"
"Potassium_XGB-PCA - Ammonium-N_RF-PCA",7.43849426498855e-15,"Potassium_XGB-PCA","Ammonium-N_RF-PCA","Potassium","Ammonium-N","XGB-PCA","RF-PCA"
"Nitrate-N_DL - Ammonium-N_RF-PCA",7.43849426498855e-15,"Nitrate-N_DL","Ammonium-N_RF-PCA","Nitrate-N","Ammonium-N","DL","RF-PCA"
"Ammonium-N_XGB-PCA - Ammonium-N_DL",1,"Ammonium-N_XGB-PCA","Ammonium-N_DL","Ammonium-N","Ammonium-N","XGB-PCA","DL"
"Magnesium_PLS - Ammonium-N_DL",0.997932216618271,"Magnesium_PLS","Ammonium-N_DL","Magnesium","Ammonium-N","PLS","DL"
"Magnesium_XGB-PCA - Ammonium-N_DL",0.120259780716563,"Magnesium_XGB-PCA","Ammonium-N_DL","Magnesium","Ammonium-N","XGB-PCA","DL"
"Magnesium_DL - Ammonium-N_DL",0.00466684381793836,"Magnesium_DL","Ammonium-N_DL","Magnesium","Ammonium-N","DL","DL"
"Magnesium_RF-PCA - Ammonium-N_DL",0.000542488068439595,"Magnesium_RF-PCA","Ammonium-N_DL","Magnesium","Ammonium-N","RF-PCA","DL"
"Phosphorus_RF-PCA - Ammonium-N_DL",7.43849426498855e-15,"Phosphorus_RF-PCA","Ammonium-N_DL","Phosphorus","Ammonium-N","RF-PCA","DL"
"Phosphorus_PLS - Ammonium-N_DL",7.43849426498855e-15,"Phosphorus_PLS","Ammonium-N_DL","Phosphorus","Ammonium-N","PLS","DL"
"Phosphorus_XGB-PCA - Ammonium-N_DL",7.43849426498855e-15,"Phosphorus_XGB-PCA","Ammonium-N_DL","Phosphorus","Ammonium-N","XGB-PCA","DL"
"Calcium_XGB-PCA - Ammonium-N_DL",7.43849426498855e-15,"Calcium_XGB-PCA","Ammonium-N_DL","Calcium","Ammonium-N","XGB-PCA","DL"
"Calcium_PLS - Ammonium-N_DL",7.43849426498855e-15,"Calcium_PLS","Ammonium-N_DL","Calcium","Ammonium-N","PLS","DL"
"Phosphorus_DL - Ammonium-N_DL",7.43849426498855e-15,"Phosphorus_DL","Ammonium-N_DL","Phosphorus","Ammonium-N","DL","DL"
"Calcium_RF-PCA - Ammonium-N_DL",7.43849426498855e-15,"Calcium_RF-PCA","Ammonium-N_DL","Calcium","Ammonium-N","RF-PCA","DL"
"Calcium_DL - Ammonium-N_DL",7.43849426498855e-15,"Calcium_DL","Ammonium-N_DL","Calcium","Ammonium-N","DL","DL"
"Sulfate_PLS - Ammonium-N_DL",7.43849426498855e-15,"Sulfate_PLS","Ammonium-N_DL","Sulfate","Ammonium-N","PLS","DL"
"Sulfate_XGB-PCA - Ammonium-N_DL",7.43849426498855e-15,"Sulfate_XGB-PCA","Ammonium-N_DL","Sulfate","Ammonium-N","XGB-PCA","DL"
"Sulfate_DL - Ammonium-N_DL",7.43849426498855e-15,"Sulfate_DL","Ammonium-N_DL","Sulfate","Ammonium-N","DL","DL"
"Sulfate_RF-PCA - Ammonium-N_DL",7.43849426498855e-15,"Sulfate_RF-PCA","Ammonium-N_DL","Sulfate","Ammonium-N","RF-PCA","DL"
"Nitrate-N_RF-PCA - Ammonium-N_DL",7.43849426498855e-15,"Nitrate-N_RF-PCA","Ammonium-N_DL","Nitrate-N","Ammonium-N","RF-PCA","DL"
"Nitrate-N_XGB-PCA - Ammonium-N_DL",7.43849426498855e-15,"Nitrate-N_XGB-PCA","Ammonium-N_DL","Nitrate-N","Ammonium-N","XGB-PCA","DL"
"Potassium_PLS - Ammonium-N_DL",7.43849426498855e-15,"Potassium_PLS","Ammonium-N_DL","Potassium","Ammonium-N","PLS","DL"
"Nitrate-N_PLS - Ammonium-N_DL",7.43849426498855e-15,"Nitrate-N_PLS","Ammonium-N_DL","Nitrate-N","Ammonium-N","PLS","DL"
"Potassium_RF-PCA - Ammonium-N_DL",7.43849426498855e-15,"Potassium_RF-PCA","Ammonium-N_DL","Potassium","Ammonium-N","RF-PCA","DL"
"Potassium_DL - Ammonium-N_DL",7.43849426498855e-15,"Potassium_DL","Ammonium-N_DL","Potassium","Ammonium-N","DL","DL"
"Potassium_XGB-PCA - Ammonium-N_DL",7.43849426498855e-15,"Potassium_XGB-PCA","Ammonium-N_DL","Potassium","Ammonium-N","XGB-PCA","DL"
"Nitrate-N_DL - Ammonium-N_DL",7.43849426498855e-15,"Nitrate-N_DL","Ammonium-N_DL","Nitrate-N","Ammonium-N","DL","DL"
"Magnesium_PLS - Ammonium-N_XGB-PCA",0.999999776475738,"Magnesium_PLS","Ammonium-N_XGB-PCA","Magnesium","Ammonium-N","PLS","XGB-PCA"
"Magnesium_XGB-PCA - Ammonium-N_XGB-PCA",0.500679737978388,"Magnesium_XGB-PCA","Ammonium-N_XGB-PCA","Magnesium","Ammonium-N","XGB-PCA","XGB-PCA"
"Magnesium_DL - Ammonium-N_XGB-PCA",0.0486780919059849,"Magnesium_DL","Ammonium-N_XGB-PCA","Magnesium","Ammonium-N","DL","XGB-PCA"
"Magnesium_RF-PCA - Ammonium-N_XGB-PCA",0.00811605458575448,"Magnesium_RF-PCA","Ammonium-N_XGB-PCA","Magnesium","Ammonium-N","RF-PCA","XGB-PCA"
"Phosphorus_RF-PCA - Ammonium-N_XGB-PCA",7.43849426498855e-15,"Phosphorus_RF-PCA","Ammonium-N_XGB-PCA","Phosphorus","Ammonium-N","RF-PCA","XGB-PCA"
"Phosphorus_PLS - Ammonium-N_XGB-PCA",7.43849426498855e-15,"Phosphorus_PLS","Ammonium-N_XGB-PCA","Phosphorus","Ammonium-N","PLS","XGB-PCA"
"Phosphorus_XGB-PCA - Ammonium-N_XGB-PCA",7.43849426498855e-15,"Phosphorus_XGB-PCA","Ammonium-N_XGB-PCA","Phosphorus","Ammonium-N","XGB-PCA","XGB-PCA"
"Calcium_XGB-PCA - Ammonium-N_XGB-PCA",7.43849426498855e-15,"Calcium_XGB-PCA","Ammonium-N_XGB-PCA","Calcium","Ammonium-N","XGB-PCA","XGB-PCA"
"Calcium_PLS - Ammonium-N_XGB-PCA",7.43849426498855e-15,"Calcium_PLS","Ammonium-N_XGB-PCA","Calcium","Ammonium-N","PLS","XGB-PCA"
"Phosphorus_DL - Ammonium-N_XGB-PCA",7.43849426498855e-15,"Phosphorus_DL","Ammonium-N_XGB-PCA","Phosphorus","Ammonium-N","DL","XGB-PCA"
"Calcium_RF-PCA - Ammonium-N_XGB-PCA",7.43849426498855e-15,"Calcium_RF-PCA","Ammonium-N_XGB-PCA","Calcium","Ammonium-N","RF-PCA","XGB-PCA"
"Calcium_DL - Ammonium-N_XGB-PCA",7.43849426498855e-15,"Calcium_DL","Ammonium-N_XGB-PCA","Calcium","Ammonium-N","DL","XGB-PCA"
"Sulfate_PLS - Ammonium-N_XGB-PCA",7.43849426498855e-15,"Sulfate_PLS","Ammonium-N_XGB-PCA","Sulfate","Ammonium-N","PLS","XGB-PCA"
"Sulfate_XGB-PCA - Ammonium-N_XGB-PCA",7.43849426498855e-15,"Sulfate_XGB-PCA","Ammonium-N_XGB-PCA","Sulfate","Ammonium-N","XGB-PCA","XGB-PCA"
"Sulfate_DL - Ammonium-N_XGB-PCA",7.43849426498855e-15,"Sulfate_DL","Ammonium-N_XGB-PCA","Sulfate","Ammonium-N","DL","XGB-PCA"
"Sulfate_RF-PCA - Ammonium-N_XGB-PCA",7.43849426498855e-15,"Sulfate_RF-PCA","Ammonium-N_XGB-PCA","Sulfate","Ammonium-N","RF-PCA","XGB-PCA"
"Nitrate-N_RF-PCA - Ammonium-N_XGB-PCA",7.43849426498855e-15,"Nitrate-N_RF-PCA","Ammonium-N_XGB-PCA","Nitrate-N","Ammonium-N","RF-PCA","XGB-PCA"
"Nitrate-N_XGB-PCA - Ammonium-N_XGB-PCA",7.43849426498855e-15,"Nitrate-N_XGB-PCA","Ammonium-N_XGB-PCA","Nitrate-N","Ammonium-N","XGB-PCA","XGB-PCA"
"Potassium_PLS - Ammonium-N_XGB-PCA",7.43849426498855e-15,"Potassium_PLS","Ammonium-N_XGB-PCA","Potassium","Ammonium-N","PLS","XGB-PCA"
"Nitrate-N_PLS - Ammonium-N_XGB-PCA",7.43849426498855e-15,"Nitrate-N_PLS","Ammonium-N_XGB-PCA","Nitrate-N","Ammonium-N","PLS","XGB-PCA"
"Potassium_RF-PCA - Ammonium-N_XGB-PCA",7.43849426498855e-15,"Potassium_RF-PCA","Ammonium-N_XGB-PCA","Potassium","Ammonium-N","RF-PCA","XGB-PCA"
"Potassium_DL - Ammonium-N_XGB-PCA",7.43849426498855e-15,"Potassium_DL","Ammonium-N_XGB-PCA","Potassium","Ammonium-N","DL","XGB-PCA"
"Potassium_XGB-PCA - Ammonium-N_XGB-PCA",7.43849426498855e-15,"Potassium_XGB-PCA","Ammonium-N_XGB-PCA","Potassium","Ammonium-N","XGB-PCA","XGB-PCA"
"Nitrate-N_DL - Ammonium-N_XGB-PCA",7.43849426498855e-15,"Nitrate-N_DL","Ammonium-N_XGB-PCA","Nitrate-N","Ammonium-N","DL","XGB-PCA"
"Magnesium_XGB-PCA - Magnesium_PLS",0.999998784215505,"Magnesium_XGB-PCA","Magnesium_PLS","Magnesium","Magnesium","XGB-PCA","PLS"
"Magnesium_DL - Magnesium_PLS",0.962924083945939,"Magnesium_DL","Magnesium_PLS","Magnesium","Magnesium","DL","PLS"
"Magnesium_RF-PCA - Magnesium_PLS",0.721238315502622,"Magnesium_RF-PCA","Magnesium_PLS","Magnesium","Magnesium","RF-PCA","PLS"
"Phosphorus_RF-PCA - Magnesium_PLS",1.05138120432002e-13,"Phosphorus_RF-PCA","Magnesium_PLS","Phosphorus","Magnesium","RF-PCA","PLS"
"Phosphorus_PLS - Magnesium_PLS",2.05391259555654e-14,"Phosphorus_PLS","Magnesium_PLS","Phosphorus","Magnesium","PLS","PLS"
"Phosphorus_XGB-PCA - Magnesium_PLS",7.54951656745106e-15,"Phosphorus_XGB-PCA","Magnesium_PLS","Phosphorus","Magnesium","XGB-PCA","PLS"
"Calcium_XGB-PCA - Magnesium_PLS",7.43849426498855e-15,"Calcium_XGB-PCA","Magnesium_PLS","Calcium","Magnesium","XGB-PCA","PLS"
"Calcium_PLS - Magnesium_PLS",7.43849426498855e-15,"Calcium_PLS","Magnesium_PLS","Calcium","Magnesium","PLS","PLS"
"Phosphorus_DL - Magnesium_PLS",7.43849426498855e-15,"Phosphorus_DL","Magnesium_PLS","Phosphorus","Magnesium","DL","PLS"
"Calcium_RF-PCA - Magnesium_PLS",7.43849426498855e-15,"Calcium_RF-PCA","Magnesium_PLS","Calcium","Magnesium","RF-PCA","PLS"
"Calcium_DL - Magnesium_PLS",7.43849426498855e-15,"Calcium_DL","Magnesium_PLS","Calcium","Magnesium","DL","PLS"
"Sulfate_PLS - Magnesium_PLS",7.43849426498855e-15,"Sulfate_PLS","Magnesium_PLS","Sulfate","Magnesium","PLS","PLS"
"Sulfate_XGB-PCA - Magnesium_PLS",7.43849426498855e-15,"Sulfate_XGB-PCA","Magnesium_PLS","Sulfate","Magnesium","XGB-PCA","PLS"
"Sulfate_DL - Magnesium_PLS",7.43849426498855e-15,"Sulfate_DL","Magnesium_PLS","Sulfate","Magnesium","DL","PLS"
"Sulfate_RF-PCA - Magnesium_PLS",7.43849426498855e-15,"Sulfate_RF-PCA","Magnesium_PLS","Sulfate","Magnesium","RF-PCA","PLS"
"Nitrate-N_RF-PCA - Magnesium_PLS",7.43849426498855e-15,"Nitrate-N_RF-PCA","Magnesium_PLS","Nitrate-N","Magnesium","RF-PCA","PLS"
"Nitrate-N_XGB-PCA - Magnesium_PLS",7.43849426498855e-15,"Nitrate-N_XGB-PCA","Magnesium_PLS","Nitrate-N","Magnesium","XGB-PCA","PLS"
"Potassium_PLS - Magnesium_PLS",7.43849426498855e-15,"Potassium_PLS","Magnesium_PLS","Potassium","Magnesium","PLS","PLS"
"Nitrate-N_PLS - Magnesium_PLS",7.43849426498855e-15,"Nitrate-N_PLS","Magnesium_PLS","Nitrate-N","Magnesium","PLS","PLS"
"Potassium_RF-PCA - Magnesium_PLS",7.43849426498855e-15,"Potassium_RF-PCA","Magnesium_PLS","Potassium","Magnesium","RF-PCA","PLS"
"Potassium_DL - Magnesium_PLS",7.43849426498855e-15,"Potassium_DL","Magnesium_PLS","Potassium","Magnesium","DL","PLS"
"Potassium_XGB-PCA - Magnesium_PLS",7.43849426498855e-15,"Potassium_XGB-PCA","Magnesium_PLS","Potassium","Magnesium","XGB-PCA","PLS"
"Nitrate-N_DL - Magnesium_PLS",7.43849426498855e-15,"Nitrate-N_DL","Magnesium_PLS","Nitrate-N","Magnesium","DL","PLS"
"Magnesium_DL - Magnesium_XGB-PCA",1,"Magnesium_DL","Magnesium_XGB-PCA","Magnesium","Magnesium","DL","XGB-PCA"
"Magnesium_RF-PCA - Magnesium_XGB-PCA",0.999999999700125,"Magnesium_RF-PCA","Magnesium_XGB-PCA","Magnesium","Magnesium","RF-PCA","XGB-PCA"
"Phosphorus_RF-PCA - Magnesium_XGB-PCA",5.36570787801338e-13,"Phosphorus_RF-PCA","Magnesium_XGB-PCA","Phosphorus","Magnesium","RF-PCA","XGB-PCA"
"Phosphorus_PLS - Magnesium_XGB-PCA",5.3534954247425e-13,"Phosphorus_PLS","Magnesium_XGB-PCA","Phosphorus","Magnesium","PLS","XGB-PCA"
"Phosphorus_XGB-PCA - Magnesium_XGB-PCA",5.48894263374677e-13,"Phosphorus_XGB-PCA","Magnesium_XGB-PCA","Phosphorus","Magnesium","XGB-PCA","XGB-PCA"
"Calcium_XGB-PCA - Magnesium_XGB-PCA",8.32667268468867e-15,"Calcium_XGB-PCA","Magnesium_XGB-PCA","Calcium","Magnesium","XGB-PCA","XGB-PCA"
"Calcium_PLS - Magnesium_XGB-PCA",8.32667268468867e-15,"Calcium_PLS","Magnesium_XGB-PCA","Calcium","Magnesium","PLS","XGB-PCA"
"Phosphorus_DL - Magnesium_XGB-PCA",7.54951656745106e-15,"Phosphorus_DL","Magnesium_XGB-PCA","Phosphorus","Magnesium","DL","XGB-PCA"
"Calcium_RF-PCA - Magnesium_XGB-PCA",7.43849426498855e-15,"Calcium_RF-PCA","Magnesium_XGB-PCA","Calcium","Magnesium","RF-PCA","XGB-PCA"
"Calcium_DL - Magnesium_XGB-PCA",7.43849426498855e-15,"Calcium_DL","Magnesium_XGB-PCA","Calcium","Magnesium","DL","XGB-PCA"
"Sulfate_PLS - Magnesium_XGB-PCA",7.43849426498855e-15,"Sulfate_PLS","Magnesium_XGB-PCA","Sulfate","Magnesium","PLS","XGB-PCA"
"Sulfate_XGB-PCA - Magnesium_XGB-PCA",7.43849426498855e-15,"Sulfate_XGB-PCA","Magnesium_XGB-PCA","Sulfate","Magnesium","XGB-PCA","XGB-PCA"
"Sulfate_DL - Magnesium_XGB-PCA",7.43849426498855e-15,"Sulfate_DL","Magnesium_XGB-PCA","Sulfate","Magnesium","DL","XGB-PCA"
"Sulfate_RF-PCA - Magnesium_XGB-PCA",7.43849426498855e-15,"Sulfate_RF-PCA","Magnesium_XGB-PCA","Sulfate","Magnesium","RF-PCA","XGB-PCA"
"Nitrate-N_RF-PCA - Magnesium_XGB-PCA",7.43849426498855e-15,"Nitrate-N_RF-PCA","Magnesium_XGB-PCA","Nitrate-N","Magnesium","RF-PCA","XGB-PCA"
"Nitrate-N_XGB-PCA - Magnesium_XGB-PCA",7.43849426498855e-15,"Nitrate-N_XGB-PCA","Magnesium_XGB-PCA","Nitrate-N","Magnesium","XGB-PCA","XGB-PCA"
"Potassium_PLS - Magnesium_XGB-PCA",7.43849426498855e-15,"Potassium_PLS","Magnesium_XGB-PCA","Potassium","Magnesium","PLS","XGB-PCA"
"Nitrate-N_PLS - Magnesium_XGB-PCA",7.43849426498855e-15,"Nitrate-N_PLS","Magnesium_XGB-PCA","Nitrate-N","Magnesium","PLS","XGB-PCA"
"Potassium_RF-PCA - Magnesium_XGB-PCA",7.43849426498855e-15,"Potassium_RF-PCA","Magnesium_XGB-PCA","Potassium","Magnesium","RF-PCA","XGB-PCA"
"Potassium_DL - Magnesium_XGB-PCA",7.43849426498855e-15,"Potassium_DL","Magnesium_XGB-PCA","Potassium","Magnesium","DL","XGB-PCA"
"Potassium_XGB-PCA - Magnesium_XGB-PCA",7.43849426498855e-15,"Potassium_XGB-PCA","Magnesium_XGB-PCA","Potassium","Magnesium","XGB-PCA","XGB-PCA"
"Nitrate-N_DL - Magnesium_XGB-PCA",7.43849426498855e-15,"Nitrate-N_DL","Magnesium_XGB-PCA","Nitrate-N","Magnesium","DL","XGB-PCA"
"Magnesium_RF-PCA - Magnesium_DL",1,"Magnesium_RF-PCA","Magnesium_DL","Magnesium","Magnesium","RF-PCA","DL"
"Phosphorus_RF-PCA - Magnesium_DL",4.9427129056312e-13,"Phosphorus_RF-PCA","Magnesium_DL","Phosphorus","Magnesium","RF-PCA","DL"
"Phosphorus_PLS - Magnesium_DL",5.51891865541165e-13,"Phosphorus_PLS","Magnesium_DL","Phosphorus","Magnesium","PLS","DL"
"Phosphorus_XGB-PCA - Magnesium_DL",5.33795230239775e-13,"Phosphorus_XGB-PCA","Magnesium_DL","Phosphorus","Magnesium","XGB-PCA","DL"
"Calcium_XGB-PCA - Magnesium_DL",2.72004641033163e-13,"Calcium_XGB-PCA","Magnesium_DL","Calcium","Magnesium","XGB-PCA","DL"
"Calcium_PLS - Magnesium_DL",2.70117261891301e-13,"Calcium_PLS","Magnesium_DL","Calcium","Magnesium","PLS","DL"
"Phosphorus_DL - Magnesium_DL",9.44799793956008e-14,"Phosphorus_DL","Magnesium_DL","Phosphorus","Magnesium","DL","DL"
"Calcium_RF-PCA - Magnesium_DL",7.66053886991358e-15,"Calcium_RF-PCA","Magnesium_DL","Calcium","Magnesium","RF-PCA","DL"
"Calcium_DL - Magnesium_DL",7.43849426498855e-15,"Calcium_DL","Magnesium_DL","Calcium","Magnesium","DL","DL"
"Sulfate_PLS - Magnesium_DL",7.43849426498855e-15,"Sulfate_PLS","Magnesium_DL","Sulfate","Magnesium","PLS","DL"
"Sulfate_XGB-PCA - Magnesium_DL",7.43849426498855e-15,"Sulfate_XGB-PCA","Magnesium_DL","Sulfate","Magnesium","XGB-PCA","DL"
"Sulfate_DL - Magnesium_DL",7.43849426498855e-15,"Sulfate_DL","Magnesium_DL","Sulfate","Magnesium","DL","DL"
"Sulfate_RF-PCA - Magnesium_DL",7.43849426498855e-15,"Sulfate_RF-PCA","Magnesium_DL","Sulfate","Magnesium","RF-PCA","DL"
"Nitrate-N_RF-PCA - Magnesium_DL",7.43849426498855e-15,"Nitrate-N_RF-PCA","Magnesium_DL","Nitrate-N","Magnesium","RF-PCA","DL"
"Nitrate-N_XGB-PCA - Magnesium_DL",7.43849426498855e-15,"Nitrate-N_XGB-PCA","Magnesium_DL","Nitrate-N","Magnesium","XGB-PCA","DL"
"Potassium_PLS - Magnesium_DL",7.43849426498855e-15,"Potassium_PLS","Magnesium_DL","Potassium","Magnesium","PLS","DL"
"Nitrate-N_PLS - Magnesium_DL",7.43849426498855e-15,"Nitrate-N_PLS","Magnesium_DL","Nitrate-N","Magnesium","PLS","DL"
"Potassium_RF-PCA - Magnesium_DL",7.43849426498855e-15,"Potassium_RF-PCA","Magnesium_DL","Potassium","Magnesium","RF-PCA","DL"
"Potassium_DL - Magnesium_DL",7.43849426498855e-15,"Potassium_DL","Magnesium_DL","Potassium","Magnesium","DL","DL"
"Potassium_XGB-PCA - Magnesium_DL",7.43849426498855e-15,"Potassium_XGB-PCA","Magnesium_DL","Potassium","Magnesium","XGB-PCA","DL"
"Nitrate-N_DL - Magnesium_DL",7.43849426498855e-15,"Nitrate-N_DL","Magnesium_DL","Nitrate-N","Magnesium","DL","DL"
"Phosphorus_RF-PCA - Magnesium_RF-PCA",7.92033105767587e-13,"Phosphorus_RF-PCA","Magnesium_RF-PCA","Phosphorus","Magnesium","RF-PCA","RF-PCA"
"Phosphorus_PLS - Magnesium_RF-PCA",4.98157071149308e-13,"Phosphorus_PLS","Magnesium_RF-PCA","Phosphorus","Magnesium","PLS","RF-PCA"
"Phosphorus_XGB-PCA - Magnesium_RF-PCA",5.72430991496731e-13,"Phosphorus_XGB-PCA","Magnesium_RF-PCA","Phosphorus","Magnesium","XGB-PCA","RF-PCA"
"Calcium_XGB-PCA - Magnesium_RF-PCA",5.11368725142347e-13,"Calcium_XGB-PCA","Magnesium_RF-PCA","Calcium","Magnesium","XGB-PCA","RF-PCA"
"Calcium_PLS - Magnesium_RF-PCA",5.1147974744481e-13,"Calcium_PLS","Magnesium_RF-PCA","Calcium","Magnesium","PLS","RF-PCA"
"Phosphorus_DL - Magnesium_RF-PCA",4.0645264931527e-13,"Phosphorus_DL","Magnesium_RF-PCA","Phosphorus","Magnesium","DL","RF-PCA"
"Calcium_RF-PCA - Magnesium_RF-PCA",2.64233079860787e-14,"Calcium_RF-PCA","Magnesium_RF-PCA","Calcium","Magnesium","RF-PCA","RF-PCA"
"Calcium_DL - Magnesium_RF-PCA",7.66053886991358e-15,"Calcium_DL","Magnesium_RF-PCA","Calcium","Magnesium","DL","RF-PCA"
"Sulfate_PLS - Magnesium_RF-PCA",7.43849426498855e-15,"Sulfate_PLS","Magnesium_RF-PCA","Sulfate","Magnesium","PLS","RF-PCA"
"Sulfate_XGB-PCA - Magnesium_RF-PCA",7.43849426498855e-15,"Sulfate_XGB-PCA","Magnesium_RF-PCA","Sulfate","Magnesium","XGB-PCA","RF-PCA"
"Sulfate_DL - Magnesium_RF-PCA",7.43849426498855e-15,"Sulfate_DL","Magnesium_RF-PCA","Sulfate","Magnesium","DL","RF-PCA"
"Sulfate_RF-PCA - Magnesium_RF-PCA",7.43849426498855e-15,"Sulfate_RF-PCA","Magnesium_RF-PCA","Sulfate","Magnesium","RF-PCA","RF-PCA"
"Nitrate-N_RF-PCA - Magnesium_RF-PCA",7.43849426498855e-15,"Nitrate-N_RF-PCA","Magnesium_RF-PCA","Nitrate-N","Magnesium","RF-PCA","RF-PCA"
"Nitrate-N_XGB-PCA - Magnesium_RF-PCA",7.43849426498855e-15,"Nitrate-N_XGB-PCA","Magnesium_RF-PCA","Nitrate-N","Magnesium","XGB-PCA","RF-PCA"
"Potassium_PLS - Magnesium_RF-PCA",7.43849426498855e-15,"Potassium_PLS","Magnesium_RF-PCA","Potassium","Magnesium","PLS","RF-PCA"
"Nitrate-N_PLS - Magnesium_RF-PCA",7.43849426498855e-15,"Nitrate-N_PLS","Magnesium_RF-PCA","Nitrate-N","Magnesium","PLS","RF-PCA"
"Potassium_RF-PCA - Magnesium_RF-PCA",7.43849426498855e-15,"Potassium_RF-PCA","Magnesium_RF-PCA","Potassium","Magnesium","RF-PCA","RF-PCA"
"Potassium_DL - Magnesium_RF-PCA",7.43849426498855e-15,"Potassium_DL","Magnesium_RF-PCA","Potassium","Magnesium","DL","RF-PCA"
"Potassium_XGB-PCA - Magnesium_RF-PCA",7.43849426498855e-15,"Potassium_XGB-PCA","Magnesium_RF-PCA","Potassium","Magnesium","XGB-PCA","RF-PCA"
"Nitrate-N_DL - Magnesium_RF-PCA",7.43849426498855e-15,"Nitrate-N_DL","Magnesium_RF-PCA","Nitrate-N","Magnesium","DL","RF-PCA"
"Phosphorus_PLS - Phosphorus_RF-PCA",1,"Phosphorus_PLS","Phosphorus_RF-PCA","Phosphorus","Phosphorus","PLS","RF-PCA"
"Phosphorus_XGB-PCA - Phosphorus_RF-PCA",1,"Phosphorus_XGB-PCA","Phosphorus_RF-PCA","Phosphorus","Phosphorus","XGB-PCA","RF-PCA"
"Calcium_XGB-PCA - Phosphorus_RF-PCA",0.994169202865786,"Calcium_XGB-PCA","Phosphorus_RF-PCA","Calcium","Phosphorus","XGB-PCA","RF-PCA"
"Calcium_PLS - Phosphorus_RF-PCA",0.994084812943373,"Calcium_PLS","Phosphorus_RF-PCA","Calcium","Phosphorus","PLS","RF-PCA"
"Phosphorus_DL - Phosphorus_RF-PCA",0.957530451342463,"Phosphorus_DL","Phosphorus_RF-PCA","Phosphorus","Phosphorus","DL","RF-PCA"
"Calcium_RF-PCA - Phosphorus_RF-PCA",0.515869806214447,"Calcium_RF-PCA","Phosphorus_RF-PCA","Calcium","Phosphorus","RF-PCA","RF-PCA"
"Calcium_DL - Phosphorus_RF-PCA",0.145952602526803,"Calcium_DL","Phosphorus_RF-PCA","Calcium","Phosphorus","DL","RF-PCA"
"Sulfate_PLS - Phosphorus_RF-PCA",0.00961082342118635,"Sulfate_PLS","Phosphorus_RF-PCA","Sulfate","Phosphorus","PLS","RF-PCA"
"Sulfate_XGB-PCA - Phosphorus_RF-PCA",3.26243525783365e-06,"Sulfate_XGB-PCA","Phosphorus_RF-PCA","Sulfate","Phosphorus","XGB-PCA","RF-PCA"
"Sulfate_DL - Phosphorus_RF-PCA",3.0096285574821e-07,"Sulfate_DL","Phosphorus_RF-PCA","Sulfate","Phosphorus","DL","RF-PCA"
"Sulfate_RF-PCA - Phosphorus_RF-PCA",1.62016278171251e-09,"Sulfate_RF-PCA","Phosphorus_RF-PCA","Sulfate","Phosphorus","RF-PCA","RF-PCA"
"Nitrate-N_RF-PCA - Phosphorus_RF-PCA",5.20361531641811e-13,"Nitrate-N_RF-PCA","Phosphorus_RF-PCA","Nitrate-N","Phosphorus","RF-PCA","RF-PCA"
"Nitrate-N_XGB-PCA - Phosphorus_RF-PCA",5.56887869151979e-13,"Nitrate-N_XGB-PCA","Phosphorus_RF-PCA","Nitrate-N","Phosphorus","XGB-PCA","RF-PCA"
"Potassium_PLS - Phosphorus_RF-PCA",5.19584375524573e-13,"Potassium_PLS","Phosphorus_RF-PCA","Potassium","Phosphorus","PLS","RF-PCA"
"Nitrate-N_PLS - Phosphorus_RF-PCA",9.81437153768638e-14,"Nitrate-N_PLS","Phosphorus_RF-PCA","Nitrate-N","Phosphorus","PLS","RF-PCA"
"Potassium_RF-PCA - Phosphorus_RF-PCA",7.37188088351104e-14,"Potassium_RF-PCA","Phosphorus_RF-PCA","Potassium","Phosphorus","RF-PCA","RF-PCA"
"Potassium_DL - Phosphorus_RF-PCA",3.48610029732299e-14,"Potassium_DL","Phosphorus_RF-PCA","Potassium","Phosphorus","DL","RF-PCA"
"Potassium_XGB-PCA - Phosphorus_RF-PCA",8.88178419700125e-15,"Potassium_XGB-PCA","Phosphorus_RF-PCA","Potassium","Phosphorus","XGB-PCA","RF-PCA"
"Nitrate-N_DL - Phosphorus_RF-PCA",7.43849426498855e-15,"Nitrate-N_DL","Phosphorus_RF-PCA","Nitrate-N","Phosphorus","DL","RF-PCA"
"Phosphorus_XGB-PCA - Phosphorus_PLS",1,"Phosphorus_XGB-PCA","Phosphorus_PLS","Phosphorus","Phosphorus","XGB-PCA","PLS"
"Calcium_XGB-PCA - Phosphorus_PLS",0.999823065123796,"Calcium_XGB-PCA","Phosphorus_PLS","Calcium","Phosphorus","XGB-PCA","PLS"
"Calcium_PLS - Phosphorus_PLS",0.999819138519584,"Calcium_PLS","Phosphorus_PLS","Calcium","Phosphorus","PLS","PLS"
"Phosphorus_DL - Phosphorus_PLS",0.99615684999573,"Phosphorus_DL","Phosphorus_PLS","Phosphorus","Phosphorus","DL","PLS"
"Calcium_RF-PCA - Phosphorus_PLS",0.779938960960458,"Calcium_RF-PCA","Phosphorus_PLS","Calcium","Phosphorus","RF-PCA","PLS"
"Calcium_DL - Phosphorus_PLS",0.329968821589117,"Calcium_DL","Phosphorus_PLS","Calcium","Phosphorus","DL","PLS"
"Sulfate_PLS - Phosphorus_PLS",0.0332661041026645,"Sulfate_PLS","Phosphorus_PLS","Sulfate","Phosphorus","PLS","PLS"
"Sulfate_XGB-PCA - Phosphorus_PLS",1.99246247988283e-05,"Sulfate_XGB-PCA","Phosphorus_PLS","Sulfate","Phosphorus","XGB-PCA","PLS"
"Sulfate_DL - Phosphorus_PLS",2.06105672884149e-06,"Sulfate_DL","Phosphorus_PLS","Sulfate","Phosphorus","DL","PLS"
"Sulfate_RF-PCA - Phosphorus_PLS",1.37932724131318e-08,"Sulfate_RF-PCA","Phosphorus_PLS","Sulfate","Phosphorus","RF-PCA","PLS"
"Nitrate-N_RF-PCA - Phosphorus_PLS",5.18030063290098e-13,"Nitrate-N_RF-PCA","Phosphorus_PLS","Nitrate-N","Phosphorus","RF-PCA","PLS"
"Nitrate-N_XGB-PCA - Phosphorus_PLS",5.56887869151979e-13,"Nitrate-N_XGB-PCA","Phosphorus_PLS","Nitrate-N","Phosphorus","XGB-PCA","PLS"
"Potassium_PLS - Phosphorus_PLS",5.86641846211933e-13,"Potassium_PLS","Phosphorus_PLS","Potassium","Phosphorus","PLS","PLS"
"Nitrate-N_PLS - Phosphorus_PLS",3.05200309469456e-13,"Nitrate-N_PLS","Phosphorus_PLS","Nitrate-N","Phosphorus","PLS","PLS"
"Potassium_RF-PCA - Phosphorus_PLS",2.75002243199651e-13,"Potassium_RF-PCA","Phosphorus_PLS","Potassium","Phosphorus","RF-PCA","PLS"
"Potassium_DL - Phosphorus_PLS",1.60760293965723e-13,"Potassium_DL","Phosphorus_PLS","Potassium","Phosphorus","DL","PLS"
"Potassium_XGB-PCA - Phosphorus_PLS",3.83026943495679e-14,"Potassium_XGB-PCA","Phosphorus_PLS","Potassium","Phosphorus","XGB-PCA","PLS"
"Nitrate-N_DL - Phosphorus_PLS",7.43849426498855e-15,"Nitrate-N_DL","Phosphorus_PLS","Nitrate-N","Phosphorus","DL","PLS"
"Calcium_XGB-PCA - Phosphorus_XGB-PCA",0.999999986968292,"Calcium_XGB-PCA","Phosphorus_XGB-PCA","Calcium","Phosphorus","XGB-PCA","XGB-PCA"
"Calcium_PLS - Phosphorus_XGB-PCA",0.999999986419927,"Calcium_PLS","Phosphorus_XGB-PCA","Calcium","Phosphorus","PLS","XGB-PCA"
"Phosphorus_DL - Phosphorus_XGB-PCA",0.999995510865714,"Phosphorus_DL","Phosphorus_XGB-PCA","Phosphorus","Phosphorus","DL","XGB-PCA"
"Calcium_RF-PCA - Phosphorus_XGB-PCA",0.983352234406524,"Calcium_RF-PCA","Phosphorus_XGB-PCA","Calcium","Phosphorus","RF-PCA","XGB-PCA"
"Calcium_DL - Phosphorus_XGB-PCA",0.750482133935912,"Calcium_DL","Phosphorus_XGB-PCA","Calcium","Phosphorus","DL","XGB-PCA"
"Sulfate_PLS - Phosphorus_XGB-PCA",0.17207047564695,"Sulfate_PLS","Phosphorus_XGB-PCA","Sulfate","Phosphorus","PLS","XGB-PCA"
"Sulfate_XGB-PCA - Phosphorus_XGB-PCA",0.000290887986536315,"Sulfate_XGB-PCA","Phosphorus_XGB-PCA","Sulfate","Phosphorus","XGB-PCA","XGB-PCA"
"Sulfate_DL - Phosphorus_XGB-PCA",3.65501245254141e-05,"Sulfate_DL","Phosphorus_XGB-PCA","Sulfate","Phosphorus","DL","XGB-PCA"
"Sulfate_RF-PCA - Phosphorus_XGB-PCA",3.5105435103322e-07,"Sulfate_RF-PCA","Phosphorus_XGB-PCA","Sulfate","Phosphorus","RF-PCA","XGB-PCA"
"Nitrate-N_RF-PCA - Phosphorus_XGB-PCA",1.93578486573642e-12,"Nitrate-N_RF-PCA","Phosphorus_XGB-PCA","Nitrate-N","Phosphorus","RF-PCA","XGB-PCA"
"Nitrate-N_XGB-PCA - Phosphorus_XGB-PCA",5.6576965334898e-13,"Nitrate-N_XGB-PCA","Phosphorus_XGB-PCA","Nitrate-N","Phosphorus","XGB-PCA","XGB-PCA"
"Potassium_PLS - Phosphorus_XGB-PCA",4.9338311214342e-13,"Potassium_PLS","Phosphorus_XGB-PCA","Potassium","Phosphorus","PLS","XGB-PCA"
"Nitrate-N_PLS - Phosphorus_XGB-PCA",5.3090865037575e-13,"Nitrate-N_PLS","Phosphorus_XGB-PCA","Nitrate-N","Phosphorus","PLS","XGB-PCA"
"Potassium_RF-PCA - Phosphorus_XGB-PCA",5.28022070511724e-13,"Potassium_RF-PCA","Phosphorus_XGB-PCA","Potassium","Phosphorus","RF-PCA","XGB-PCA"
"Potassium_DL - Phosphorus_XGB-PCA",4.97601959636995e-13,"Potassium_DL","Phosphorus_XGB-PCA","Potassium","Phosphorus","DL","XGB-PCA"
"Potassium_XGB-PCA - Phosphorus_XGB-PCA",3.15192316691082e-13,"Potassium_XGB-PCA","Phosphorus_XGB-PCA","Potassium","Phosphorus","XGB-PCA","XGB-PCA"
"Nitrate-N_DL - Phosphorus_XGB-PCA",7.66053886991358e-15,"Nitrate-N_DL","Phosphorus_XGB-PCA","Nitrate-N","Phosphorus","DL","XGB-PCA"
"Calcium_PLS - Calcium_XGB-PCA",1,"Calcium_PLS","Calcium_XGB-PCA","Calcium","Calcium","PLS","XGB-PCA"
"Phosphorus_DL - Calcium_XGB-PCA",1,"Phosphorus_DL","Calcium_XGB-PCA","Phosphorus","Calcium","DL","XGB-PCA"
"Calcium_RF-PCA - Calcium_XGB-PCA",1,"Calcium_RF-PCA","Calcium_XGB-PCA","Calcium","Calcium","RF-PCA","XGB-PCA"
"Calcium_DL - Calcium_XGB-PCA",0.999999973751535,"Calcium_DL","Calcium_XGB-PCA","Calcium","Calcium","DL","XGB-PCA"
"Sulfate_PLS - Calcium_XGB-PCA",0.995541782924186,"Sulfate_PLS","Calcium_XGB-PCA","Sulfate","Calcium","PLS","XGB-PCA"
"Sulfate_XGB-PCA - Calcium_XGB-PCA",0.124524340700658,"Sulfate_XGB-PCA","Calcium_XGB-PCA","Sulfate","Calcium","XGB-PCA","XGB-PCA"
"Sulfate_DL - Calcium_XGB-PCA",0.0330894639061878,"Sulfate_DL","Calcium_XGB-PCA","Sulfate","Calcium","DL","XGB-PCA"
"Sulfate_RF-PCA - Calcium_XGB-PCA",0.00112654207808505,"Sulfate_RF-PCA","Calcium_XGB-PCA","Sulfate","Calcium","RF-PCA","XGB-PCA"
"Nitrate-N_RF-PCA - Calcium_XGB-PCA",4.25603468023894e-08,"Nitrate-N_RF-PCA","Calcium_XGB-PCA","Nitrate-N","Calcium","RF-PCA","XGB-PCA"
"Nitrate-N_XGB-PCA - Calcium_XGB-PCA",2.75496914170503e-09,"Nitrate-N_XGB-PCA","Calcium_XGB-PCA","Nitrate-N","Calcium","XGB-PCA","XGB-PCA"
"Potassium_PLS - Calcium_XGB-PCA",7.18683335065862e-10,"Potassium_PLS","Calcium_XGB-PCA","Potassium","Calcium","PLS","XGB-PCA"
"Nitrate-N_PLS - Calcium_XGB-PCA",5.74207348336131e-13,"Nitrate-N_PLS","Calcium_XGB-PCA","Nitrate-N","Calcium","PLS","XGB-PCA"
"Potassium_RF-PCA - Calcium_XGB-PCA",5.49560397189452e-13,"Potassium_RF-PCA","Calcium_XGB-PCA","Potassium","Calcium","RF-PCA","XGB-PCA"
"Potassium_DL - Calcium_XGB-PCA",5.58553203688916e-13,"Potassium_DL","Calcium_XGB-PCA","Potassium","Calcium","DL","XGB-PCA"
"Potassium_XGB-PCA - Calcium_XGB-PCA",5.32018873400375e-13,"Potassium_XGB-PCA","Calcium_XGB-PCA","Potassium","Calcium","XGB-PCA","XGB-PCA"
"Nitrate-N_DL - Calcium_XGB-PCA",5.1236792586451e-13,"Nitrate-N_DL","Calcium_XGB-PCA","Nitrate-N","Calcium","DL","XGB-PCA"
"Phosphorus_DL - Calcium_PLS",1,"Phosphorus_DL","Calcium_PLS","Phosphorus","Calcium","DL","PLS"
"Calcium_RF-PCA - Calcium_PLS",1,"Calcium_RF-PCA","Calcium_PLS","Calcium","Calcium","RF-PCA","PLS"
"Calcium_DL - Calcium_PLS",0.999999974778154,"Calcium_DL","Calcium_PLS","Calcium","Calcium","DL","PLS"
"Sulfate_PLS - Calcium_PLS",0.995608194967329,"Sulfate_PLS","Calcium_PLS","Sulfate","Calcium","PLS","PLS"
"Sulfate_XGB-PCA - Calcium_PLS",0.125134947762397,"Sulfate_XGB-PCA","Calcium_PLS","Sulfate","Calcium","XGB-PCA","PLS"
"Sulfate_DL - Calcium_PLS",0.0332885512473738,"Sulfate_DL","Calcium_PLS","Sulfate","Calcium","DL","PLS"
"Sulfate_RF-PCA - Calcium_PLS",0.0011352742549221,"Sulfate_RF-PCA","Calcium_PLS","Sulfate","Calcium","RF-PCA","PLS"
"Nitrate-N_RF-PCA - Calcium_PLS",4.30117192973256e-08,"Nitrate-N_RF-PCA","Calcium_PLS","Nitrate-N","Calcium","RF-PCA","PLS"
"Nitrate-N_XGB-PCA - Calcium_PLS",2.78575917889157e-09,"Nitrate-N_XGB-PCA","Calcium_PLS","Nitrate-N","Calcium","XGB-PCA","PLS"
"Potassium_PLS - Calcium_PLS",7.26904314518606e-10,"Potassium_PLS","Calcium_PLS","Potassium","Calcium","PLS","PLS"
"Nitrate-N_PLS - Calcium_PLS",5.73430192218893e-13,"Nitrate-N_PLS","Calcium_PLS","Nitrate-N","Calcium","PLS","PLS"
"Potassium_RF-PCA - Calcium_PLS",5.5122573172639e-13,"Potassium_RF-PCA","Calcium_PLS","Potassium","Calcium","RF-PCA","PLS"
"Potassium_DL - Calcium_PLS",5.58775248293841e-13,"Potassium_DL","Calcium_PLS","Potassium","Calcium","DL","PLS"
"Potassium_XGB-PCA - Calcium_PLS",5.31574784190525e-13,"Potassium_XGB-PCA","Calcium_PLS","Potassium","Calcium","XGB-PCA","PLS"
"Nitrate-N_DL - Calcium_PLS",5.12923037376822e-13,"Nitrate-N_DL","Calcium_PLS","Nitrate-N","Calcium","DL","PLS"
"Calcium_RF-PCA - Phosphorus_DL",1,"Calcium_RF-PCA","Phosphorus_DL","Calcium","Phosphorus","RF-PCA","DL"
"Calcium_DL - Phosphorus_DL",0.999999999990227,"Calcium_DL","Phosphorus_DL","Calcium","Phosphorus","DL","DL"
"Sulfate_PLS - Phosphorus_DL",0.999781062294063,"Sulfate_PLS","Phosphorus_DL","Sulfate","Phosphorus","PLS","DL"
"Sulfate_XGB-PCA - Phosphorus_DL",0.261424089882497,"Sulfate_XGB-PCA","Phosphorus_DL","Sulfate","Phosphorus","XGB-PCA","DL"
"Sulfate_DL - Phosphorus_DL",0.0846638510558705,"Sulfate_DL","Phosphorus_DL","Sulfate","Phosphorus","DL","DL"
"Sulfate_RF-PCA - Phosphorus_DL",0.0039033149841422,"Sulfate_RF-PCA","Phosphorus_DL","Sulfate","Phosphorus","RF-PCA","DL"
"Nitrate-N_RF-PCA - Phosphorus_DL",2.38965240040301e-07,"Nitrate-N_RF-PCA","Phosphorus_DL","Nitrate-N","Phosphorus","RF-PCA","DL"
"Nitrate-N_XGB-PCA - Phosphorus_DL",1.70101830399005e-08,"Nitrate-N_XGB-PCA","Phosphorus_DL","Nitrate-N","Phosphorus","XGB-PCA","DL"
"Potassium_PLS - Phosphorus_DL",4.63615690282637e-09,"Potassium_PLS","Phosphorus_DL","Potassium","Phosphorus","PLS","DL"
"Nitrate-N_PLS - Phosphorus_DL",4.9515946898282e-13,"Nitrate-N_PLS","Phosphorus_DL","Nitrate-N","Phosphorus","PLS","DL"
"Potassium_RF-PCA - Phosphorus_DL",4.75841588354342e-13,"Potassium_RF-PCA","Phosphorus_DL","Potassium","Phosphorus","RF-PCA","DL"
"Potassium_DL - Phosphorus_DL",5.40234523782601e-13,"Potassium_DL","Phosphorus_DL","Potassium","Phosphorus","DL","DL"
"Potassium_XGB-PCA - Phosphorus_DL",5.41788836017076e-13,"Potassium_XGB-PCA","Phosphorus_DL","Potassium","Phosphorus","XGB-PCA","DL"
"Nitrate-N_DL - Phosphorus_DL",5.26356735974787e-13,"Nitrate-N_DL","Phosphorus_DL","Nitrate-N","Phosphorus","DL","DL"
"Calcium_DL - Calcium_RF-PCA",1,"Calcium_DL","Calcium_RF-PCA","Calcium","Calcium","DL","RF-PCA"
"Sulfate_PLS - Calcium_RF-PCA",0.999999999851476,"Sulfate_PLS","Calcium_RF-PCA","Sulfate","Calcium","PLS","RF-PCA"
"Sulfate_XGB-PCA - Calcium_RF-PCA",0.805670877646832,"Sulfate_XGB-PCA","Calcium_RF-PCA","Sulfate","Calcium","XGB-PCA","RF-PCA"
"Sulfate_DL - Calcium_RF-PCA",0.480108279774416,"Sulfate_DL","Calcium_RF-PCA","Sulfate","Calcium","DL","RF-PCA"
"Sulfate_RF-PCA - Calcium_RF-PCA",0.0574281291106028,"Sulfate_RF-PCA","Calcium_RF-PCA","Sulfate","Calcium","RF-PCA","RF-PCA"
"Nitrate-N_RF-PCA - Calcium_RF-PCA",1.36166701576457e-05,"Nitrate-N_RF-PCA","Calcium_RF-PCA","Nitrate-N","Calcium","RF-PCA","RF-PCA"
"Nitrate-N_XGB-PCA - Calcium_RF-PCA",1.24344078711314e-06,"Nitrate-N_XGB-PCA","Calcium_RF-PCA","Nitrate-N","Calcium","XGB-PCA","RF-PCA"
"Potassium_PLS - Calcium_RF-PCA",3.7998601798428e-07,"Potassium_PLS","Calcium_RF-PCA","Potassium","Calcium","PLS","RF-PCA"
"Nitrate-N_PLS - Calcium_RF-PCA",1.83830728417433e-12,"Nitrate-N_PLS","Calcium_RF-PCA","Nitrate-N","Calcium","PLS","RF-PCA"
"Potassium_RF-PCA - Calcium_RF-PCA",1.48903112062726e-12,"Potassium_RF-PCA","Calcium_RF-PCA","Potassium","Calcium","RF-PCA","RF-PCA"
"Potassium_DL - Calcium_RF-PCA",8.35997937542743e-13,"Potassium_DL","Calcium_RF-PCA","Potassium","Calcium","DL","RF-PCA"
"Potassium_XGB-PCA - Calcium_RF-PCA",5.14255305006373e-13,"Potassium_XGB-PCA","Calcium_RF-PCA","Potassium","Calcium","XGB-PCA","RF-PCA"
"Nitrate-N_DL - Calcium_RF-PCA",5.43343148251552e-13,"Nitrate-N_DL","Calcium_RF-PCA","Nitrate-N","Calcium","DL","RF-PCA"
"Sulfate_PLS - Calcium_DL",1,"Sulfate_PLS","Calcium_DL","Sulfate","Calcium","PLS","DL"
"Sulfate_XGB-PCA - Calcium_DL",0.990787061850032,"Sulfate_XGB-PCA","Calcium_DL","Sulfate","Calcium","XGB-PCA","DL"
"Sulfate_DL - Calcium_DL",0.893073297737714,"Sulfate_DL","Calcium_DL","Sulfate","Calcium","DL","DL"
"Sulfate_RF-PCA - Calcium_DL",0.283368006549526,"Sulfate_RF-PCA","Calcium_DL","Sulfate","Calcium","RF-PCA","DL"
"Nitrate-N_RF-PCA - Calcium_DL",0.000251816082983969,"Nitrate-N_RF-PCA","Calcium_DL","Nitrate-N","Calcium","RF-PCA","DL"
"Nitrate-N_XGB-PCA - Calcium_DL",2.85531501701408e-05,"Nitrate-N_XGB-PCA","Calcium_DL","Nitrate-N","Calcium","XGB-PCA","DL"
"Potassium_PLS - Calcium_DL",9.62092980549833e-06,"Potassium_PLS","Calcium_DL","Potassium","Calcium","PLS","DL"
"Nitrate-N_PLS - Calcium_DL",6.99609259413592e-11,"Nitrate-N_PLS","Calcium_DL","Nitrate-N","Calcium","PLS","DL"
"Potassium_RF-PCA - Calcium_DL",5.09400299719687e-11,"Potassium_RF-PCA","Calcium_DL","Potassium","Calcium","RF-PCA","DL"
"Potassium_DL - Calcium_DL",1.65725211331846e-11,"Potassium_DL","Calcium_DL","Potassium","Calcium","DL","DL"
"Potassium_XGB-PCA - Calcium_DL",2.36954900145747e-12,"Potassium_XGB-PCA","Calcium_DL","Potassium","Calcium","XGB-PCA","DL"
"Nitrate-N_DL - Calcium_DL",5.88862292261183e-13,"Nitrate-N_DL","Calcium_DL","Nitrate-N","Calcium","DL","DL"
"Sulfate_XGB-PCA - Sulfate_PLS",0.999999816855862,"Sulfate_XGB-PCA","Sulfate_PLS","Sulfate","Sulfate","XGB-PCA","PLS"
"Sulfate_DL - Sulfate_PLS",0.9998195841032,"Sulfate_DL","Sulfate_PLS","Sulfate","Sulfate","DL","PLS"
"Sulfate_RF-PCA - Sulfate_PLS",0.876394349010316,"Sulfate_RF-PCA","Sulfate_PLS","Sulfate","Sulfate","RF-PCA","PLS"
"Nitrate-N_RF-PCA - Sulfate_PLS",0.00875127035110002,"Nitrate-N_RF-PCA","Sulfate_PLS","Nitrate-N","Sulfate","RF-PCA","PLS"
"Nitrate-N_XGB-PCA - Sulfate_PLS",0.00141035970532977,"Nitrate-N_XGB-PCA","Sulfate_PLS","Nitrate-N","Sulfate","XGB-PCA","PLS"
"Potassium_PLS - Sulfate_PLS",0.00055436837580003,"Potassium_PLS","Sulfate_PLS","Potassium","Sulfate","PLS","PLS"
"Nitrate-N_PLS - Sulfate_PLS",1.39986322533758e-08,"Nitrate-N_PLS","Sulfate_PLS","Nitrate-N","Sulfate","PLS","PLS"
"Potassium_RF-PCA - Sulfate_PLS",1.04507535958476e-08,"Potassium_RF-PCA","Sulfate_PLS","Potassium","Sulfate","RF-PCA","PLS"
"Potassium_DL - Sulfate_PLS",3.6555205529254e-09,"Potassium_DL","Sulfate_PLS","Potassium","Sulfate","DL","PLS"
"Potassium_XGB-PCA - Sulfate_PLS",4.66865213155643e-10,"Potassium_XGB-PCA","Sulfate_PLS","Potassium","Sulfate","XGB-PCA","PLS"
"Nitrate-N_DL - Sulfate_PLS",7.35189686906779e-13,"Nitrate-N_DL","Sulfate_PLS","Nitrate-N","Sulfate","DL","PLS"
"Sulfate_DL - Sulfate_XGB-PCA",1,"Sulfate_DL","Sulfate_XGB-PCA","Sulfate","Sulfate","DL","XGB-PCA"
"Sulfate_RF-PCA - Sulfate_XGB-PCA",0.999999999997123,"Sulfate_RF-PCA","Sulfate_XGB-PCA","Sulfate","Sulfate","RF-PCA","XGB-PCA"
"Nitrate-N_RF-PCA - Sulfate_XGB-PCA",0.728333292939149,"Nitrate-N_RF-PCA","Sulfate_XGB-PCA","Nitrate-N","Sulfate","RF-PCA","XGB-PCA"
"Nitrate-N_XGB-PCA - Sulfate_XGB-PCA",0.379637350703242,"Nitrate-N_XGB-PCA","Sulfate_XGB-PCA","Nitrate-N","Sulfate","XGB-PCA","XGB-PCA"
"Potassium_PLS - Sulfate_XGB-PCA",0.242629249889212,"Potassium_PLS","Sulfate_XGB-PCA","Potassium","Sulfate","PLS","XGB-PCA"
"Nitrate-N_PLS - Sulfate_XGB-PCA",0.000161886024388047,"Nitrate-N_PLS","Sulfate_XGB-PCA","Nitrate-N","Sulfate","PLS","XGB-PCA"
"Potassium_RF-PCA - Sulfate_XGB-PCA",0.00012881713967472,"Potassium_RF-PCA","Sulfate_XGB-PCA","Potassium","Sulfate","RF-PCA","XGB-PCA"
"Potassium_DL - Sulfate_XGB-PCA",5.63446880297302e-05,"Potassium_DL","Sulfate_XGB-PCA","Potassium","Sulfate","DL","XGB-PCA"
"Potassium_XGB-PCA - Sulfate_XGB-PCA",1.08980115846036e-05,"Potassium_XGB-PCA","Sulfate_XGB-PCA","Potassium","Sulfate","XGB-PCA","XGB-PCA"
"Nitrate-N_DL - Sulfate_XGB-PCA",1.61796703812556e-08,"Nitrate-N_DL","Sulfate_XGB-PCA","Nitrate-N","Sulfate","DL","XGB-PCA"
"Sulfate_RF-PCA - Sulfate_DL",1,"Sulfate_RF-PCA","Sulfate_DL","Sulfate","Sulfate","RF-PCA","DL"
"Nitrate-N_RF-PCA - Sulfate_DL",0.94737238965462,"Nitrate-N_RF-PCA","Sulfate_DL","Nitrate-N","Sulfate","RF-PCA","DL"
"Nitrate-N_XGB-PCA - Sulfate_DL",0.715081792809087,"Nitrate-N_XGB-PCA","Sulfate_DL","Nitrate-N","Sulfate","XGB-PCA","DL"
"Potassium_PLS - Sulfate_DL",0.54879023727727,"Potassium_PLS","Sulfate_DL","Potassium","Sulfate","PLS","DL"
"Nitrate-N_PLS - Sulfate_DL",0.00114634634134703,"Nitrate-N_PLS","Sulfate_DL","Nitrate-N","Sulfate","PLS","DL"
"Potassium_RF-PCA - Sulfate_DL",0.000929559197723417,"Potassium_RF-PCA","Sulfate_DL","Potassium","Sulfate","RF-PCA","DL"
"Potassium_DL - Sulfate_DL",0.000434055359150198,"Potassium_DL","Sulfate_DL","Potassium","Sulfate","DL","DL"
"Potassium_XGB-PCA - Sulfate_DL",9.45229806932346e-05,"Potassium_XGB-PCA","Sulfate_DL","Potassium","Sulfate","XGB-PCA","DL"
"Nitrate-N_DL - Sulfate_DL",2.05396885721854e-07,"Nitrate-N_DL","Sulfate_DL","Nitrate-N","Sulfate","DL","DL"
"Nitrate-N_RF-PCA - Sulfate_RF-PCA",0.999986785419147,"Nitrate-N_RF-PCA","Sulfate_RF-PCA","Nitrate-N","Sulfate","RF-PCA","RF-PCA"
"Nitrate-N_XGB-PCA - Sulfate_RF-PCA",0.997166964434446,"Nitrate-N_XGB-PCA","Sulfate_RF-PCA","Nitrate-N","Sulfate","XGB-PCA","RF-PCA"
"Potassium_PLS - Sulfate_RF-PCA",0.984859918062737,"Potassium_PLS","Sulfate_RF-PCA","Potassium","Sulfate","PLS","RF-PCA"
"Nitrate-N_PLS - Sulfate_RF-PCA",0.0335404125617049,"Nitrate-N_PLS","Sulfate_RF-PCA","Nitrate-N","Sulfate","PLS","RF-PCA"
"Potassium_RF-PCA - Sulfate_RF-PCA",0.0284840610805576,"Potassium_RF-PCA","Sulfate_RF-PCA","Potassium","Sulfate","RF-PCA","RF-PCA"
"Potassium_DL - Sulfate_RF-PCA",0.0155792930541107,"Potassium_DL","Sulfate_RF-PCA","Potassium","Sulfate","DL","RF-PCA"
"Potassium_XGB-PCA - Sulfate_RF-PCA",0.00448765083434766,"Potassium_XGB-PCA","Sulfate_RF-PCA","Potassium","Sulfate","XGB-PCA","RF-PCA"
"Nitrate-N_DL - Sulfate_RF-PCA",2.27779487537161e-05,"Nitrate-N_DL","Sulfate_RF-PCA","Nitrate-N","Sulfate","DL","RF-PCA"
"Nitrate-N_XGB-PCA - Nitrate-N_RF-PCA",1,"Nitrate-N_XGB-PCA","Nitrate-N_RF-PCA","Nitrate-N","Nitrate-N","XGB-PCA","RF-PCA"
"Potassium_PLS - Nitrate-N_RF-PCA",1,"Potassium_PLS","Nitrate-N_RF-PCA","Potassium","Nitrate-N","PLS","RF-PCA"
"Nitrate-N_PLS - Nitrate-N_RF-PCA",0.982093936924736,"Nitrate-N_PLS","Nitrate-N_RF-PCA","Nitrate-N","Nitrate-N","PLS","RF-PCA"
"Potassium_RF-PCA - Nitrate-N_RF-PCA",0.975622139614729,"Potassium_RF-PCA","Nitrate-N_RF-PCA","Potassium","Nitrate-N","RF-PCA","RF-PCA"
"Potassium_DL - Nitrate-N_RF-PCA",0.937291907527854,"Potassium_DL","Nitrate-N_RF-PCA","Potassium","Nitrate-N","DL","RF-PCA"
"Potassium_XGB-PCA - Nitrate-N_RF-PCA",0.777892140634373,"Potassium_XGB-PCA","Nitrate-N_RF-PCA","Potassium","Nitrate-N","XGB-PCA","RF-PCA"
"Nitrate-N_DL - Nitrate-N_RF-PCA",0.0782511561120618,"Nitrate-N_DL","Nitrate-N_RF-PCA","Nitrate-N","Nitrate-N","DL","RF-PCA"
"Potassium_PLS - Nitrate-N_XGB-PCA",1,"Potassium_PLS","Nitrate-N_XGB-PCA","Potassium","Nitrate-N","PLS","XGB-PCA"
"Nitrate-N_PLS - Nitrate-N_XGB-PCA",0.999679129258215,"Nitrate-N_PLS","Nitrate-N_XGB-PCA","Nitrate-N","Nitrate-N","PLS","XGB-PCA"
"Potassium_RF-PCA - Nitrate-N_XGB-PCA",0.999447130557346,"Potassium_RF-PCA","Nitrate-N_XGB-PCA","Potassium","Nitrate-N","RF-PCA","XGB-PCA"
"Potassium_DL - Nitrate-N_XGB-PCA",0.996992278653121,"Potassium_DL","Nitrate-N_XGB-PCA","Potassium","Nitrate-N","DL","XGB-PCA"
"Potassium_XGB-PCA - Nitrate-N_XGB-PCA",0.967780922680226,"Potassium_XGB-PCA","Nitrate-N_XGB-PCA","Potassium","Nitrate-N","XGB-PCA","XGB-PCA"
"Nitrate-N_DL - Nitrate-N_XGB-PCA",0.256593811564117,"Nitrate-N_DL","Nitrate-N_XGB-PCA","Nitrate-N","Nitrate-N","DL","XGB-PCA"
"Nitrate-N_PLS - Potassium_PLS",0.999980729297547,"Nitrate-N_PLS","Potassium_PLS","Nitrate-N","Potassium","PLS","PLS"
"Potassium_RF-PCA - Potassium_PLS",0.999961258809921,"Potassium_RF-PCA","Potassium_PLS","Potassium","Potassium","RF-PCA","PLS"
"Potassium_DL - Potassium_PLS",0.999655549481572,"Potassium_DL","Potassium_PLS","Potassium","Potassium","DL","PLS"
"Potassium_XGB-PCA - Potassium_PLS",0.992326299998361,"Potassium_XGB-PCA","Potassium_PLS","Potassium","Potassium","XGB-PCA","PLS"
"Nitrate-N_DL - Potassium_PLS",0.397544004585146,"Nitrate-N_DL","Potassium_PLS","Nitrate-N","Potassium","DL","PLS"
"Potassium_RF-PCA - Nitrate-N_PLS",1,"Potassium_RF-PCA","Nitrate-N_PLS","Potassium","Nitrate-N","RF-PCA","PLS"
"Potassium_DL - Nitrate-N_PLS",1,"Potassium_DL","Nitrate-N_PLS","Potassium","Nitrate-N","DL","PLS"
"Potassium_XGB-PCA - Nitrate-N_PLS",1,"Potassium_XGB-PCA","Nitrate-N_PLS","Potassium","Nitrate-N","XGB-PCA","PLS"
"Nitrate-N_DL - Nitrate-N_PLS",0.999999887812201,"Nitrate-N_DL","Nitrate-N_PLS","Nitrate-N","Nitrate-N","DL","PLS"
"Potassium_DL - Potassium_RF-PCA",1,"Potassium_DL","Potassium_RF-PCA","Potassium","Potassium","DL","RF-PCA"
"Potassium_XGB-PCA - Potassium_RF-PCA",1,"Potassium_XGB-PCA","Potassium_RF-PCA","Potassium","Potassium","XGB-PCA","RF-PCA"
"Nitrate-N_DL - Potassium_RF-PCA",0.999999959787521,"Nitrate-N_DL","Potassium_RF-PCA","Nitrate-N","Potassium","DL","RF-PCA"
"Potassium_XGB-PCA - Potassium_DL",1,"Potassium_XGB-PCA","Potassium_DL","Potassium","Potassium","XGB-PCA","DL"
"Nitrate-N_DL - Potassium_DL",0.999999999349652,"Nitrate-N_DL","Potassium_DL","Nitrate-N","Potassium","DL","DL"
"Nitrate-N_DL - Potassium_XGB-PCA",1,"Nitrate-N_DL","Potassium_XGB-PCA","Nitrate-N","Potassium","DL","XGB-PCA"
