output,species,iteration,value
y_hat_test,Ammonium-N,0,0.08632966792017588
y_hat_test,Ammonium-N,0,0.08271605042878952
y_hat_test,Ammonium-N,0,0.05660388720822108
y_hat_test,Ammonium-N,0,0.06579629749519471
y_hat_test,Ammonium-N,0,0.09083018269377564
y_hat_test,Ammonium-N,0,0.05157559068639416
y_hat_test,Ammonium-N,0,0.06166034926988476
y_hat_test,Ammonium-N,0,0.10549130646943367
y_hat_test,Ammonium-N,0,0.06156111054906746
y_hat_test,Ammonium-N,0,0.09395359346478303
y_hat_test,Ammonium-N,0,0.07953725621290063
y_hat_test,Ammonium-N,0,0.0431904720389239
y_hat_test,Ammonium-N,0,0.046840827315674544
y_hat_test,Ammonium-N,0,0.1035133854769698
y_hat_test,Ammonium-N,0,0.07833143605692508
y_hat_test,Ammonium-N,0,0.10466882541392415
y_hat_test,Ammonium-N,0,0.09704278640814822
y_hat_test,Ammonium-N,0,0.09362070578015608
y_hat_test,Ammonium-N,0,0.08153895858161792
y_hat_test,Ammonium-N,0,0.06683199433461376
y_hat_test,Ammonium-N,0,0.07426579948946829
y_hat_test,Ammonium-N,0,0.06789142565901896
y_hat_test,Ammonium-N,0,0.06896852033180641
y_hat_test,Ammonium-N,0,0.06982227585595314
y_hat_test,Ammonium-N,0,0.08396728174232387
y_hat_test,Ammonium-N,0,0.08100820370008628
y_hat_test,Ammonium-N,0,0.1093225106206587
y_hat_test,Ammonium-N,0,0.07766384347528843
y_hat_test,Ammonium-N,0,0.04539912930463891
y_hat_test,Ammonium-N,0,0.07262223757690117
y_hat_test,Ammonium-N,0,0.0716988188919345
y_hat_test,Ammonium-N,0,0.09623657217022615
y_hat_test,Ammonium-N,0,0.056746514199586505
y_hat_test,Ammonium-N,0,0.08318095640633585
y_hat_test,Ammonium-N,0,0.048286977801882326
y_hat_test,Ammonium-N,0,0.0642514600986596
y_hat_test,Ammonium-N,0,0.06990621935292052
y_hat_test,Ammonium-N,0,0.0508523724302794
y_hat_test,Ammonium-N,0,0.11149730616574513
y_hat_test,Ammonium-N,0,0.10109643869073531
y_hat_test,Ammonium-N,0,0.0657626740902119
y_hat_test,Ammonium-N,0,0.05919706290870796
y_hat_test,Ammonium-N,0,0.07105276433817
y_hat_test,Ammonium-N,0,0.11336212674705974
y_hat_test,Ammonium-N,0,0.06743961954367038
y_hat_test,Ammonium-N,0,0.09768338296594588
y_hat_train,Ammonium-N,0,0.08189776068433631
y_hat_train,Ammonium-N,0,0.04649521293934773
y_hat_train,Ammonium-N,0,0.04850275167784725
y_hat_train,Ammonium-N,0,0.07387788874858375
y_hat_train,Ammonium-N,0,0.060048380733805515
y_hat_train,Ammonium-N,0,0.05277182553224648
y_hat_train,Ammonium-N,0,0.0546568281660703
y_hat_train,Ammonium-N,0,0.06460935105119855
y_hat_train,Ammonium-N,0,0.08895667819875963
y_hat_train,Ammonium-N,0,0.0712211549306352
y_hat_train,Ammonium-N,0,0.05190012083987935
y_hat_train,Ammonium-N,0,0.06144118091523352
y_hat_train,Ammonium-N,0,0.09528564590526738
y_hat_train,Ammonium-N,0,0.06138240404122888
y_hat_train,Ammonium-N,0,0.09849724080954261
y_hat_train,Ammonium-N,0,0.07930643129502532
y_hat_train,Ammonium-N,0,0.04728724277685482
y_hat_train,Ammonium-N,0,0.07312428637388362
y_hat_train,Ammonium-N,0,0.09045897879495979
y_hat_train,Ammonium-N,0,0.08347840904247147
y_hat_train,Ammonium-N,0,0.11716568951375327
y_hat_train,Ammonium-N,0,0.07173297529148993
y_hat_train,Ammonium-N,0,0.09337344504034852
y_hat_train,Ammonium-N,0,0.07005683670023444
y_hat_train,Ammonium-N,0,0.07873032122008133
y_hat_train,Ammonium-N,0,0.06621659827567472
y_hat_train,Ammonium-N,0,0.02642824442586105
y_hat_train,Ammonium-N,0,0.0368061938113177
y_hat_train,Ammonium-N,0,0.09114323693123244
y_hat_train,Ammonium-N,0,0.10017460930423
y_hat_train,Ammonium-N,0,0.07793410501227996
y_hat_train,Ammonium-N,0,0.07068845591840679
y_hat_train,Ammonium-N,0,0.0998534365633996
y_hat_train,Ammonium-N,0,0.12170734900617342
y_hat_train,Ammonium-N,0,0.04451344195023391
y_hat_train,Ammonium-N,0,0.08287988074876264
y_hat_train,Ammonium-N,0,0.07475940324314656
y_hat_train,Ammonium-N,0,0.02728037946348441
y_hat_train,Ammonium-N,0,0.07815885805688734
y_hat_train,Ammonium-N,0,0.06141959381247297
y_hat_train,Ammonium-N,0,0.07735499622321175
y_hat_train,Ammonium-N,0,0.06615930601650383
y_hat_train,Ammonium-N,0,0.050117597115269585
y_hat_train,Ammonium-N,0,0.07735737225423742
y_hat_train,Ammonium-N,0,0.052983435663838334
y_hat_train,Ammonium-N,0,0.07406555151483081
y_hat_train,Ammonium-N,0,0.08408232872315863
y_hat_train,Ammonium-N,0,0.09379720477712127
y_hat_train,Ammonium-N,0,0.0811642659388497
y_hat_train,Ammonium-N,0,0.07018986602986008
y_hat_train,Ammonium-N,0,0.09556620783576189
y_hat_train,Ammonium-N,0,0.09432872212268294
y_hat_train,Ammonium-N,0,0.0682701467011743
y_hat_train,Ammonium-N,0,0.04917378637076366
y_hat_train,Ammonium-N,0,0.05830168054960087
y_hat_train,Ammonium-N,0,0.0922632476848826
y_hat_train,Ammonium-N,0,0.10512400387564629
y_hat_train,Ammonium-N,0,0.06468131652960374
y_hat_train,Ammonium-N,0,0.07686552473711225
y_hat_train,Ammonium-N,0,0.08793089016787872
y_hat_train,Ammonium-N,0,0.08063669054041489
y_hat_train,Ammonium-N,0,0.08914352576486409
y_hat_train,Ammonium-N,0,0.09267827882534993
y_hat_train,Ammonium-N,0,0.05755788523296365
y_hat_train,Ammonium-N,0,0.11127930467743921
y_hat_train,Ammonium-N,0,0.06559641286335274
y_hat_train,Ammonium-N,0,0.08351283137803785
y_hat_train,Ammonium-N,0,0.07688114294385875
y_hat_train,Ammonium-N,0,0.07372389505807478
y_hat_train,Ammonium-N,0,0.08615907282905283
y_hat_train,Ammonium-N,0,0.10263718777327796
y_hat_train,Ammonium-N,0,0.0717041329963143
y_hat_train,Ammonium-N,0,0.07748318784747747
y_hat_train,Ammonium-N,0,0.06608409564004566
y_hat_train,Ammonium-N,0,0.03683167298189264
y_hat_train,Ammonium-N,0,0.07953083981870024
y_hat_train,Ammonium-N,0,0.06175751859507107
y_hat_train,Ammonium-N,0,0.08920563505374833
y_hat_train,Ammonium-N,0,0.08645718568765111
y_hat_train,Ammonium-N,0,0.07032425457942794
y_hat_train,Ammonium-N,0,0.07684628113009574
y_hat_train,Ammonium-N,0,0.0690864554720503
y_hat_train,Ammonium-N,0,0.024040263416026837
y_hat_train,Ammonium-N,0,0.06456241401271982
y_hat_train,Ammonium-N,0,0.07791958781110832
y_hat_train,Ammonium-N,0,0.0672668762478304
y_hat_train,Ammonium-N,0,0.09253934010649881
y_hat_train,Ammonium-N,0,0.08523116438684804
y_hat_train,Ammonium-N,0,0.08610782042174388
y_hat_train,Ammonium-N,0,0.03276175063655907
y_hat_train,Ammonium-N,0,0.07628455151640424
y_hat_train,Ammonium-N,0,0.08943624490748807
y_hat_train,Ammonium-N,0,0.06345659389018296
y_hat_train,Ammonium-N,0,0.0863974956315345
y_hat_train,Ammonium-N,0,0.051024107971250954
y_hat_train,Ammonium-N,0,0.09955409757652584
y_hat_train,Ammonium-N,0,0.0630878954809488
y_hat_train,Ammonium-N,0,0.10365839550688903
y_hat_train,Ammonium-N,0,0.09966034479884628
y_hat_train,Ammonium-N,0,0.054706522954273085
y_hat_train,Ammonium-N,0,0.0969833099935264
y_hat_train,Ammonium-N,0,0.06756765838263909
y_hat_train,Ammonium-N,0,0.08447600211514471
y_hat_train,Ammonium-N,0,0.07591047067228486
y_hat_train,Ammonium-N,0,0.09495723729492817
y_true_train,Ammonium-N,0,0.042033333
y_true_train,Ammonium-N,0,0.030166667
y_true_train,Ammonium-N,0,0.0301
y_true_train,Ammonium-N,0,0.042333333
y_true_train,Ammonium-N,0,0.022549305
y_true_train,Ammonium-N,0,0.011766667
y_true_train,Ammonium-N,0,0.103817696
y_true_train,Ammonium-N,0,0.174233333
y_true_train,Ammonium-N,0,0.0191
y_true_train,Ammonium-N,0,0.130166667
y_true_train,Ammonium-N,0,0.007433333
y_true_train,Ammonium-N,0,0.0142
y_true_train,Ammonium-N,0,0.104686248
y_true_train,Ammonium-N,0,0.013633333
y_true_train,Ammonium-N,0,0.004291076
y_true_train,Ammonium-N,0,0.0393
y_true_train,Ammonium-N,0,0.0067
y_true_train,Ammonium-N,0,0.0491
y_true_train,Ammonium-N,0,0.089046085
y_true_train,Ammonium-N,0,0.08343562
y_true_train,Ammonium-N,0,0.007166791
y_true_train,Ammonium-N,0,0.0046
y_true_train,Ammonium-N,0,0.020533333
y_true_train,Ammonium-N,0,0.3012
y_true_train,Ammonium-N,0,0.0249
y_true_train,Ammonium-N,0,0.044866667
y_true_train,Ammonium-N,0,0.0164
y_true_train,Ammonium-N,0,0.013033333
y_true_train,Ammonium-N,0,0.008786351
y_true_train,Ammonium-N,0,0.2686
y_true_train,Ammonium-N,0,0.033733333
y_true_train,Ammonium-N,0,0.050533333
y_true_train,Ammonium-N,0,0.7161
y_true_train,Ammonium-N,0,0.004
y_true_train,Ammonium-N,0,0.0255
y_true_train,Ammonium-N,0,0.036566667
y_true_train,Ammonium-N,0,0.298466667
y_true_train,Ammonium-N,0,0.0189
y_true_train,Ammonium-N,0,0.012433333
y_true_train,Ammonium-N,0,0.018033333
y_true_train,Ammonium-N,0,0.110066667
y_true_train,Ammonium-N,0,0.03337575
y_true_train,Ammonium-N,0,0.2993
y_true_train,Ammonium-N,0,0.022166667
y_true_train,Ammonium-N,0,0.019933333
y_true_train,Ammonium-N,0,0.110989659
y_true_train,Ammonium-N,0,0.067433333
y_true_train,Ammonium-N,0,0.262866667
y_true_train,Ammonium-N,0,0.027433333
y_true_train,Ammonium-N,0,0.026266667
y_true_train,Ammonium-N,0,0.016837803
y_true_train,Ammonium-N,0,0.217466667
y_true_train,Ammonium-N,0,0.1658
y_true_train,Ammonium-N,0,0.006266667
y_true_train,Ammonium-N,0,0.0235
y_true_train,Ammonium-N,0,0.289433333
y_true_train,Ammonium-N,0,0.0175
y_true_train,Ammonium-N,0,0.008033333
y_true_train,Ammonium-N,0,0.0064
y_true_train,Ammonium-N,0,0.332333333
y_true_train,Ammonium-N,0,0.049
y_true_train,Ammonium-N,0,0.067166667
y_true_train,Ammonium-N,0,0.099783572
y_true_train,Ammonium-N,0,0.023441081
y_true_train,Ammonium-N,0,0.017558316
y_true_train,Ammonium-N,0,0.0216
y_true_train,Ammonium-N,0,0.101468935
y_true_train,Ammonium-N,0,0.034066667
y_true_train,Ammonium-N,0,0.0149
y_true_train,Ammonium-N,0,0.014438093
y_true_train,Ammonium-N,0,0.122533333
y_true_train,Ammonium-N,0,0.102719052
y_true_train,Ammonium-N,0,0.043166667
y_true_train,Ammonium-N,0,0.035366667
y_true_train,Ammonium-N,0,0.019033333
y_true_train,Ammonium-N,0,0.040266667
y_true_train,Ammonium-N,0,0.025966667
y_true_train,Ammonium-N,0,0.041333333
y_true_train,Ammonium-N,0,0.094333333
y_true_train,Ammonium-N,0,0.107070292
y_true_train,Ammonium-N,0,0.1929
y_true_train,Ammonium-N,0,0.049066667
y_true_train,Ammonium-N,0,0.10513478
y_true_train,Ammonium-N,0,0.174233333
y_true_train,Ammonium-N,0,0.0254
y_true_train,Ammonium-N,0,0.0229
y_true_train,Ammonium-N,0,0.035133333
y_true_train,Ammonium-N,0,0.017273802
y_true_train,Ammonium-N,0,0.015166667
y_true_train,Ammonium-N,0,0.113816043
y_true_train,Ammonium-N,0,0.017633333
y_true_train,Ammonium-N,0,0.064266667
y_true_train,Ammonium-N,0,0.139659083
y_true_train,Ammonium-N,0,0.014438093
y_true_train,Ammonium-N,0,0.050433333
y_true_train,Ammonium-N,0,0.116224337
y_true_train,Ammonium-N,0,0.007810801
y_true_train,Ammonium-N,0,0.025666667
y_true_train,Ammonium-N,0,0.0235
y_true_train,Ammonium-N,0,0.0311
y_true_train,Ammonium-N,0,0.4519
y_true_train,Ammonium-N,0,0.018166667
y_true_train,Ammonium-N,0,0.004922582
y_true_train,Ammonium-N,0,0.020366667
y_true_train,Ammonium-N,0,0.020533333
y_true_test,Ammonium-N,0,0.0198
y_true_test,Ammonium-N,0,0.044766667
y_true_test,Ammonium-N,0,0.042633333
y_true_test,Ammonium-N,0,0.015833333
y_true_test,Ammonium-N,0,0.318833333
y_true_test,Ammonium-N,0,0.001266667
y_true_test,Ammonium-N,0,0.139659083
y_true_test,Ammonium-N,0,0.025666667
y_true_test,Ammonium-N,0,0.023441081
y_true_test,Ammonium-N,0,0.035133333
y_true_test,Ammonium-N,0,0.101033333
y_true_test,Ammonium-N,0,0.017890737
y_true_test,Ammonium-N,0,0.11883142
y_true_test,Ammonium-N,0,0.0175
y_true_test,Ammonium-N,0,0.044766667
y_true_test,Ammonium-N,0,0.0235
y_true_test,Ammonium-N,0,0.013835059
y_true_test,Ammonium-N,0,0.007166791
y_true_test,Ammonium-N,0,0.026887548
y_true_test,Ammonium-N,0,0.0148
y_true_test,Ammonium-N,0,0.0134
y_true_test,Ammonium-N,0,0.012937725
y_true_test,Ammonium-N,0,0.021233333
y_true_test,Ammonium-N,0,0.270233333
y_true_test,Ammonium-N,0,0.041933333
y_true_test,Ammonium-N,0,0.0184
y_true_test,Ammonium-N,0,0.007133357
y_true_test,Ammonium-N,0,0.039266667
y_true_test,Ammonium-N,0,0.0377
y_true_test,Ammonium-N,0,0.030533333
y_true_test,Ammonium-N,0,0.0673
y_true_test,Ammonium-N,0,0.01610167
y_true_test,Ammonium-N,0,0.0221
y_true_test,Ammonium-N,0,0.015666667
y_true_test,Ammonium-N,0,0.090733333
y_true_test,Ammonium-N,0,0.012570289
y_true_test,Ammonium-N,0,0.013333333
y_true_test,Ammonium-N,0,0.018225094
y_true_test,Ammonium-N,0,0.007646588
y_true_test,Ammonium-N,0,0.004
y_true_test,Ammonium-N,0,0.006433333
y_true_test,Ammonium-N,0,0.380266667
y_true_test,Ammonium-N,0,0.011533333
y_true_test,Ammonium-N,0,0.011876873
y_true_test,Ammonium-N,0,0.253366667
y_true_test,Ammonium-N,0,0.010354731
test_ind,Ammonium-N,0,274.0
test_ind,Ammonium-N,0,141.0
test_ind,Ammonium-N,0,67.0
test_ind,Ammonium-N,0,260.0
test_ind,Ammonium-N,0,14.0
test_ind,Ammonium-N,0,247.0
test_ind,Ammonium-N,0,78.0
test_ind,Ammonium-N,0,215.0
test_ind,Ammonium-N,0,175.0
test_ind,Ammonium-N,0,170.0
test_ind,Ammonium-N,0,315.0
test_ind,Ammonium-N,0,104.0
test_ind,Ammonium-N,0,172.0
test_ind,Ammonium-N,0,122.0
test_ind,Ammonium-N,0,142.0
test_ind,Ammonium-N,0,75.0
test_ind,Ammonium-N,0,188.0
test_ind,Ammonium-N,0,219.0
test_ind,Ammonium-N,0,98.0
test_ind,Ammonium-N,0,34.0
test_ind,Ammonium-N,0,291.0
test_ind,Ammonium-N,0,145.0
test_ind,Ammonium-N,0,49.0
test_ind,Ammonium-N,0,15.0
test_ind,Ammonium-N,0,299.0
test_ind,Ammonium-N,0,43.0
test_ind,Ammonium-N,0,95.0
test_ind,Ammonium-N,0,238.0
test_ind,Ammonium-N,0,232.0
test_ind,Ammonium-N,0,52.0
test_ind,Ammonium-N,0,372.0
test_ind,Ammonium-N,0,212.0
test_ind,Ammonium-N,0,55.0
test_ind,Ammonium-N,0,300.0
test_ind,Ammonium-N,0,311.0
test_ind,Ammonium-N,0,136.0
test_ind,Ammonium-N,0,38.0
test_ind,Ammonium-N,0,194.0
test_ind,Ammonium-N,0,139.0
test_ind,Ammonium-N,0,231.0
test_ind,Ammonium-N,0,269.0
test_ind,Ammonium-N,0,6.0
test_ind,Ammonium-N,0,382.0
test_ind,Ammonium-N,0,94.0
test_ind,Ammonium-N,0,17.0
test_ind,Ammonium-N,0,138.0
train_ind,Ammonium-N,0,279.0
train_ind,Ammonium-N,0,389.0
train_ind,Ammonium-N,0,284.0
train_ind,Ammonium-N,0,262.0
train_ind,Ammonium-N,0,167.0
train_ind,Ammonium-N,0,361.0
train_ind,Ammonium-N,0,124.0
train_ind,Ammonium-N,0,191.0
train_ind,Ammonium-N,0,293.0
train_ind,Ammonium-N,0,312.0
train_ind,Ammonium-N,0,258.0
train_ind,Ammonium-N,0,391.0
train_ind,Ammonium-N,0,103.0
train_ind,Ammonium-N,0,392.0
train_ind,Ammonium-N,0,213.0
train_ind,Ammonium-N,0,61.0
train_ind,Ammonium-N,0,248.0
train_ind,Ammonium-N,0,233.0
train_ind,Ammonium-N,0,143.0
train_ind,Ammonium-N,0,218.0
train_ind,Ammonium-N,0,220.0
train_ind,Ammonium-N,0,298.0
train_ind,Ammonium-N,0,101.0
train_ind,Ammonium-N,0,27.0
train_ind,Ammonium-N,0,268.0
train_ind,Ammonium-N,0,236.0
train_ind,Ammonium-N,0,41.0
train_ind,Ammonium-N,0,29.0
train_ind,Ammonium-N,0,119.0
train_ind,Ammonium-N,0,8.0
train_ind,Ammonium-N,0,398.0
train_ind,Ammonium-N,0,243.0
train_ind,Ammonium-N,0,12.0
train_ind,Ammonium-N,0,165.0
train_ind,Ammonium-N,0,265.0
train_ind,Ammonium-N,0,237.0
train_ind,Ammonium-N,0,23.0
train_ind,Ammonium-N,0,249.0
train_ind,Ammonium-N,0,287.0
train_ind,Ammonium-N,0,252.0
train_ind,Ammonium-N,0,302.0
train_ind,Ammonium-N,0,99.0
train_ind,Ammonium-N,0,20.0
train_ind,Ammonium-N,0,266.0
train_ind,Ammonium-N,0,295.0
train_ind,Ammonium-N,0,79.0
train_ind,Ammonium-N,0,395.0
train_ind,Ammonium-N,0,3.0
train_ind,Ammonium-N,0,270.0
train_ind,Ammonium-N,0,374.0
train_ind,Ammonium-N,0,80.0
train_ind,Ammonium-N,0,9.0
train_ind,Ammonium-N,0,304.0
train_ind,Ammonium-N,0,36.0
train_ind,Ammonium-N,0,76.0
train_ind,Ammonium-N,0,11.0
train_ind,Ammonium-N,0,121.0
train_ind,Ammonium-N,0,386.0
train_ind,Ammonium-N,0,257.0
train_ind,Ammonium-N,0,2.0
train_ind,Ammonium-N,0,69.0
train_ind,Ammonium-N,0,57.0
train_ind,Ammonium-N,0,123.0
train_ind,Ammonium-N,0,174.0
train_ind,Ammonium-N,0,72.0
train_ind,Ammonium-N,0,48.0
train_ind,Ammonium-N,0,173.0
train_ind,Ammonium-N,0,64.0
train_ind,Ammonium-N,0,281.0
train_ind,Ammonium-N,0,125.0
train_ind,Ammonium-N,0,306.0
train_ind,Ammonium-N,0,144.0
train_ind,Ammonium-N,0,65.0
train_ind,Ammonium-N,0,373.0
train_ind,Ammonium-N,0,28.0
train_ind,Ammonium-N,0,292.0
train_ind,Ammonium-N,0,39.0
train_ind,Ammonium-N,0,59.0
train_ind,Ammonium-N,0,305.0
train_ind,Ammonium-N,0,102.0
train_ind,Ammonium-N,0,370.0
train_ind,Ammonium-N,0,244.0
train_ind,Ammonium-N,0,193.0
train_ind,Ammonium-N,0,190.0
train_ind,Ammonium-N,0,278.0
train_ind,Ammonium-N,0,390.0
train_ind,Ammonium-N,0,171.0
train_ind,Ammonium-N,0,187.0
train_ind,Ammonium-N,0,51.0
train_ind,Ammonium-N,0,192.0
train_ind,Ammonium-N,0,381.0
train_ind,Ammonium-N,0,385.0
train_ind,Ammonium-N,0,77.0
train_ind,Ammonium-N,0,126.0
train_ind,Ammonium-N,0,378.0
train_ind,Ammonium-N,0,217.0
train_ind,Ammonium-N,0,168.0
train_ind,Ammonium-N,0,216.0
train_ind,Ammonium-N,0,74.0
train_ind,Ammonium-N,0,42.0
train_ind,Ammonium-N,0,16.0
train_ind,Ammonium-N,0,250.0
train_ind,Ammonium-N,0,164.0
train_ind,Ammonium-N,0,280.0
train_ind,Ammonium-N,0,100.0
test_rsq,Ammonium-N,0,-0.21021895961144832
train_rsq,Ammonium-N,0,0.03346159825313977
test_rmse,Ammonium-N,0,0.09258693198398783
train_rmse,Ammonium-N,0,0.10396255160130108
test_mape,Ammonium-N,0,468.4066339468804
train_mape,Ammonium-N,0,277.8650577433782
n_comp,Ammonium-N,0,3.0
y_hat_test,Ammonium-N,1,0.07261486760707137
y_hat_test,Ammonium-N,1,0.07176486796954326
y_hat_test,Ammonium-N,1,0.08320700620825368
y_hat_test,Ammonium-N,1,0.08789982307804123
y_hat_test,Ammonium-N,1,0.06219264909193977
y_hat_test,Ammonium-N,1,0.07196549259247628
y_hat_test,Ammonium-N,1,0.08730807689608194
y_hat_test,Ammonium-N,1,0.08747132983161991
y_hat_test,Ammonium-N,1,0.07026976688542615
y_hat_test,Ammonium-N,1,0.08749138234226733
y_hat_test,Ammonium-N,1,0.08700992245087999
y_hat_test,Ammonium-N,1,0.07895168223394537
y_hat_test,Ammonium-N,1,0.08228226191129624
y_hat_test,Ammonium-N,1,0.06967312766163775
y_hat_test,Ammonium-N,1,0.08815187738119937
y_hat_test,Ammonium-N,1,0.059509022515828264
y_hat_test,Ammonium-N,1,0.08005230370857706
y_hat_test,Ammonium-N,1,0.08073979851316491
y_hat_test,Ammonium-N,1,0.08775916513520107
y_hat_test,Ammonium-N,1,0.07044951368277338
y_hat_test,Ammonium-N,1,0.08647958980089265
y_hat_test,Ammonium-N,1,0.08918918107372945
y_hat_test,Ammonium-N,1,0.08907667696622133
y_hat_test,Ammonium-N,1,0.06488251771949469
y_hat_test,Ammonium-N,1,0.08701286974540261
y_hat_test,Ammonium-N,1,0.08508301439930173
y_hat_test,Ammonium-N,1,0.08608378936749919
y_hat_test,Ammonium-N,1,0.08585496600432871
y_hat_test,Ammonium-N,1,0.08073111783938182
y_hat_test,Ammonium-N,1,0.08161548461080533
y_hat_test,Ammonium-N,1,0.09083460675079272
y_hat_test,Ammonium-N,1,0.08184642702067067
y_hat_test,Ammonium-N,1,0.08172987761603372
y_hat_test,Ammonium-N,1,0.08194181478809706
y_hat_test,Ammonium-N,1,0.08878725295892681
y_hat_test,Ammonium-N,1,0.08184849983868382
y_hat_test,Ammonium-N,1,0.08838627281872194
y_hat_test,Ammonium-N,1,0.08979138800124312
y_hat_test,Ammonium-N,1,0.08804521912387878
y_hat_test,Ammonium-N,1,0.08542327828953099
y_hat_test,Ammonium-N,1,0.08640541811607313
y_hat_test,Ammonium-N,1,0.07718775726036389
y_hat_test,Ammonium-N,1,0.08610507185010649
y_hat_test,Ammonium-N,1,0.08691056574629813
y_hat_test,Ammonium-N,1,0.08171961125959691
y_hat_test,Ammonium-N,1,0.08901240577512604
y_hat_train,Ammonium-N,1,0.05992344117272684
y_hat_train,Ammonium-N,1,0.08886260164005463
y_hat_train,Ammonium-N,1,0.0823830286799882
y_hat_train,Ammonium-N,1,0.07635482068438203
y_hat_train,Ammonium-N,1,0.06515070653899908
y_hat_train,Ammonium-N,1,0.07952089589173958
y_hat_train,Ammonium-N,1,0.08690370457633378
y_hat_train,Ammonium-N,1,0.07754156581172959
y_hat_train,Ammonium-N,1,0.08427408044868391
y_hat_train,Ammonium-N,1,0.08588224574387593
y_hat_train,Ammonium-N,1,0.08633955852289221
y_hat_train,Ammonium-N,1,0.08963216971946786
y_hat_train,Ammonium-N,1,0.06906975460140857
y_hat_train,Ammonium-N,1,0.08794874909772295
y_hat_train,Ammonium-N,1,0.08489295799669894
y_hat_train,Ammonium-N,1,0.06647527337916884
y_hat_train,Ammonium-N,1,0.0871742127609402
y_hat_train,Ammonium-N,1,0.08124457015460959
y_hat_train,Ammonium-N,1,0.08562069992973943
y_hat_train,Ammonium-N,1,0.08492020833838052
y_hat_train,Ammonium-N,1,0.08842191714322899
y_hat_train,Ammonium-N,1,0.08652873293035208
y_hat_train,Ammonium-N,1,0.08821109354587878
y_hat_train,Ammonium-N,1,0.08382017255025977
y_hat_train,Ammonium-N,1,0.08642284737319023
y_hat_train,Ammonium-N,1,0.08390723226083696
y_hat_train,Ammonium-N,1,0.07918565531852445
y_hat_train,Ammonium-N,1,0.0819258414082201
y_hat_train,Ammonium-N,1,0.08491070755885778
y_hat_train,Ammonium-N,1,0.0856674429554378
y_hat_train,Ammonium-N,1,0.0871186586628665
y_hat_train,Ammonium-N,1,0.08774702840850145
y_hat_train,Ammonium-N,1,0.07957767776015351
y_hat_train,Ammonium-N,1,0.08429344936714232
y_hat_train,Ammonium-N,1,0.08088431613555608
y_hat_train,Ammonium-N,1,0.08615793695083958
y_hat_train,Ammonium-N,1,0.08513796541577913
y_hat_train,Ammonium-N,1,0.08591740988868114
y_hat_train,Ammonium-N,1,0.07085799215062207
y_hat_train,Ammonium-N,1,0.08467306982003237
y_hat_train,Ammonium-N,1,0.08713892431032479
y_hat_train,Ammonium-N,1,0.08851942505206163
y_hat_train,Ammonium-N,1,0.08694444958567696
y_hat_train,Ammonium-N,1,0.08456475022376286
y_hat_train,Ammonium-N,1,0.0639952401497508
y_hat_train,Ammonium-N,1,0.0685858051649306
y_hat_train,Ammonium-N,1,0.0890314545468943
y_hat_train,Ammonium-N,1,0.08821160566692907
y_hat_train,Ammonium-N,1,0.0619038983128979
y_hat_train,Ammonium-N,1,0.08178038688188825
y_hat_train,Ammonium-N,1,0.08921366002090159
y_hat_train,Ammonium-N,1,0.06309150311724096
y_hat_train,Ammonium-N,1,0.08588419571676632
y_hat_train,Ammonium-N,1,0.08527006563298559
y_hat_train,Ammonium-N,1,0.07900156138810015
y_hat_train,Ammonium-N,1,0.08300544417946994
y_hat_train,Ammonium-N,1,0.06841265156160703
y_hat_train,Ammonium-N,1,0.08884727573042728
y_hat_train,Ammonium-N,1,0.08837691769633683
y_hat_train,Ammonium-N,1,0.07959971139867685
y_hat_train,Ammonium-N,1,0.08409886125304837
y_hat_train,Ammonium-N,1,0.07766768556462134
y_hat_train,Ammonium-N,1,0.0821615120709789
y_hat_train,Ammonium-N,1,0.06458483436669717
y_hat_train,Ammonium-N,1,0.0863928450377749
y_hat_train,Ammonium-N,1,0.05881204139154879
y_hat_train,Ammonium-N,1,0.08372024351311927
y_hat_train,Ammonium-N,1,0.08282171618220974
y_hat_train,Ammonium-N,1,0.08368395189833386
y_hat_train,Ammonium-N,1,0.08723713695198317
y_hat_train,Ammonium-N,1,0.06874176147617138
y_hat_train,Ammonium-N,1,0.08585469198394058
y_hat_train,Ammonium-N,1,0.08436655997359693
y_hat_train,Ammonium-N,1,0.07806458277517313
y_hat_train,Ammonium-N,1,0.08207641178540223
y_hat_train,Ammonium-N,1,0.07278762011210524
y_hat_train,Ammonium-N,1,0.08131913006847993
y_hat_train,Ammonium-N,1,0.08307548008179613
y_hat_train,Ammonium-N,1,0.07640036614338964
y_hat_train,Ammonium-N,1,0.08216429789903679
y_hat_train,Ammonium-N,1,0.07629633304477795
y_hat_train,Ammonium-N,1,0.08473590764310134
y_hat_train,Ammonium-N,1,0.08815615450516243
y_hat_train,Ammonium-N,1,0.08161462169104887
y_hat_train,Ammonium-N,1,0.0652157962406613
y_hat_train,Ammonium-N,1,0.08986590456151719
y_hat_train,Ammonium-N,1,0.08353235449146368
y_hat_train,Ammonium-N,1,0.0881799713170578
y_hat_train,Ammonium-N,1,0.08976587599939592
y_hat_train,Ammonium-N,1,0.09055996179478008
y_hat_train,Ammonium-N,1,0.08243959787560813
y_hat_train,Ammonium-N,1,0.091643005005054
y_hat_train,Ammonium-N,1,0.07498970962817696
y_hat_train,Ammonium-N,1,0.08315850969514861
y_hat_train,Ammonium-N,1,0.08940567753206448
y_hat_train,Ammonium-N,1,0.08682447013612798
y_hat_train,Ammonium-N,1,0.08498850843838844
y_hat_train,Ammonium-N,1,0.07758953801060864
y_hat_train,Ammonium-N,1,0.08151883061152491
y_hat_train,Ammonium-N,1,0.08876809660726945
y_hat_train,Ammonium-N,1,0.08258019783567107
y_hat_train,Ammonium-N,1,0.07633412519360466
y_hat_train,Ammonium-N,1,0.08460861302380018
y_hat_train,Ammonium-N,1,0.0829429892135717
y_hat_train,Ammonium-N,1,0.08218609474287322
y_true_train,Ammonium-N,1,0.013333333
y_true_train,Ammonium-N,1,0.217466667
y_true_train,Ammonium-N,1,0.026887548
y_true_train,Ammonium-N,1,0.012570289
y_true_train,Ammonium-N,1,0.139659083
y_true_train,Ammonium-N,1,0.0235
y_true_train,Ammonium-N,1,0.020366667
y_true_train,Ammonium-N,1,0.026266667
y_true_train,Ammonium-N,1,0.015833333
y_true_train,Ammonium-N,1,0.090733333
y_true_train,Ammonium-N,1,0.041933333
y_true_train,Ammonium-N,1,0.004291076
y_true_train,Ammonium-N,1,0.040266667
y_true_train,Ammonium-N,1,0.044866667
y_true_train,Ammonium-N,1,0.2993
y_true_train,Ammonium-N,1,0.027433333
y_true_train,Ammonium-N,1,0.0191
y_true_train,Ammonium-N,1,0.298466667
y_true_train,Ammonium-N,1,0.380266667
y_true_train,Ammonium-N,1,0.018033333
y_true_train,Ammonium-N,1,0.7161
y_true_train,Ammonium-N,1,0.015666667
y_true_train,Ammonium-N,1,0.022166667
y_true_train,Ammonium-N,1,0.102719052
y_true_train,Ammonium-N,1,0.099783572
y_true_train,Ammonium-N,1,0.030166667
y_true_train,Ammonium-N,1,0.035366667
y_true_train,Ammonium-N,1,0.03337575
y_true_train,Ammonium-N,1,0.044766667
y_true_train,Ammonium-N,1,0.101468935
y_true_train,Ammonium-N,1,0.042033333
y_true_train,Ammonium-N,1,0.0377
y_true_train,Ammonium-N,1,0.001266667
y_true_train,Ammonium-N,1,0.08343562
y_true_train,Ammonium-N,1,0.253366667
y_true_train,Ammonium-N,1,0.049
y_true_train,Ammonium-N,1,0.043166667
y_true_train,Ammonium-N,1,0.019933333
y_true_train,Ammonium-N,1,0.0235
y_true_train,Ammonium-N,1,0.018225094
y_true_train,Ammonium-N,1,0.0249
y_true_train,Ammonium-N,1,0.033733333
y_true_train,Ammonium-N,1,0.0221
y_true_train,Ammonium-N,1,0.0216
y_true_train,Ammonium-N,1,0.004922582
y_true_train,Ammonium-N,1,0.4519
y_true_train,Ammonium-N,1,0.094333333
y_true_train,Ammonium-N,1,0.039266667
y_true_train,Ammonium-N,1,0.0064
y_true_train,Ammonium-N,1,0.0229
y_true_train,Ammonium-N,1,0.025666667
y_true_train,Ammonium-N,1,0.067433333
y_true_train,Ammonium-N,1,0.0255
y_true_train,Ammonium-N,1,0.089046085
y_true_train,Ammonium-N,1,0.013033333
y_true_train,Ammonium-N,1,0.10513478
y_true_train,Ammonium-N,1,0.110989659
y_true_train,Ammonium-N,1,0.174233333
y_true_train,Ammonium-N,1,0.008786351
y_true_train,Ammonium-N,1,0.030533333
y_true_train,Ammonium-N,1,0.023441081
y_true_train,Ammonium-N,1,0.011876873
y_true_train,Ammonium-N,1,0.021233333
y_true_train,Ammonium-N,1,0.1929
y_true_train,Ammonium-N,1,0.0134
y_true_train,Ammonium-N,1,0.064266667
y_true_train,Ammonium-N,1,0.107070292
y_true_train,Ammonium-N,1,0.0311
y_true_train,Ammonium-N,1,0.007810801
y_true_train,Ammonium-N,1,0.2686
y_true_train,Ammonium-N,1,0.011533333
y_true_train,Ammonium-N,1,0.0393
y_true_train,Ammonium-N,1,0.013633333
y_true_train,Ammonium-N,1,0.007433333
y_true_train,Ammonium-N,1,0.020533333
y_true_train,Ammonium-N,1,0.0254
y_true_train,Ammonium-N,1,0.3012
y_true_train,Ammonium-N,1,0.116224337
y_true_train,Ammonium-N,1,0.270233333
y_true_train,Ammonium-N,1,0.113816043
y_true_train,Ammonium-N,1,0.010354731
y_true_train,Ammonium-N,1,0.332333333
y_true_train,Ammonium-N,1,0.262866667
y_true_train,Ammonium-N,1,0.014438093
y_true_train,Ammonium-N,1,0.0184
y_true_train,Ammonium-N,1,0.007646588
y_true_train,Ammonium-N,1,0.044766667
y_true_train,Ammonium-N,1,0.318833333
y_true_train,Ammonium-N,1,0.025666667
y_true_train,Ammonium-N,1,0.036566667
y_true_train,Ammonium-N,1,0.004
y_true_train,Ammonium-N,1,0.104686248
y_true_train,Ammonium-N,1,0.0067
y_true_train,Ammonium-N,1,0.0164
y_true_train,Ammonium-N,1,0.015166667
y_true_train,Ammonium-N,1,0.101033333
y_true_train,Ammonium-N,1,0.035133333
y_true_train,Ammonium-N,1,0.1658
y_true_train,Ammonium-N,1,0.008033333
y_true_train,Ammonium-N,1,0.174233333
y_true_train,Ammonium-N,1,0.130166667
y_true_train,Ammonium-N,1,0.0673
y_true_train,Ammonium-N,1,0.035133333
y_true_train,Ammonium-N,1,0.050433333
y_true_train,Ammonium-N,1,0.0235
y_true_test,Ammonium-N,1,0.019033333
y_true_test,Ammonium-N,1,0.050533333
y_true_test,Ammonium-N,1,0.023441081
y_true_test,Ammonium-N,1,0.0148
y_true_test,Ammonium-N,1,0.122533333
y_true_test,Ammonium-N,1,0.103817696
y_true_test,Ammonium-N,1,0.017633333
y_true_test,Ammonium-N,1,0.007133357
y_true_test,Ammonium-N,1,0.041333333
y_true_test,Ammonium-N,1,0.012433333
y_true_test,Ammonium-N,1,0.0491
y_true_test,Ammonium-N,1,0.289433333
y_true_test,Ammonium-N,1,0.0189
y_true_test,Ammonium-N,1,0.017890737
y_true_test,Ammonium-N,1,0.013835059
y_true_test,Ammonium-N,1,0.016837803
y_true_test,Ammonium-N,1,0.004
y_true_test,Ammonium-N,1,0.012937725
y_true_test,Ammonium-N,1,0.034066667
y_true_test,Ammonium-N,1,0.017558316
y_true_test,Ammonium-N,1,0.007166791
y_true_test,Ammonium-N,1,0.01610167
y_true_test,Ammonium-N,1,0.017273802
y_true_test,Ammonium-N,1,0.139659083
y_true_test,Ammonium-N,1,0.0046
y_true_test,Ammonium-N,1,0.049066667
y_true_test,Ammonium-N,1,0.042633333
y_true_test,Ammonium-N,1,0.025966667
y_true_test,Ammonium-N,1,0.11883142
y_true_test,Ammonium-N,1,0.0142
y_true_test,Ammonium-N,1,0.007166791
y_true_test,Ammonium-N,1,0.011766667
y_true_test,Ammonium-N,1,0.022549305
y_true_test,Ammonium-N,1,0.110066667
y_true_test,Ammonium-N,1,0.0198
y_true_test,Ammonium-N,1,0.020533333
y_true_test,Ammonium-N,1,0.0175
y_true_test,Ammonium-N,1,0.067166667
y_true_test,Ammonium-N,1,0.0175
y_true_test,Ammonium-N,1,0.042333333
y_true_test,Ammonium-N,1,0.006433333
y_true_test,Ammonium-N,1,0.006266667
y_true_test,Ammonium-N,1,0.0301
y_true_test,Ammonium-N,1,0.018166667
y_true_test,Ammonium-N,1,0.014438093
y_true_test,Ammonium-N,1,0.0149
test_ind,Ammonium-N,1,28.0
test_ind,Ammonium-N,1,243.0
test_ind,Ammonium-N,1,174.0
test_ind,Ammonium-N,1,34.0
test_ind,Ammonium-N,1,306.0
test_ind,Ammonium-N,1,124.0
test_ind,Ammonium-N,1,381.0
test_ind,Ammonium-N,1,95.0
test_ind,Ammonium-N,1,59.0
test_ind,Ammonium-N,1,287.0
test_ind,Ammonium-N,1,233.0
test_ind,Ammonium-N,1,11.0
test_ind,Ammonium-N,1,249.0
test_ind,Ammonium-N,1,104.0
test_ind,Ammonium-N,1,188.0
test_ind,Ammonium-N,1,80.0
test_ind,Ammonium-N,1,231.0
test_ind,Ammonium-N,1,145.0
test_ind,Ammonium-N,1,64.0
test_ind,Ammonium-N,1,72.0
test_ind,Ammonium-N,1,219.0
test_ind,Ammonium-N,1,212.0
test_ind,Ammonium-N,1,187.0
test_ind,Ammonium-N,1,78.0
test_ind,Ammonium-N,1,298.0
test_ind,Ammonium-N,1,244.0
test_ind,Ammonium-N,1,67.0
test_ind,Ammonium-N,1,39.0
test_ind,Ammonium-N,1,172.0
test_ind,Ammonium-N,1,391.0
test_ind,Ammonium-N,1,220.0
test_ind,Ammonium-N,1,361.0
test_ind,Ammonium-N,1,167.0
test_ind,Ammonium-N,1,302.0
test_ind,Ammonium-N,1,274.0
test_ind,Ammonium-N,1,101.0
test_ind,Ammonium-N,1,121.0
test_ind,Ammonium-N,1,57.0
test_ind,Ammonium-N,1,122.0
test_ind,Ammonium-N,1,262.0
test_ind,Ammonium-N,1,269.0
test_ind,Ammonium-N,1,36.0
test_ind,Ammonium-N,1,284.0
test_ind,Ammonium-N,1,250.0
test_ind,Ammonium-N,1,126.0
test_ind,Ammonium-N,1,281.0
train_ind,Ammonium-N,1,38.0
train_ind,Ammonium-N,1,9.0
train_ind,Ammonium-N,1,98.0
train_ind,Ammonium-N,1,136.0
train_ind,Ammonium-N,1,77.0
train_ind,Ammonium-N,1,74.0
train_ind,Ammonium-N,1,280.0
train_ind,Ammonium-N,1,374.0
train_ind,Ammonium-N,1,260.0
train_ind,Ammonium-N,1,311.0
train_ind,Ammonium-N,1,299.0
train_ind,Ammonium-N,1,213.0
train_ind,Ammonium-N,1,292.0
train_ind,Ammonium-N,1,236.0
train_ind,Ammonium-N,1,20.0
train_ind,Ammonium-N,1,270.0
train_ind,Ammonium-N,1,293.0
train_ind,Ammonium-N,1,23.0
train_ind,Ammonium-N,1,6.0
train_ind,Ammonium-N,1,252.0
train_ind,Ammonium-N,1,12.0
train_ind,Ammonium-N,1,300.0
train_ind,Ammonium-N,1,266.0
train_ind,Ammonium-N,1,144.0
train_ind,Ammonium-N,1,123.0
train_ind,Ammonium-N,1,389.0
train_ind,Ammonium-N,1,373.0
train_ind,Ammonium-N,1,99.0
train_ind,Ammonium-N,1,141.0
train_ind,Ammonium-N,1,173.0
train_ind,Ammonium-N,1,279.0
train_ind,Ammonium-N,1,232.0
train_ind,Ammonium-N,1,247.0
train_ind,Ammonium-N,1,218.0
train_ind,Ammonium-N,1,17.0
train_ind,Ammonium-N,1,69.0
train_ind,Ammonium-N,1,65.0
train_ind,Ammonium-N,1,295.0
train_ind,Ammonium-N,1,76.0
train_ind,Ammonium-N,1,194.0
train_ind,Ammonium-N,1,268.0
train_ind,Ammonium-N,1,398.0
train_ind,Ammonium-N,1,55.0
train_ind,Ammonium-N,1,48.0
train_ind,Ammonium-N,1,164.0
train_ind,Ammonium-N,1,16.0
train_ind,Ammonium-N,1,305.0
train_ind,Ammonium-N,1,238.0
train_ind,Ammonium-N,1,257.0
train_ind,Ammonium-N,1,390.0
train_ind,Ammonium-N,1,216.0
train_ind,Ammonium-N,1,395.0
train_ind,Ammonium-N,1,265.0
train_ind,Ammonium-N,1,143.0
train_ind,Ammonium-N,1,29.0
train_ind,Ammonium-N,1,193.0
train_ind,Ammonium-N,1,79.0
train_ind,Ammonium-N,1,191.0
train_ind,Ammonium-N,1,119.0
train_ind,Ammonium-N,1,52.0
train_ind,Ammonium-N,1,175.0
train_ind,Ammonium-N,1,94.0
train_ind,Ammonium-N,1,49.0
train_ind,Ammonium-N,1,370.0
train_ind,Ammonium-N,1,291.0
train_ind,Ammonium-N,1,385.0
train_ind,Ammonium-N,1,102.0
train_ind,Ammonium-N,1,42.0
train_ind,Ammonium-N,1,168.0
train_ind,Ammonium-N,1,8.0
train_ind,Ammonium-N,1,382.0
train_ind,Ammonium-N,1,61.0
train_ind,Ammonium-N,1,392.0
train_ind,Ammonium-N,1,258.0
train_ind,Ammonium-N,1,100.0
train_ind,Ammonium-N,1,278.0
train_ind,Ammonium-N,1,27.0
train_ind,Ammonium-N,1,217.0
train_ind,Ammonium-N,1,15.0
train_ind,Ammonium-N,1,192.0
train_ind,Ammonium-N,1,138.0
train_ind,Ammonium-N,1,2.0
train_ind,Ammonium-N,1,3.0
train_ind,Ammonium-N,1,125.0
train_ind,Ammonium-N,1,43.0
train_ind,Ammonium-N,1,139.0
train_ind,Ammonium-N,1,142.0
train_ind,Ammonium-N,1,14.0
train_ind,Ammonium-N,1,215.0
train_ind,Ammonium-N,1,237.0
train_ind,Ammonium-N,1,165.0
train_ind,Ammonium-N,1,103.0
train_ind,Ammonium-N,1,248.0
train_ind,Ammonium-N,1,41.0
train_ind,Ammonium-N,1,51.0
train_ind,Ammonium-N,1,315.0
train_ind,Ammonium-N,1,170.0
train_ind,Ammonium-N,1,304.0
train_ind,Ammonium-N,1,386.0
train_ind,Ammonium-N,1,190.0
train_ind,Ammonium-N,1,312.0
train_ind,Ammonium-N,1,372.0
train_ind,Ammonium-N,1,171.0
train_ind,Ammonium-N,1,378.0
train_ind,Ammonium-N,1,75.0
test_rsq,Ammonium-N,1,-0.8899244812083307
train_rsq,Ammonium-N,1,0.004405121022198255
test_rmse,Ammonium-N,1,0.06897647981229242
train_rmse,Ammonium-N,1,0.11258372540274232
test_mape,Ammonium-N,1,436.4229009217041
train_mape,Ammonium-N,1,331.7918650196002
n_comp,Ammonium-N,1,1.0
y_hat_test,Ammonium-N,2,0.048511402277151894
y_hat_test,Ammonium-N,2,0.04806317928040439
y_hat_test,Ammonium-N,2,0.08004612055387222
y_hat_test,Ammonium-N,2,0.08410893518726739
y_hat_test,Ammonium-N,2,0.05999052783705003
y_hat_test,Ammonium-N,2,0.07670096086210176
y_hat_test,Ammonium-N,2,0.07525204891872009
y_hat_test,Ammonium-N,2,0.08376124759314318
y_hat_test,Ammonium-N,2,0.05746843366633891
y_hat_test,Ammonium-N,2,0.04381373139465825
y_hat_test,Ammonium-N,2,0.10419818648647147
y_hat_test,Ammonium-N,2,0.044851470342127275
y_hat_test,Ammonium-N,2,0.08718749694790781
y_hat_test,Ammonium-N,2,0.05485341829037213
y_hat_test,Ammonium-N,2,0.07987844471386235
y_hat_test,Ammonium-N,2,0.10134812154642207
y_hat_test,Ammonium-N,2,0.0611088464038478
y_hat_test,Ammonium-N,2,0.09051604027191529
y_hat_test,Ammonium-N,2,0.04422279098602841
y_hat_test,Ammonium-N,2,0.09605003887654698
y_hat_test,Ammonium-N,2,0.10001248693191034
y_hat_test,Ammonium-N,2,0.051063579116952536
y_hat_test,Ammonium-N,2,0.09356289493170639
y_hat_test,Ammonium-N,2,0.06910683238552755
y_hat_test,Ammonium-N,2,0.03073662022325812
y_hat_test,Ammonium-N,2,0.039340970550241675
y_hat_test,Ammonium-N,2,0.05343944917432136
y_hat_test,Ammonium-N,2,0.08522907946605585
y_hat_test,Ammonium-N,2,0.06360574640598415
y_hat_test,Ammonium-N,2,0.07983742953617079
y_hat_test,Ammonium-N,2,0.07732485562693765
y_hat_test,Ammonium-N,2,0.05974799805835316
y_hat_test,Ammonium-N,2,0.06571216385983031
y_hat_test,Ammonium-N,2,0.06434164543229284
y_hat_test,Ammonium-N,2,0.04528409855154644
y_hat_test,Ammonium-N,2,0.06953890235860376
y_hat_test,Ammonium-N,2,0.056530972867071067
y_hat_test,Ammonium-N,2,0.07681405760046278
y_hat_test,Ammonium-N,2,0.07794809908910283
y_hat_test,Ammonium-N,2,0.09474504247417179
y_hat_test,Ammonium-N,2,0.042415915189396275
y_hat_test,Ammonium-N,2,0.05289577927141752
y_hat_test,Ammonium-N,2,0.06076426814707586
y_hat_test,Ammonium-N,2,0.05798583090154987
y_hat_test,Ammonium-N,2,0.057672481702937935
y_hat_test,Ammonium-N,2,0.04780176948852642
y_hat_train,Ammonium-N,2,0.08706272745051893
y_hat_train,Ammonium-N,2,0.058632891434223115
y_hat_train,Ammonium-N,2,0.05308658292631261
y_hat_train,Ammonium-N,2,0.06929864773608324
y_hat_train,Ammonium-N,2,0.03404470399723292
y_hat_train,Ammonium-N,2,0.11073254024723095
y_hat_train,Ammonium-N,2,0.07014093811122336
y_hat_train,Ammonium-N,2,0.09083550442913395
y_hat_train,Ammonium-N,2,0.039045845199096756
y_hat_train,Ammonium-N,2,0.017763426210227917
y_hat_train,Ammonium-N,2,0.0369113401717621
y_hat_train,Ammonium-N,2,0.0548997171070151
y_hat_train,Ammonium-N,2,0.05216736309143
y_hat_train,Ammonium-N,2,0.055553705060903645
y_hat_train,Ammonium-N,2,0.07002577128994147
y_hat_train,Ammonium-N,2,0.06479196563837251
y_hat_train,Ammonium-N,2,0.04575361394400124
y_hat_train,Ammonium-N,2,0.06027756005919501
y_hat_train,Ammonium-N,2,0.08484381890317966
y_hat_train,Ammonium-N,2,0.07482801959680485
y_hat_train,Ammonium-N,2,0.10061809586795037
y_hat_train,Ammonium-N,2,0.07496954147805741
y_hat_train,Ammonium-N,2,0.03894222629900243
y_hat_train,Ammonium-N,2,0.08241666530201812
y_hat_train,Ammonium-N,2,0.02108218428064791
y_hat_train,Ammonium-N,2,0.09618459074158099
y_hat_train,Ammonium-N,2,0.045824911474481374
y_hat_train,Ammonium-N,2,0.06162132308773054
y_hat_train,Ammonium-N,2,0.06898212985842249
y_hat_train,Ammonium-N,2,0.016397944757205796
y_hat_train,Ammonium-N,2,0.05487231751810072
y_hat_train,Ammonium-N,2,0.08290449154454152
y_hat_train,Ammonium-N,2,0.05487348201082014
y_hat_train,Ammonium-N,2,0.07350559449739141
y_hat_train,Ammonium-N,2,0.042289553632913646
y_hat_train,Ammonium-N,2,0.027391940454015926
y_hat_train,Ammonium-N,2,0.061190720896252604
y_hat_train,Ammonium-N,2,0.04439286325433876
y_hat_train,Ammonium-N,2,0.1086390455691525
y_hat_train,Ammonium-N,2,0.027628473959575545
y_hat_train,Ammonium-N,2,0.06452233323657965
y_hat_train,Ammonium-N,2,0.0871363650375587
y_hat_train,Ammonium-N,2,0.07439657996247612
y_hat_train,Ammonium-N,2,0.0914889932851704
y_hat_train,Ammonium-N,2,0.06619296235566216
y_hat_train,Ammonium-N,2,0.06713115156771915
y_hat_train,Ammonium-N,2,0.05710975333050811
y_hat_train,Ammonium-N,2,0.053750072542328
y_hat_train,Ammonium-N,2,0.048614744786099826
y_hat_train,Ammonium-N,2,0.07009180188020425
y_hat_train,Ammonium-N,2,0.05675224927905407
y_hat_train,Ammonium-N,2,0.07802271085415116
y_hat_train,Ammonium-N,2,0.03506904054086981
y_hat_train,Ammonium-N,2,0.042668630128399485
y_hat_train,Ammonium-N,2,0.04653691751964373
y_hat_train,Ammonium-N,2,0.04233239344637511
y_hat_train,Ammonium-N,2,0.04102261426984266
y_hat_train,Ammonium-N,2,0.04249963587197872
y_hat_train,Ammonium-N,2,0.09114499994390092
y_hat_train,Ammonium-N,2,0.09791133315650274
y_hat_train,Ammonium-N,2,0.08892600103285533
y_hat_train,Ammonium-N,2,0.055678038566497945
y_hat_train,Ammonium-N,2,0.0717285148702456
y_hat_train,Ammonium-N,2,0.04214641415572262
y_hat_train,Ammonium-N,2,0.03598927509690135
y_hat_train,Ammonium-N,2,0.05335227265514797
y_hat_train,Ammonium-N,2,0.08617698285978898
y_hat_train,Ammonium-N,2,0.04289234301842748
y_hat_train,Ammonium-N,2,0.043294129591201685
y_hat_train,Ammonium-N,2,0.07478042945204438
y_hat_train,Ammonium-N,2,0.06980005315089231
y_hat_train,Ammonium-N,2,0.06060086940065782
y_hat_train,Ammonium-N,2,0.06525229529073209
y_hat_train,Ammonium-N,2,0.04502230585038396
y_hat_train,Ammonium-N,2,0.05073511264901934
y_hat_train,Ammonium-N,2,0.05360267504369225
y_hat_train,Ammonium-N,2,0.05833061349090031
y_hat_train,Ammonium-N,2,0.06687576153891239
y_hat_train,Ammonium-N,2,0.01782324341291111
y_hat_train,Ammonium-N,2,0.05397132965437237
y_hat_train,Ammonium-N,2,0.03204030610667571
y_hat_train,Ammonium-N,2,0.060723757775688225
y_hat_train,Ammonium-N,2,0.07806312637681903
y_hat_train,Ammonium-N,2,0.04725322197885902
y_hat_train,Ammonium-N,2,0.08515176594188686
y_hat_train,Ammonium-N,2,0.04076100281120584
y_hat_train,Ammonium-N,2,0.0601454986307801
y_hat_train,Ammonium-N,2,0.05489489209789765
y_hat_train,Ammonium-N,2,0.0696703771292936
y_hat_train,Ammonium-N,2,0.03474872569081629
y_hat_train,Ammonium-N,2,0.12083331728190122
y_hat_train,Ammonium-N,2,0.05583894718475568
y_hat_train,Ammonium-N,2,0.053445866159904064
y_hat_train,Ammonium-N,2,0.05030287884040279
y_hat_train,Ammonium-N,2,0.06878944399281224
y_hat_train,Ammonium-N,2,0.0970339743278521
y_hat_train,Ammonium-N,2,0.05701530737645574
y_hat_train,Ammonium-N,2,0.044119334620026304
y_hat_train,Ammonium-N,2,0.05830898676438641
y_hat_train,Ammonium-N,2,0.05036516141874785
y_hat_train,Ammonium-N,2,0.0456025379031855
y_hat_train,Ammonium-N,2,0.05845951673004242
y_hat_train,Ammonium-N,2,0.09491732543949966
y_hat_train,Ammonium-N,2,0.08795133817220638
y_hat_train,Ammonium-N,2,0.03334373438347815
y_true_train,Ammonium-N,2,0.0175
y_true_train,Ammonium-N,2,0.067166667
y_true_train,Ammonium-N,2,0.020366667
y_true_train,Ammonium-N,2,0.332333333
y_true_train,Ammonium-N,2,0.0221
y_true_train,Ammonium-N,2,0.0235
y_true_train,Ammonium-N,2,0.130166667
y_true_train,Ammonium-N,2,0.050533333
y_true_train,Ammonium-N,2,0.090733333
y_true_train,Ammonium-N,2,0.0164
y_true_train,Ammonium-N,2,0.017633333
y_true_train,Ammonium-N,2,0.041933333
y_true_train,Ammonium-N,2,0.007433333
y_true_train,Ammonium-N,2,0.007166791
y_true_train,Ammonium-N,2,0.3012
y_true_train,Ammonium-N,2,0.0393
y_true_train,Ammonium-N,2,0.011766667
y_true_train,Ammonium-N,2,0.001266667
y_true_train,Ammonium-N,2,0.012570289
y_true_train,Ammonium-N,2,0.1929
y_true_train,Ammonium-N,2,0.017273802
y_true_train,Ammonium-N,2,0.067433333
y_true_train,Ammonium-N,2,0.0311
y_true_train,Ammonium-N,2,0.099783572
y_true_train,Ammonium-N,2,0.0148
y_true_train,Ammonium-N,2,0.0254
y_true_train,Ammonium-N,2,0.0377
y_true_train,Ammonium-N,2,0.049066667
y_true_train,Ammonium-N,2,0.013333333
y_true_train,Ammonium-N,2,0.10513478
y_true_train,Ammonium-N,2,0.007646588
y_true_train,Ammonium-N,2,0.025666667
y_true_train,Ammonium-N,2,0.0191
y_true_train,Ammonium-N,2,0.262866667
y_true_train,Ammonium-N,2,0.103817696
y_true_train,Ammonium-N,2,0.025966667
y_true_train,Ammonium-N,2,0.0491
y_true_train,Ammonium-N,2,0.0134
y_true_train,Ammonium-N,2,0.4519
y_true_train,Ammonium-N,2,0.010354731
y_true_train,Ammonium-N,2,0.049
y_true_train,Ammonium-N,2,0.139659083
y_true_train,Ammonium-N,2,0.253366667
y_true_train,Ammonium-N,2,0.027433333
y_true_train,Ammonium-N,2,0.0067
y_true_train,Ammonium-N,2,0.030533333
y_true_train,Ammonium-N,2,0.043166667
y_true_train,Ammonium-N,2,0.0142
y_true_train,Ammonium-N,2,0.0301
y_true_train,Ammonium-N,2,0.044766667
y_true_train,Ammonium-N,2,0.0198
y_true_train,Ammonium-N,2,0.014438093
y_true_train,Ammonium-N,2,0.11883142
y_true_train,Ammonium-N,2,0.013633333
y_true_train,Ammonium-N,2,0.006266667
y_true_train,Ammonium-N,2,0.030166667
y_true_train,Ammonium-N,2,0.033733333
y_true_train,Ammonium-N,2,0.006433333
y_true_train,Ammonium-N,2,0.270233333
y_true_train,Ammonium-N,2,0.040266667
y_true_train,Ammonium-N,2,0.139659083
y_true_train,Ammonium-N,2,0.107070292
y_true_train,Ammonium-N,2,0.174233333
y_true_train,Ammonium-N,2,0.050433333
y_true_train,Ammonium-N,2,0.007166791
y_true_train,Ammonium-N,2,0.101033333
y_true_train,Ammonium-N,2,0.104686248
y_true_train,Ammonium-N,2,0.023441081
y_true_train,Ammonium-N,2,0.022166667
y_true_train,Ammonium-N,2,0.008786351
y_true_train,Ammonium-N,2,0.174233333
y_true_train,Ammonium-N,2,0.012937725
y_true_train,Ammonium-N,2,0.026266667
y_true_train,Ammonium-N,2,0.018225094
y_true_train,Ammonium-N,2,0.064266667
y_true_train,Ammonium-N,2,0.007810801
y_true_train,Ammonium-N,2,0.03337575
y_true_train,Ammonium-N,2,0.004
y_true_train,Ammonium-N,2,0.116224337
y_true_train,Ammonium-N,2,0.022549305
y_true_train,Ammonium-N,2,0.004922582
y_true_train,Ammonium-N,2,0.035366667
y_true_train,Ammonium-N,2,0.014438093
y_true_train,Ammonium-N,2,0.042633333
y_true_train,Ammonium-N,2,0.0235
y_true_train,Ammonium-N,2,0.018166667
y_true_train,Ammonium-N,2,0.017890737
y_true_train,Ammonium-N,2,0.015833333
y_true_train,Ammonium-N,2,0.217466667
y_true_train,Ammonium-N,2,0.0189
y_true_train,Ammonium-N,2,0.0235
y_true_train,Ammonium-N,2,0.042033333
y_true_train,Ammonium-N,2,0.019933333
y_true_train,Ammonium-N,2,0.034066667
y_true_train,Ammonium-N,2,0.044766667
y_true_train,Ammonium-N,2,0.020533333
y_true_train,Ammonium-N,2,0.0229
y_true_train,Ammonium-N,2,0.044866667
y_true_train,Ammonium-N,2,0.318833333
y_true_train,Ammonium-N,2,0.018033333
y_true_train,Ammonium-N,2,0.023441081
y_true_train,Ammonium-N,2,0.011876873
y_true_train,Ammonium-N,2,0.0184
y_true_train,Ammonium-N,2,0.035133333
y_true_train,Ammonium-N,2,0.013033333
y_true_test,Ammonium-N,2,0.004291076
y_true_test,Ammonium-N,2,0.0249
y_true_test,Ammonium-N,2,0.2686
y_true_test,Ammonium-N,2,0.110066667
y_true_test,Ammonium-N,2,0.7161
y_true_test,Ammonium-N,2,0.298466667
y_true_test,Ammonium-N,2,0.0673
y_true_test,Ammonium-N,2,0.0064
y_true_test,Ammonium-N,2,0.0216
y_true_test,Ammonium-N,2,0.015166667
y_true_test,Ammonium-N,2,0.041333333
y_true_test,Ammonium-N,2,0.102719052
y_true_test,Ammonium-N,2,0.035133333
y_true_test,Ammonium-N,2,0.039266667
y_true_test,Ammonium-N,2,0.1658
y_true_test,Ammonium-N,2,0.289433333
y_true_test,Ammonium-N,2,0.016837803
y_true_test,Ammonium-N,2,0.0175
y_true_test,Ammonium-N,2,0.0046
y_true_test,Ammonium-N,2,0.020533333
y_true_test,Ammonium-N,2,0.017558316
y_true_test,Ammonium-N,2,0.036566667
y_true_test,Ammonium-N,2,0.110989659
y_true_test,Ammonium-N,2,0.021233333
y_true_test,Ammonium-N,2,0.113816043
y_true_test,Ammonium-N,2,0.0255
y_true_test,Ammonium-N,2,0.015666667
y_true_test,Ammonium-N,2,0.025666667
y_true_test,Ammonium-N,2,0.380266667
y_true_test,Ammonium-N,2,0.089046085
y_true_test,Ammonium-N,2,0.026887548
y_true_test,Ammonium-N,2,0.013835059
y_true_test,Ammonium-N,2,0.011533333
y_true_test,Ammonium-N,2,0.094333333
y_true_test,Ammonium-N,2,0.0149
y_true_test,Ammonium-N,2,0.08343562
y_true_test,Ammonium-N,2,0.019033333
y_true_test,Ammonium-N,2,0.007133357
y_true_test,Ammonium-N,2,0.004
y_true_test,Ammonium-N,2,0.122533333
y_true_test,Ammonium-N,2,0.012433333
y_true_test,Ammonium-N,2,0.042333333
y_true_test,Ammonium-N,2,0.101468935
y_true_test,Ammonium-N,2,0.008033333
y_true_test,Ammonium-N,2,0.01610167
y_true_test,Ammonium-N,2,0.2993
test_ind,Ammonium-N,2,213.0
test_ind,Ammonium-N,2,268.0
test_ind,Ammonium-N,2,8.0
test_ind,Ammonium-N,2,302.0
test_ind,Ammonium-N,2,12.0
test_ind,Ammonium-N,2,23.0
test_ind,Ammonium-N,2,372.0
test_ind,Ammonium-N,2,257.0
test_ind,Ammonium-N,2,48.0
test_ind,Ammonium-N,2,51.0
test_ind,Ammonium-N,2,59.0
test_ind,Ammonium-N,2,144.0
test_ind,Ammonium-N,2,170.0
test_ind,Ammonium-N,2,238.0
test_ind,Ammonium-N,2,304.0
test_ind,Ammonium-N,2,11.0
test_ind,Ammonium-N,2,80.0
test_ind,Ammonium-N,2,121.0
test_ind,Ammonium-N,2,298.0
test_ind,Ammonium-N,2,101.0
test_ind,Ammonium-N,2,72.0
test_ind,Ammonium-N,2,237.0
test_ind,Ammonium-N,2,79.0
test_ind,Ammonium-N,2,49.0
test_ind,Ammonium-N,2,192.0
test_ind,Ammonium-N,2,265.0
test_ind,Ammonium-N,2,300.0
test_ind,Ammonium-N,2,215.0
test_ind,Ammonium-N,2,6.0
test_ind,Ammonium-N,2,143.0
test_ind,Ammonium-N,2,98.0
test_ind,Ammonium-N,2,188.0
test_ind,Ammonium-N,2,382.0
test_ind,Ammonium-N,2,305.0
test_ind,Ammonium-N,2,281.0
test_ind,Ammonium-N,2,218.0
test_ind,Ammonium-N,2,28.0
test_ind,Ammonium-N,2,95.0
test_ind,Ammonium-N,2,231.0
test_ind,Ammonium-N,2,306.0
test_ind,Ammonium-N,2,287.0
test_ind,Ammonium-N,2,262.0
test_ind,Ammonium-N,2,173.0
test_ind,Ammonium-N,2,386.0
test_ind,Ammonium-N,2,212.0
test_ind,Ammonium-N,2,20.0
train_ind,Ammonium-N,2,122.0
train_ind,Ammonium-N,2,57.0
train_ind,Ammonium-N,2,280.0
train_ind,Ammonium-N,2,2.0
train_ind,Ammonium-N,2,55.0
train_ind,Ammonium-N,2,74.0
train_ind,Ammonium-N,2,312.0
train_ind,Ammonium-N,2,243.0
train_ind,Ammonium-N,2,311.0
train_ind,Ammonium-N,2,41.0
train_ind,Ammonium-N,2,381.0
train_ind,Ammonium-N,2,299.0
train_ind,Ammonium-N,2,258.0
train_ind,Ammonium-N,2,220.0
train_ind,Ammonium-N,2,27.0
train_ind,Ammonium-N,2,61.0
train_ind,Ammonium-N,2,361.0
train_ind,Ammonium-N,2,247.0
train_ind,Ammonium-N,2,136.0
train_ind,Ammonium-N,2,370.0
train_ind,Ammonium-N,2,187.0
train_ind,Ammonium-N,2,395.0
train_ind,Ammonium-N,2,42.0
train_ind,Ammonium-N,2,123.0
train_ind,Ammonium-N,2,34.0
train_ind,Ammonium-N,2,278.0
train_ind,Ammonium-N,2,232.0
train_ind,Ammonium-N,2,244.0
train_ind,Ammonium-N,2,38.0
train_ind,Ammonium-N,2,193.0
train_ind,Ammonium-N,2,139.0
train_ind,Ammonium-N,2,216.0
train_ind,Ammonium-N,2,293.0
train_ind,Ammonium-N,2,3.0
train_ind,Ammonium-N,2,124.0
train_ind,Ammonium-N,2,39.0
train_ind,Ammonium-N,2,233.0
train_ind,Ammonium-N,2,291.0
train_ind,Ammonium-N,2,16.0
train_ind,Ammonium-N,2,138.0
train_ind,Ammonium-N,2,69.0
train_ind,Ammonium-N,2,78.0
train_ind,Ammonium-N,2,17.0
train_ind,Ammonium-N,2,270.0
train_ind,Ammonium-N,2,248.0
train_ind,Ammonium-N,2,52.0
train_ind,Ammonium-N,2,65.0
train_ind,Ammonium-N,2,391.0
train_ind,Ammonium-N,2,284.0
train_ind,Ammonium-N,2,141.0
train_ind,Ammonium-N,2,274.0
train_ind,Ammonium-N,2,125.0
train_ind,Ammonium-N,2,172.0
train_ind,Ammonium-N,2,392.0
train_ind,Ammonium-N,2,36.0
train_ind,Ammonium-N,2,389.0
train_ind,Ammonium-N,2,398.0
train_ind,Ammonium-N,2,269.0
train_ind,Ammonium-N,2,15.0
train_ind,Ammonium-N,2,292.0
train_ind,Ammonium-N,2,77.0
train_ind,Ammonium-N,2,102.0
train_ind,Ammonium-N,2,190.0
train_ind,Ammonium-N,2,378.0
train_ind,Ammonium-N,2,219.0
train_ind,Ammonium-N,2,315.0
train_ind,Ammonium-N,2,103.0
train_ind,Ammonium-N,2,175.0
train_ind,Ammonium-N,2,266.0
train_ind,Ammonium-N,2,119.0
train_ind,Ammonium-N,2,191.0
train_ind,Ammonium-N,2,145.0
train_ind,Ammonium-N,2,374.0
train_ind,Ammonium-N,2,194.0
train_ind,Ammonium-N,2,385.0
train_ind,Ammonium-N,2,168.0
train_ind,Ammonium-N,2,99.0
train_ind,Ammonium-N,2,165.0
train_ind,Ammonium-N,2,217.0
train_ind,Ammonium-N,2,167.0
train_ind,Ammonium-N,2,164.0
train_ind,Ammonium-N,2,373.0
train_ind,Ammonium-N,2,126.0
train_ind,Ammonium-N,2,67.0
train_ind,Ammonium-N,2,76.0
train_ind,Ammonium-N,2,250.0
train_ind,Ammonium-N,2,104.0
train_ind,Ammonium-N,2,260.0
train_ind,Ammonium-N,2,9.0
train_ind,Ammonium-N,2,249.0
train_ind,Ammonium-N,2,75.0
train_ind,Ammonium-N,2,279.0
train_ind,Ammonium-N,2,295.0
train_ind,Ammonium-N,2,64.0
train_ind,Ammonium-N,2,142.0
train_ind,Ammonium-N,2,100.0
train_ind,Ammonium-N,2,390.0
train_ind,Ammonium-N,2,236.0
train_ind,Ammonium-N,2,14.0
train_ind,Ammonium-N,2,252.0
train_ind,Ammonium-N,2,174.0
train_ind,Ammonium-N,2,94.0
train_ind,Ammonium-N,2,43.0
train_ind,Ammonium-N,2,171.0
train_ind,Ammonium-N,2,29.0
test_rsq,Ammonium-N,2,-0.021651081298734276
train_rsq,Ammonium-N,2,0.06753282207864886
test_rmse,Ammonium-N,2,0.13256563403289795
train_rmse,Ammonium-N,2,0.07887433106576854
test_mape,Ammonium-N,2,269.18823354368413
train_mape,Ammonium-N,2,240.34962880846518
n_comp,Ammonium-N,2,4.0
y_hat_test,Ammonium-N,3,0.0910084753645527
y_hat_test,Ammonium-N,3,0.06227131205253843
y_hat_test,Ammonium-N,3,0.05112886730052456
y_hat_test,Ammonium-N,3,0.030252476434105058
y_hat_test,Ammonium-N,3,0.07908136526506983
y_hat_test,Ammonium-N,3,0.04771046398194753
y_hat_test,Ammonium-N,3,0.07799328840198963
y_hat_test,Ammonium-N,3,0.0393888981090161
y_hat_test,Ammonium-N,3,0.04741181313309534
y_hat_test,Ammonium-N,3,0.05958924919368226
y_hat_test,Ammonium-N,3,-0.002912238111103707
y_hat_test,Ammonium-N,3,0.11642606980346704
y_hat_test,Ammonium-N,3,0.07293993541876914
y_hat_test,Ammonium-N,3,0.06526763871627156
y_hat_test,Ammonium-N,3,0.07408042955774076
y_hat_test,Ammonium-N,3,0.10478748641834193
y_hat_test,Ammonium-N,3,0.08433196155609671
y_hat_test,Ammonium-N,3,0.07560495706034841
y_hat_test,Ammonium-N,3,0.08373681507098928
y_hat_test,Ammonium-N,3,0.04580872063459361
y_hat_test,Ammonium-N,3,0.05193481154986772
y_hat_test,Ammonium-N,3,0.05306593188150109
y_hat_test,Ammonium-N,3,0.035486177506634714
y_hat_test,Ammonium-N,3,0.06091398734843759
y_hat_test,Ammonium-N,3,0.09343356841559988
y_hat_test,Ammonium-N,3,0.08134866680250574
y_hat_test,Ammonium-N,3,0.05269362384976846
y_hat_test,Ammonium-N,3,0.07081815599339762
y_hat_test,Ammonium-N,3,0.07758220964493646
y_hat_test,Ammonium-N,3,0.060213261557054226
y_hat_test,Ammonium-N,3,0.10247228073146802
y_hat_test,Ammonium-N,3,0.08237504571361913
y_hat_test,Ammonium-N,3,0.07364821033213736
y_hat_test,Ammonium-N,3,0.0769294400703922
y_hat_test,Ammonium-N,3,0.10727721283192243
y_hat_test,Ammonium-N,3,0.0645527867460369
y_hat_test,Ammonium-N,3,0.1096702921490287
y_hat_test,Ammonium-N,3,0.09573380833675202
y_hat_test,Ammonium-N,3,0.04271655285226125
y_hat_test,Ammonium-N,3,0.03288607011849668
y_hat_test,Ammonium-N,3,0.08845998772807741
y_hat_test,Ammonium-N,3,0.08131481316743416
y_hat_test,Ammonium-N,3,0.08652969409694208
y_hat_test,Ammonium-N,3,0.0782236227023878
y_hat_test,Ammonium-N,3,0.0519845116761795
y_hat_test,Ammonium-N,3,0.12624142110253822
y_hat_train,Ammonium-N,3,0.0737526451999152
y_hat_train,Ammonium-N,3,0.0860470111604506
y_hat_train,Ammonium-N,3,0.03843181846123106
y_hat_train,Ammonium-N,3,0.038541755759679136
y_hat_train,Ammonium-N,3,0.08337971796372783
y_hat_train,Ammonium-N,3,0.06154831907805571
y_hat_train,Ammonium-N,3,0.10213902035808248
y_hat_train,Ammonium-N,3,0.06423573636682323
y_hat_train,Ammonium-N,3,0.07109112841360297
y_hat_train,Ammonium-N,3,0.062683375613225
y_hat_train,Ammonium-N,3,0.07168389484028037
y_hat_train,Ammonium-N,3,0.03809508280695029
y_hat_train,Ammonium-N,3,0.05182317346139449
y_hat_train,Ammonium-N,3,0.037482042643966484
y_hat_train,Ammonium-N,3,0.05582021933972588
y_hat_train,Ammonium-N,3,0.08457879265928916
y_hat_train,Ammonium-N,3,0.07451353385562832
y_hat_train,Ammonium-N,3,0.07154417910601628
y_hat_train,Ammonium-N,3,0.09059083742494636
y_hat_train,Ammonium-N,3,0.08541535861652191
y_hat_train,Ammonium-N,3,0.09741762346351551
y_hat_train,Ammonium-N,3,0.08019700332594665
y_hat_train,Ammonium-N,3,0.09172973584268179
y_hat_train,Ammonium-N,3,0.08309879465555386
y_hat_train,Ammonium-N,3,0.09977662339832585
y_hat_train,Ammonium-N,3,0.05304307479156921
y_hat_train,Ammonium-N,3,0.089922476364716
y_hat_train,Ammonium-N,3,0.10448684277201595
y_hat_train,Ammonium-N,3,0.05459374337427092
y_hat_train,Ammonium-N,3,0.05629609823950549
y_hat_train,Ammonium-N,3,0.044556025239684084
y_hat_train,Ammonium-N,3,0.06968783062320992
y_hat_train,Ammonium-N,3,0.11296607355152044
y_hat_train,Ammonium-N,3,0.06029170536997395
y_hat_train,Ammonium-N,3,0.04315630754357845
y_hat_train,Ammonium-N,3,0.08766759641606946
y_hat_train,Ammonium-N,3,0.09918703190735015
y_hat_train,Ammonium-N,3,0.08563810609982889
y_hat_train,Ammonium-N,3,0.05882305822215882
y_hat_train,Ammonium-N,3,0.0983996941301612
y_hat_train,Ammonium-N,3,0.019692222302440686
y_hat_train,Ammonium-N,3,0.0969982146622419
y_hat_train,Ammonium-N,3,0.0650900931497475
y_hat_train,Ammonium-N,3,0.08190956301407018
y_hat_train,Ammonium-N,3,0.08578832827781105
y_hat_train,Ammonium-N,3,0.07299607695873037
y_hat_train,Ammonium-N,3,0.06955221891810885
y_hat_train,Ammonium-N,3,0.07946978693965825
y_hat_train,Ammonium-N,3,0.06471712578411562
y_hat_train,Ammonium-N,3,0.06064815932066976
y_hat_train,Ammonium-N,3,0.0949782955438476
y_hat_train,Ammonium-N,3,0.024299010691547385
y_hat_train,Ammonium-N,3,0.015535599855037704
y_hat_train,Ammonium-N,3,0.056909264744455706
y_hat_train,Ammonium-N,3,0.02212606304183684
y_hat_train,Ammonium-N,3,0.060068266532552345
y_hat_train,Ammonium-N,3,0.05456315366714444
y_hat_train,Ammonium-N,3,0.07428880432099173
y_hat_train,Ammonium-N,3,0.05591491145817695
y_hat_train,Ammonium-N,3,0.08108085493226007
y_hat_train,Ammonium-N,3,0.07127641522624377
y_hat_train,Ammonium-N,3,0.09991509577388483
y_hat_train,Ammonium-N,3,0.050408140356042935
y_hat_train,Ammonium-N,3,0.07733898483881718
y_hat_train,Ammonium-N,3,0.06882742007673906
y_hat_train,Ammonium-N,3,0.07695160838616646
y_hat_train,Ammonium-N,3,0.0818348254423657
y_hat_train,Ammonium-N,3,0.06125149204885841
y_hat_train,Ammonium-N,3,0.06439638076406198
y_hat_train,Ammonium-N,3,0.04250781123571788
y_hat_train,Ammonium-N,3,0.051880029360104274
y_hat_train,Ammonium-N,3,0.07449420097813593
y_hat_train,Ammonium-N,3,0.06856412508407647
y_hat_train,Ammonium-N,3,0.06145766066666862
y_hat_train,Ammonium-N,3,0.07895528688654287
y_hat_train,Ammonium-N,3,0.08778493816761788
y_hat_train,Ammonium-N,3,0.09227622662997492
y_hat_train,Ammonium-N,3,0.09712918908828543
y_hat_train,Ammonium-N,3,0.04311752012552146
y_hat_train,Ammonium-N,3,0.08315317085582635
y_hat_train,Ammonium-N,3,0.0421979820834988
y_hat_train,Ammonium-N,3,0.038600045511805334
y_hat_train,Ammonium-N,3,0.045005751626258944
y_hat_train,Ammonium-N,3,0.07050222808307018
y_hat_train,Ammonium-N,3,0.035987352481806144
y_hat_train,Ammonium-N,3,0.04985002097551201
y_hat_train,Ammonium-N,3,0.03918557020032825
y_hat_train,Ammonium-N,3,0.06726443000034109
y_hat_train,Ammonium-N,3,0.0820118418970372
y_hat_train,Ammonium-N,3,0.0359375140579254
y_hat_train,Ammonium-N,3,0.09898096833525233
y_hat_train,Ammonium-N,3,0.02450353366517185
y_hat_train,Ammonium-N,3,0.10350097375377532
y_hat_train,Ammonium-N,3,0.0802681929981888
y_hat_train,Ammonium-N,3,0.09141982129286948
y_hat_train,Ammonium-N,3,0.07689643509897975
y_hat_train,Ammonium-N,3,0.07585841878324924
y_hat_train,Ammonium-N,3,0.0880055523235077
y_hat_train,Ammonium-N,3,0.09415348566555834
y_hat_train,Ammonium-N,3,0.07518395479958494
y_hat_train,Ammonium-N,3,0.0684230915000424
y_hat_train,Ammonium-N,3,0.0646593787221679
y_hat_train,Ammonium-N,3,0.06354034507281558
y_hat_train,Ammonium-N,3,0.0631520962996099
y_hat_train,Ammonium-N,3,0.08312595920339604
y_true_train,Ammonium-N,3,0.0216
y_true_train,Ammonium-N,3,0.018225094
y_true_train,Ammonium-N,3,0.064266667
y_true_train,Ammonium-N,3,0.01610167
y_true_train,Ammonium-N,3,0.026887548
y_true_train,Ammonium-N,3,0.017558316
y_true_train,Ammonium-N,3,0.0067
y_true_train,Ammonium-N,3,0.104686248
y_true_train,Ammonium-N,3,0.11883142
y_true_train,Ammonium-N,3,0.049
y_true_train,Ammonium-N,3,0.1929
y_true_train,Ammonium-N,3,0.025966667
y_true_train,Ammonium-N,3,0.042033333
y_true_train,Ammonium-N,3,0.036566667
y_true_train,Ammonium-N,3,0.217466667
y_true_train,Ammonium-N,3,0.298466667
y_true_train,Ammonium-N,3,0.008033333
y_true_train,Ammonium-N,3,0.007810801
y_true_train,Ammonium-N,3,0.253366667
y_true_train,Ammonium-N,3,0.2993
y_true_train,Ammonium-N,3,0.050533333
y_true_train,Ammonium-N,3,0.0673
y_true_train,Ammonium-N,3,0.001266667
y_true_train,Ammonium-N,3,0.4519
y_true_train,Ammonium-N,3,0.019933333
y_true_train,Ammonium-N,3,0.044866667
y_true_train,Ammonium-N,3,0.041333333
y_true_train,Ammonium-N,3,0.139659083
y_true_train,Ammonium-N,3,0.094333333
y_true_train,Ammonium-N,3,0.020366667
y_true_train,Ammonium-N,3,0.0198
y_true_train,Ammonium-N,3,0.049066667
y_true_train,Ammonium-N,3,0.012570289
y_true_train,Ammonium-N,3,0.025666667
y_true_train,Ammonium-N,3,0.007133357
y_true_train,Ammonium-N,3,0.0235
y_true_train,Ammonium-N,3,0.0254
y_true_train,Ammonium-N,3,0.030166667
y_true_train,Ammonium-N,3,0.008786351
y_true_train,Ammonium-N,3,0.0189
y_true_train,Ammonium-N,3,0.007646588
y_true_train,Ammonium-N,3,0.040266667
y_true_train,Ammonium-N,3,0.0393
y_true_train,Ammonium-N,3,0.130166667
y_true_train,Ammonium-N,3,0.3012
y_true_train,Ammonium-N,3,0.099783572
y_true_train,Ammonium-N,3,0.023441081
y_true_train,Ammonium-N,3,0.090733333
y_true_train,Ammonium-N,3,0.067433333
y_true_train,Ammonium-N,3,0.043166667
y_true_train,Ammonium-N,3,0.174233333
y_true_train,Ammonium-N,3,0.0148
y_true_train,Ammonium-N,3,0.007166791
y_true_train,Ammonium-N,3,0.101468935
y_true_train,Ammonium-N,3,0.004291076
y_true_train,Ammonium-N,3,0.262866667
y_true_train,Ammonium-N,3,0.0046
y_true_train,Ammonium-N,3,0.03337575
y_true_train,Ammonium-N,3,0.042333333
y_true_train,Ammonium-N,3,0.035133333
y_true_train,Ammonium-N,3,0.0229
y_true_train,Ammonium-N,3,0.103817696
y_true_train,Ammonium-N,3,0.0134
y_true_train,Ammonium-N,3,0.044766667
y_true_train,Ammonium-N,3,0.013333333
y_true_train,Ammonium-N,3,0.0064
y_true_train,Ammonium-N,3,0.089046085
y_true_train,Ammonium-N,3,0.013633333
y_true_train,Ammonium-N,3,0.0175
y_true_train,Ammonium-N,3,0.067166667
y_true_train,Ammonium-N,3,0.013835059
y_true_train,Ammonium-N,3,0.0142
y_true_train,Ammonium-N,3,0.107070292
y_true_train,Ammonium-N,3,0.0491
y_true_train,Ammonium-N,3,0.0164
y_true_train,Ammonium-N,3,0.0235
y_true_train,Ammonium-N,3,0.020533333
y_true_train,Ammonium-N,3,0.174233333
y_true_train,Ammonium-N,3,0.0191
y_true_train,Ammonium-N,3,0.042633333
y_true_train,Ammonium-N,3,0.011876873
y_true_train,Ammonium-N,3,0.012433333
y_true_train,Ammonium-N,3,0.318833333
y_true_train,Ammonium-N,3,0.044766667
y_true_train,Ammonium-N,3,0.033733333
y_true_train,Ammonium-N,3,0.039266667
y_true_train,Ammonium-N,3,0.022166667
y_true_train,Ammonium-N,3,0.018033333
y_true_train,Ammonium-N,3,0.022549305
y_true_train,Ammonium-N,3,0.007166791
y_true_train,Ammonium-N,3,0.1658
y_true_train,Ammonium-N,3,0.010354731
y_true_train,Ammonium-N,3,0.380266667
y_true_train,Ammonium-N,3,0.012937725
y_true_train,Ammonium-N,3,0.113816043
y_true_train,Ammonium-N,3,0.030533333
y_true_train,Ammonium-N,3,0.011533333
y_true_train,Ammonium-N,3,0.0377
y_true_train,Ammonium-N,3,0.0301
y_true_train,Ammonium-N,3,0.035366667
y_true_train,Ammonium-N,3,0.015833333
y_true_train,Ammonium-N,3,0.0311
y_true_train,Ammonium-N,3,0.332333333
y_true_train,Ammonium-N,3,0.122533333
y_true_train,Ammonium-N,3,0.007433333
y_true_test,Ammonium-N,3,0.020533333
y_true_test,Ammonium-N,3,0.2686
y_true_test,Ammonium-N,3,0.034066667
y_true_test,Ammonium-N,3,0.015166667
y_true_test,Ammonium-N,3,0.013033333
y_true_test,Ammonium-N,3,0.0149
y_true_test,Ammonium-N,3,0.08343562
y_true_test,Ammonium-N,3,0.7161
y_true_test,Ammonium-N,3,0.018166667
y_true_test,Ammonium-N,3,0.102719052
y_true_test,Ammonium-N,3,0.116224337
y_true_test,Ammonium-N,3,0.0235
y_true_test,Ammonium-N,3,0.004
y_true_test,Ammonium-N,3,0.0175
y_true_test,Ammonium-N,3,0.050433333
y_true_test,Ammonium-N,3,0.139659083
y_true_test,Ammonium-N,3,0.035133333
y_true_test,Ammonium-N,3,0.011766667
y_true_test,Ammonium-N,3,0.027433333
y_true_test,Ammonium-N,3,0.016837803
y_true_test,Ammonium-N,3,0.041933333
y_true_test,Ammonium-N,3,0.006433333
y_true_test,Ammonium-N,3,0.017633333
y_true_test,Ammonium-N,3,0.023441081
y_true_test,Ammonium-N,3,0.289433333
y_true_test,Ammonium-N,3,0.0255
y_true_test,Ammonium-N,3,0.101033333
y_true_test,Ammonium-N,3,0.004922582
y_true_test,Ammonium-N,3,0.014438093
y_true_test,Ammonium-N,3,0.025666667
y_true_test,Ammonium-N,3,0.019033333
y_true_test,Ammonium-N,3,0.021233333
y_true_test,Ammonium-N,3,0.026266667
y_true_test,Ammonium-N,3,0.014438093
y_true_test,Ammonium-N,3,0.270233333
y_true_test,Ammonium-N,3,0.0221
y_true_test,Ammonium-N,3,0.017273802
y_true_test,Ammonium-N,3,0.110989659
y_true_test,Ammonium-N,3,0.0249
y_true_test,Ammonium-N,3,0.004
y_true_test,Ammonium-N,3,0.110066667
y_true_test,Ammonium-N,3,0.10513478
y_true_test,Ammonium-N,3,0.0184
y_true_test,Ammonium-N,3,0.006266667
y_true_test,Ammonium-N,3,0.015666667
y_true_test,Ammonium-N,3,0.017890737
test_ind,Ammonium-N,3,100.0
test_ind,Ammonium-N,3,8.0
test_ind,Ammonium-N,3,64.0
test_ind,Ammonium-N,3,51.0
test_ind,Ammonium-N,3,29.0
test_ind,Ammonium-N,3,281.0
test_ind,Ammonium-N,3,218.0
test_ind,Ammonium-N,3,12.0
test_ind,Ammonium-N,3,250.0
test_ind,Ammonium-N,3,144.0
test_ind,Ammonium-N,3,217.0
test_ind,Ammonium-N,3,76.0
test_ind,Ammonium-N,3,231.0
test_ind,Ammonium-N,3,121.0
test_ind,Ammonium-N,3,378.0
test_ind,Ammonium-N,3,78.0
test_ind,Ammonium-N,3,171.0
test_ind,Ammonium-N,3,361.0
test_ind,Ammonium-N,3,270.0
test_ind,Ammonium-N,3,80.0
test_ind,Ammonium-N,3,299.0
test_ind,Ammonium-N,3,269.0
test_ind,Ammonium-N,3,381.0
test_ind,Ammonium-N,3,175.0
test_ind,Ammonium-N,3,11.0
test_ind,Ammonium-N,3,265.0
test_ind,Ammonium-N,3,315.0
test_ind,Ammonium-N,3,164.0
test_ind,Ammonium-N,3,125.0
test_ind,Ammonium-N,3,215.0
test_ind,Ammonium-N,3,28.0
test_ind,Ammonium-N,3,49.0
test_ind,Ammonium-N,3,374.0
test_ind,Ammonium-N,3,126.0
test_ind,Ammonium-N,3,15.0
test_ind,Ammonium-N,3,55.0
test_ind,Ammonium-N,3,187.0
test_ind,Ammonium-N,3,79.0
test_ind,Ammonium-N,3,268.0
test_ind,Ammonium-N,3,165.0
test_ind,Ammonium-N,3,302.0
test_ind,Ammonium-N,3,193.0
test_ind,Ammonium-N,3,43.0
test_ind,Ammonium-N,3,36.0
test_ind,Ammonium-N,3,300.0
test_ind,Ammonium-N,3,104.0
train_ind,Ammonium-N,3,48.0
train_ind,Ammonium-N,3,194.0
train_ind,Ammonium-N,3,385.0
train_ind,Ammonium-N,3,212.0
train_ind,Ammonium-N,3,98.0
train_ind,Ammonium-N,3,72.0
train_ind,Ammonium-N,3,248.0
train_ind,Ammonium-N,3,103.0
train_ind,Ammonium-N,3,172.0
train_ind,Ammonium-N,3,69.0
train_ind,Ammonium-N,3,370.0
train_ind,Ammonium-N,3,39.0
train_ind,Ammonium-N,3,279.0
train_ind,Ammonium-N,3,237.0
train_ind,Ammonium-N,3,9.0
train_ind,Ammonium-N,3,23.0
train_ind,Ammonium-N,3,386.0
train_ind,Ammonium-N,3,168.0
train_ind,Ammonium-N,3,17.0
train_ind,Ammonium-N,3,20.0
train_ind,Ammonium-N,3,243.0
train_ind,Ammonium-N,3,372.0
train_ind,Ammonium-N,3,247.0
train_ind,Ammonium-N,3,16.0
train_ind,Ammonium-N,3,295.0
train_ind,Ammonium-N,3,236.0
train_ind,Ammonium-N,3,59.0
train_ind,Ammonium-N,3,77.0
train_ind,Ammonium-N,3,305.0
train_ind,Ammonium-N,3,280.0
train_ind,Ammonium-N,3,274.0
train_ind,Ammonium-N,3,244.0
train_ind,Ammonium-N,3,136.0
train_ind,Ammonium-N,3,216.0
train_ind,Ammonium-N,3,95.0
train_ind,Ammonium-N,3,74.0
train_ind,Ammonium-N,3,278.0
train_ind,Ammonium-N,3,389.0
train_ind,Ammonium-N,3,119.0
train_ind,Ammonium-N,3,249.0
train_ind,Ammonium-N,3,139.0
train_ind,Ammonium-N,3,292.0
train_ind,Ammonium-N,3,61.0
train_ind,Ammonium-N,3,312.0
train_ind,Ammonium-N,3,27.0
train_ind,Ammonium-N,3,123.0
train_ind,Ammonium-N,3,174.0
train_ind,Ammonium-N,3,311.0
train_ind,Ammonium-N,3,395.0
train_ind,Ammonium-N,3,65.0
train_ind,Ammonium-N,3,191.0
train_ind,Ammonium-N,3,34.0
train_ind,Ammonium-N,3,220.0
train_ind,Ammonium-N,3,173.0
train_ind,Ammonium-N,3,213.0
train_ind,Ammonium-N,3,3.0
train_ind,Ammonium-N,3,298.0
train_ind,Ammonium-N,3,99.0
train_ind,Ammonium-N,3,262.0
train_ind,Ammonium-N,3,170.0
train_ind,Ammonium-N,3,390.0
train_ind,Ammonium-N,3,124.0
train_ind,Ammonium-N,3,291.0
train_ind,Ammonium-N,3,142.0
train_ind,Ammonium-N,3,38.0
train_ind,Ammonium-N,3,257.0
train_ind,Ammonium-N,3,143.0
train_ind,Ammonium-N,3,392.0
train_ind,Ammonium-N,3,122.0
train_ind,Ammonium-N,3,57.0
train_ind,Ammonium-N,3,188.0
train_ind,Ammonium-N,3,391.0
train_ind,Ammonium-N,3,102.0
train_ind,Ammonium-N,3,233.0
train_ind,Ammonium-N,3,41.0
train_ind,Ammonium-N,3,75.0
train_ind,Ammonium-N,3,101.0
train_ind,Ammonium-N,3,190.0
train_ind,Ammonium-N,3,293.0
train_ind,Ammonium-N,3,67.0
train_ind,Ammonium-N,3,94.0
train_ind,Ammonium-N,3,287.0
train_ind,Ammonium-N,3,14.0
train_ind,Ammonium-N,3,141.0
train_ind,Ammonium-N,3,398.0
train_ind,Ammonium-N,3,238.0
train_ind,Ammonium-N,3,266.0
train_ind,Ammonium-N,3,252.0
train_ind,Ammonium-N,3,167.0
train_ind,Ammonium-N,3,219.0
train_ind,Ammonium-N,3,304.0
train_ind,Ammonium-N,3,138.0
train_ind,Ammonium-N,3,6.0
train_ind,Ammonium-N,3,145.0
train_ind,Ammonium-N,3,192.0
train_ind,Ammonium-N,3,52.0
train_ind,Ammonium-N,3,382.0
train_ind,Ammonium-N,3,232.0
train_ind,Ammonium-N,3,284.0
train_ind,Ammonium-N,3,373.0
train_ind,Ammonium-N,3,260.0
train_ind,Ammonium-N,3,42.0
train_ind,Ammonium-N,3,2.0
train_ind,Ammonium-N,3,306.0
train_ind,Ammonium-N,3,258.0
test_rsq,Ammonium-N,3,-0.06922816449462932
train_rsq,Ammonium-N,3,0.054899868909176086
test_rmse,Ammonium-N,3,0.12271887235661239
train_rmse,Ammonium-N,3,0.08826298684788007
test_mape,Ammonium-N,3,300.3079989323856
train_mape,Ammonium-N,3,277.8129300546536
n_comp,Ammonium-N,3,3.0
y_hat_test,Ammonium-N,4,0.05637570311290186
y_hat_test,Ammonium-N,4,0.07773901361794978
y_hat_test,Ammonium-N,4,0.06038132655419743
y_hat_test,Ammonium-N,4,0.0610330279052514
y_hat_test,Ammonium-N,4,0.05895516946163936
y_hat_test,Ammonium-N,4,0.060004498273657586
y_hat_test,Ammonium-N,4,0.05594920871528315
y_hat_test,Ammonium-N,4,0.06295274705791348
y_hat_test,Ammonium-N,4,0.06573000614770497
y_hat_test,Ammonium-N,4,0.058567278047161025
y_hat_test,Ammonium-N,4,0.057859080076186876
y_hat_test,Ammonium-N,4,0.05575066318131585
y_hat_test,Ammonium-N,4,0.06178591837370452
y_hat_test,Ammonium-N,4,0.06047502588472632
y_hat_test,Ammonium-N,4,0.0581074406227431
y_hat_test,Ammonium-N,4,0.05916442427027431
y_hat_test,Ammonium-N,4,0.06906052620852135
y_hat_test,Ammonium-N,4,0.056207142784997555
y_hat_test,Ammonium-N,4,0.06029126834597577
y_hat_test,Ammonium-N,4,0.055263049524796576
y_hat_test,Ammonium-N,4,0.07537048544075517
y_hat_test,Ammonium-N,4,0.05727685763218017
y_hat_test,Ammonium-N,4,0.06790745037587477
y_hat_test,Ammonium-N,4,0.06279709503395922
y_hat_test,Ammonium-N,4,0.07215086647512423
y_hat_test,Ammonium-N,4,0.05709553131476638
y_hat_test,Ammonium-N,4,0.0713190657801187
y_hat_test,Ammonium-N,4,0.056485460544061
y_hat_test,Ammonium-N,4,0.054068597532349605
y_hat_test,Ammonium-N,4,0.0546364857824481
y_hat_test,Ammonium-N,4,0.05915402852002515
y_hat_test,Ammonium-N,4,0.06350153863442089
y_hat_test,Ammonium-N,4,0.058044218070707886
y_hat_test,Ammonium-N,4,0.05935752650947651
y_hat_test,Ammonium-N,4,0.058520080404371476
y_hat_test,Ammonium-N,4,0.05976966028196756
y_hat_test,Ammonium-N,4,0.058378585223583634
y_hat_test,Ammonium-N,4,0.05341652813479904
y_hat_test,Ammonium-N,4,0.05952524147822144
y_hat_test,Ammonium-N,4,0.06000956389619342
y_hat_test,Ammonium-N,4,0.0749390267265166
y_hat_test,Ammonium-N,4,0.05905088715350336
y_hat_test,Ammonium-N,4,0.05963721956797725
y_hat_test,Ammonium-N,4,0.06091153560679271
y_hat_test,Ammonium-N,4,0.05491511356537436
y_hat_test,Ammonium-N,4,0.06096886175824975
y_hat_train,Ammonium-N,4,0.05850452499237211
y_hat_train,Ammonium-N,4,0.06118511070568903
y_hat_train,Ammonium-N,4,0.06599988120644082
y_hat_train,Ammonium-N,4,0.07699233176210407
y_hat_train,Ammonium-N,4,0.055533591819471026
y_hat_train,Ammonium-N,4,0.059195526826856436
y_hat_train,Ammonium-N,4,0.0546044906531267
y_hat_train,Ammonium-N,4,0.055908112238291355
y_hat_train,Ammonium-N,4,0.05845793029570405
y_hat_train,Ammonium-N,4,0.05753687602791113
y_hat_train,Ammonium-N,4,0.06980852113948682
y_hat_train,Ammonium-N,4,0.060454104054939894
y_hat_train,Ammonium-N,4,0.058641622594490767
y_hat_train,Ammonium-N,4,0.0609090185001605
y_hat_train,Ammonium-N,4,0.06017544729955007
y_hat_train,Ammonium-N,4,0.07715239711858685
y_hat_train,Ammonium-N,4,0.07222981751645609
y_hat_train,Ammonium-N,4,0.05983174526170853
y_hat_train,Ammonium-N,4,0.07402478070319447
y_hat_train,Ammonium-N,4,0.05695387305954764
y_hat_train,Ammonium-N,4,0.05747143711739902
y_hat_train,Ammonium-N,4,0.059644602405349245
y_hat_train,Ammonium-N,4,0.07472007534528172
y_hat_train,Ammonium-N,4,0.05847428196604184
y_hat_train,Ammonium-N,4,0.058051473070950384
y_hat_train,Ammonium-N,4,0.05766133550866455
y_hat_train,Ammonium-N,4,0.0549207475427164
y_hat_train,Ammonium-N,4,0.06249743276189555
y_hat_train,Ammonium-N,4,0.058971348474207486
y_hat_train,Ammonium-N,4,0.06160263697094462
y_hat_train,Ammonium-N,4,0.06075724857384262
y_hat_train,Ammonium-N,4,0.06517351082241514
y_hat_train,Ammonium-N,4,0.0613822956444066
y_hat_train,Ammonium-N,4,0.06576059456572346
y_hat_train,Ammonium-N,4,0.05896699423354608
y_hat_train,Ammonium-N,4,0.06458165433447721
y_hat_train,Ammonium-N,4,0.0813333000341991
y_hat_train,Ammonium-N,4,0.06677081005397789
y_hat_train,Ammonium-N,4,0.05725157924103553
y_hat_train,Ammonium-N,4,0.059492105655086315
y_hat_train,Ammonium-N,4,0.060762621225027326
y_hat_train,Ammonium-N,4,0.05753248362996715
y_hat_train,Ammonium-N,4,0.05384702965808977
y_hat_train,Ammonium-N,4,0.062346363679765475
y_hat_train,Ammonium-N,4,0.06136670642470776
y_hat_train,Ammonium-N,4,0.05840271219488801
y_hat_train,Ammonium-N,4,0.05776521749280771
y_hat_train,Ammonium-N,4,0.05969675899490648
y_hat_train,Ammonium-N,4,0.05810484985268654
y_hat_train,Ammonium-N,4,0.05667472332070584
y_hat_train,Ammonium-N,4,0.06023213950850751
y_hat_train,Ammonium-N,4,0.07427331490733245
y_hat_train,Ammonium-N,4,0.07505620231756109
y_hat_train,Ammonium-N,4,0.057994891967347424
y_hat_train,Ammonium-N,4,0.058137656773744675
y_hat_train,Ammonium-N,4,0.05816481610783747
y_hat_train,Ammonium-N,4,0.06341501347799502
y_hat_train,Ammonium-N,4,0.06320484637810905
y_hat_train,Ammonium-N,4,0.058544319861714704
y_hat_train,Ammonium-N,4,0.06014316274876396
y_hat_train,Ammonium-N,4,0.05536234968695105
y_hat_train,Ammonium-N,4,0.06146766972883617
y_hat_train,Ammonium-N,4,0.06029121089653528
y_hat_train,Ammonium-N,4,0.06422868973787894
y_hat_train,Ammonium-N,4,0.05624305716900695
y_hat_train,Ammonium-N,4,0.06841880720970797
y_hat_train,Ammonium-N,4,0.05494510210957657
y_hat_train,Ammonium-N,4,0.06065980923626515
y_hat_train,Ammonium-N,4,0.05779396000932388
y_hat_train,Ammonium-N,4,0.07070369512970265
y_hat_train,Ammonium-N,4,0.057229297537506184
y_hat_train,Ammonium-N,4,0.05588334721633926
y_hat_train,Ammonium-N,4,0.061611388287679016
y_hat_train,Ammonium-N,4,0.08155077606846946
y_hat_train,Ammonium-N,4,0.06838062507797403
y_hat_train,Ammonium-N,4,0.07216081618978842
y_hat_train,Ammonium-N,4,0.05937947522346147
y_hat_train,Ammonium-N,4,0.05958589602453159
y_hat_train,Ammonium-N,4,0.06018012817669227
y_hat_train,Ammonium-N,4,0.06113694009134324
y_hat_train,Ammonium-N,4,0.059387588490593404
y_hat_train,Ammonium-N,4,0.06444458772382762
y_hat_train,Ammonium-N,4,0.05915737552568705
y_hat_train,Ammonium-N,4,0.0579023353538162
y_hat_train,Ammonium-N,4,0.06452654305891765
y_hat_train,Ammonium-N,4,0.05806900269170063
y_hat_train,Ammonium-N,4,0.06098779946042584
y_hat_train,Ammonium-N,4,0.08081003964518423
y_hat_train,Ammonium-N,4,0.05920837257857102
y_hat_train,Ammonium-N,4,0.05937755422526805
y_hat_train,Ammonium-N,4,0.06679666592287693
y_hat_train,Ammonium-N,4,0.06237655047295814
y_hat_train,Ammonium-N,4,0.057803513900390235
y_hat_train,Ammonium-N,4,0.0629840970866303
y_hat_train,Ammonium-N,4,0.06027555592033855
y_hat_train,Ammonium-N,4,0.05785650240089175
y_hat_train,Ammonium-N,4,0.05456439785961735
y_hat_train,Ammonium-N,4,0.05698502669132391
y_hat_train,Ammonium-N,4,0.06295628045582734
y_hat_train,Ammonium-N,4,0.06532144235202435
y_hat_train,Ammonium-N,4,0.057167680387018104
y_hat_train,Ammonium-N,4,0.059789027038475634
y_hat_train,Ammonium-N,4,0.0573208873914254
y_hat_train,Ammonium-N,4,0.06328215668521052
y_hat_train,Ammonium-N,4,0.07145814625271577
y_true_train,Ammonium-N,4,0.013033333
y_true_train,Ammonium-N,4,0.007646588
y_true_train,Ammonium-N,4,0.004
y_true_train,Ammonium-N,4,0.067433333
y_true_train,Ammonium-N,4,0.0221
y_true_train,Ammonium-N,4,0.022549305
y_true_train,Ammonium-N,4,0.0301
y_true_train,Ammonium-N,4,0.030166667
y_true_train,Ammonium-N,4,0.0249
y_true_train,Ammonium-N,4,0.039266667
y_true_train,Ammonium-N,4,0.011876873
y_true_train,Ammonium-N,4,0.089046085
y_true_train,Ammonium-N,4,0.042033333
y_true_train,Ammonium-N,4,0.007166791
y_true_train,Ammonium-N,4,0.7161
y_true_train,Ammonium-N,4,0.0064
y_true_train,Ammonium-N,4,0.139659083
y_true_train,Ammonium-N,4,0.101468935
y_true_train,Ammonium-N,4,0.027433333
y_true_train,Ammonium-N,4,0.017273802
y_true_train,Ammonium-N,4,0.022166667
y_true_train,Ammonium-N,4,0.025666667
y_true_train,Ammonium-N,4,0.4519
y_true_train,Ammonium-N,4,0.015833333
y_true_train,Ammonium-N,4,0.0134
y_true_train,Ammonium-N,4,0.034066667
y_true_train,Ammonium-N,4,0.174233333
y_true_train,Ammonium-N,4,0.0067
y_true_train,Ammonium-N,4,0.217466667
y_true_train,Ammonium-N,4,0.110066667
y_true_train,Ammonium-N,4,0.0175
y_true_train,Ammonium-N,4,0.116224337
y_true_train,Ammonium-N,4,0.035133333
y_true_train,Ammonium-N,4,0.0235
y_true_train,Ammonium-N,4,0.015666667
y_true_train,Ammonium-N,4,0.017890737
y_true_train,Ammonium-N,4,0.064266667
y_true_train,Ammonium-N,4,0.0235
y_true_train,Ammonium-N,4,0.006433333
y_true_train,Ammonium-N,4,0.004291076
y_true_train,Ammonium-N,4,0.0175
y_true_train,Ammonium-N,4,0.050433333
y_true_train,Ammonium-N,4,0.10513478
y_true_train,Ammonium-N,4,0.035366667
y_true_train,Ammonium-N,4,0.035133333
y_true_train,Ammonium-N,4,0.007810801
y_true_train,Ammonium-N,4,0.094333333
y_true_train,Ammonium-N,4,0.001266667
y_true_train,Ammonium-N,4,0.023441081
y_true_train,Ammonium-N,4,0.036566667
y_true_train,Ammonium-N,4,0.044766667
y_true_train,Ammonium-N,4,0.004922582
y_true_train,Ammonium-N,4,0.0184
y_true_train,Ammonium-N,4,0.017633333
y_true_train,Ammonium-N,4,0.0216
y_true_train,Ammonium-N,4,0.023441081
y_true_train,Ammonium-N,4,0.020533333
y_true_train,Ammonium-N,4,0.012570289
y_true_train,Ammonium-N,4,0.11883142
y_true_train,Ammonium-N,4,0.08343562
y_true_train,Ammonium-N,4,0.113816043
y_true_train,Ammonium-N,4,0.006266667
y_true_train,Ammonium-N,4,0.0229
y_true_train,Ammonium-N,4,0.026266667
y_true_train,Ammonium-N,4,0.044866667
y_true_train,Ammonium-N,4,0.050533333
y_true_train,Ammonium-N,4,0.174233333
y_true_train,Ammonium-N,4,0.2686
y_true_train,Ammonium-N,4,0.067166667
y_true_train,Ammonium-N,4,0.011533333
y_true_train,Ammonium-N,4,0.033733333
y_true_train,Ammonium-N,4,0.042633333
y_true_train,Ammonium-N,4,0.026887548
y_true_train,Ammonium-N,4,0.016837803
y_true_train,Ammonium-N,4,0.0254
y_true_train,Ammonium-N,4,0.139659083
y_true_train,Ammonium-N,4,0.043166667
y_true_train,Ammonium-N,4,0.0142
y_true_train,Ammonium-N,4,0.008033333
y_true_train,Ammonium-N,4,0.012937725
y_true_train,Ammonium-N,4,0.107070292
y_true_train,Ammonium-N,4,0.270233333
y_true_train,Ammonium-N,4,0.0393
y_true_train,Ammonium-N,4,0.020366667
y_true_train,Ammonium-N,4,0.103817696
y_true_train,Ammonium-N,4,0.0311
y_true_train,Ammonium-N,4,0.332333333
y_true_train,Ammonium-N,4,0.122533333
y_true_train,Ammonium-N,4,0.008786351
y_true_train,Ammonium-N,4,0.041933333
y_true_train,Ammonium-N,4,0.0235
y_true_train,Ammonium-N,4,0.007133357
y_true_train,Ammonium-N,4,0.013633333
y_true_train,Ammonium-N,4,0.014438093
y_true_train,Ammonium-N,4,0.099783572
y_true_train,Ammonium-N,4,0.0491
y_true_train,Ammonium-N,4,0.0255
y_true_train,Ammonium-N,4,0.018166667
y_true_train,Ammonium-N,4,0.014438093
y_true_train,Ammonium-N,4,0.0673
y_true_train,Ammonium-N,4,0.104686248
y_true_train,Ammonium-N,4,0.025666667
y_true_train,Ammonium-N,4,0.018033333
y_true_train,Ammonium-N,4,0.1658
y_true_train,Ammonium-N,4,0.040266667
y_true_test,Ammonium-N,4,0.0149
y_true_test,Ammonium-N,4,0.013333333
y_true_test,Ammonium-N,4,0.130166667
y_true_test,Ammonium-N,4,0.007433333
y_true_test,Ammonium-N,4,0.042333333
y_true_test,Ammonium-N,4,0.013835059
y_true_test,Ammonium-N,4,0.018225094
y_true_test,Ammonium-N,4,0.019033333
y_true_test,Ammonium-N,4,0.289433333
y_true_test,Ammonium-N,4,0.101033333
y_true_test,Ammonium-N,4,0.015166667
y_true_test,Ammonium-N,4,0.2993
y_true_test,Ammonium-N,4,0.298466667
y_true_test,Ammonium-N,4,0.044766667
y_true_test,Ammonium-N,4,0.0198
y_true_test,Ammonium-N,4,0.049
y_true_test,Ammonium-N,4,0.010354731
y_true_test,Ammonium-N,4,0.380266667
y_true_test,Ammonium-N,4,0.021233333
y_true_test,Ammonium-N,4,0.019933333
y_true_test,Ammonium-N,4,0.017558316
y_true_test,Ammonium-N,4,0.0046
y_true_test,Ammonium-N,4,0.004
y_true_test,Ammonium-N,4,0.030533333
y_true_test,Ammonium-N,4,0.041333333
y_true_test,Ammonium-N,4,0.025966667
y_true_test,Ammonium-N,4,0.110989659
y_true_test,Ammonium-N,4,0.0148
y_true_test,Ammonium-N,4,0.0164
y_true_test,Ammonium-N,4,0.0189
y_true_test,Ammonium-N,4,0.01610167
y_true_test,Ammonium-N,4,0.020533333
y_true_test,Ammonium-N,4,0.012433333
y_true_test,Ammonium-N,4,0.262866667
y_true_test,Ammonium-N,4,0.049066667
y_true_test,Ammonium-N,4,0.007166791
y_true_test,Ammonium-N,4,0.011766667
y_true_test,Ammonium-N,4,0.0377
y_true_test,Ammonium-N,4,0.0191
y_true_test,Ammonium-N,4,0.03337575
y_true_test,Ammonium-N,4,0.1929
y_true_test,Ammonium-N,4,0.318833333
y_true_test,Ammonium-N,4,0.102719052
y_true_test,Ammonium-N,4,0.253366667
y_true_test,Ammonium-N,4,0.090733333
y_true_test,Ammonium-N,4,0.3012
test_ind,Ammonium-N,4,281.0
test_ind,Ammonium-N,4,38.0
test_ind,Ammonium-N,4,312.0
test_ind,Ammonium-N,4,258.0
test_ind,Ammonium-N,4,262.0
test_ind,Ammonium-N,4,188.0
test_ind,Ammonium-N,4,194.0
test_ind,Ammonium-N,4,28.0
test_ind,Ammonium-N,4,11.0
test_ind,Ammonium-N,4,315.0
test_ind,Ammonium-N,4,51.0
test_ind,Ammonium-N,4,20.0
test_ind,Ammonium-N,4,23.0
test_ind,Ammonium-N,4,142.0
test_ind,Ammonium-N,4,274.0
test_ind,Ammonium-N,4,69.0
test_ind,Ammonium-N,4,138.0
test_ind,Ammonium-N,4,6.0
test_ind,Ammonium-N,4,49.0
test_ind,Ammonium-N,4,295.0
test_ind,Ammonium-N,4,72.0
test_ind,Ammonium-N,4,298.0
test_ind,Ammonium-N,4,165.0
test_ind,Ammonium-N,4,52.0
test_ind,Ammonium-N,4,59.0
test_ind,Ammonium-N,4,39.0
test_ind,Ammonium-N,4,79.0
test_ind,Ammonium-N,4,34.0
test_ind,Ammonium-N,4,41.0
test_ind,Ammonium-N,4,249.0
test_ind,Ammonium-N,4,212.0
test_ind,Ammonium-N,4,100.0
test_ind,Ammonium-N,4,287.0
test_ind,Ammonium-N,4,3.0
test_ind,Ammonium-N,4,244.0
test_ind,Ammonium-N,4,219.0
test_ind,Ammonium-N,4,361.0
test_ind,Ammonium-N,4,232.0
test_ind,Ammonium-N,4,293.0
test_ind,Ammonium-N,4,99.0
test_ind,Ammonium-N,4,370.0
test_ind,Ammonium-N,4,14.0
test_ind,Ammonium-N,4,144.0
test_ind,Ammonium-N,4,17.0
test_ind,Ammonium-N,4,311.0
test_ind,Ammonium-N,4,27.0
train_ind,Ammonium-N,4,29.0
train_ind,Ammonium-N,4,139.0
train_ind,Ammonium-N,4,231.0
train_ind,Ammonium-N,4,395.0
train_ind,Ammonium-N,4,55.0
train_ind,Ammonium-N,4,167.0
train_ind,Ammonium-N,4,284.0
train_ind,Ammonium-N,4,389.0
train_ind,Ammonium-N,4,268.0
train_ind,Ammonium-N,4,238.0
train_ind,Ammonium-N,4,94.0
train_ind,Ammonium-N,4,143.0
train_ind,Ammonium-N,4,279.0
train_ind,Ammonium-N,4,220.0
train_ind,Ammonium-N,4,12.0
train_ind,Ammonium-N,4,257.0
train_ind,Ammonium-N,4,77.0
train_ind,Ammonium-N,4,173.0
train_ind,Ammonium-N,4,270.0
train_ind,Ammonium-N,4,187.0
train_ind,Ammonium-N,4,266.0
train_ind,Ammonium-N,4,215.0
train_ind,Ammonium-N,4,16.0
train_ind,Ammonium-N,4,260.0
train_ind,Ammonium-N,4,291.0
train_ind,Ammonium-N,4,64.0
train_ind,Ammonium-N,4,191.0
train_ind,Ammonium-N,4,248.0
train_ind,Ammonium-N,4,9.0
train_ind,Ammonium-N,4,302.0
train_ind,Ammonium-N,4,122.0
train_ind,Ammonium-N,4,217.0
train_ind,Ammonium-N,4,171.0
train_ind,Ammonium-N,4,75.0
train_ind,Ammonium-N,4,300.0
train_ind,Ammonium-N,4,104.0
train_ind,Ammonium-N,4,385.0
train_ind,Ammonium-N,4,74.0
train_ind,Ammonium-N,4,269.0
train_ind,Ammonium-N,4,213.0
train_ind,Ammonium-N,4,121.0
train_ind,Ammonium-N,4,378.0
train_ind,Ammonium-N,4,193.0
train_ind,Ammonium-N,4,373.0
train_ind,Ammonium-N,4,170.0
train_ind,Ammonium-N,4,168.0
train_ind,Ammonium-N,4,305.0
train_ind,Ammonium-N,4,247.0
train_ind,Ammonium-N,4,174.0
train_ind,Ammonium-N,4,237.0
train_ind,Ammonium-N,4,141.0
train_ind,Ammonium-N,4,164.0
train_ind,Ammonium-N,4,43.0
train_ind,Ammonium-N,4,381.0
train_ind,Ammonium-N,4,48.0
train_ind,Ammonium-N,4,175.0
train_ind,Ammonium-N,4,101.0
train_ind,Ammonium-N,4,136.0
train_ind,Ammonium-N,4,172.0
train_ind,Ammonium-N,4,218.0
train_ind,Ammonium-N,4,192.0
train_ind,Ammonium-N,4,36.0
train_ind,Ammonium-N,4,390.0
train_ind,Ammonium-N,4,374.0
train_ind,Ammonium-N,4,236.0
train_ind,Ammonium-N,4,243.0
train_ind,Ammonium-N,4,190.0
train_ind,Ammonium-N,4,8.0
train_ind,Ammonium-N,4,57.0
train_ind,Ammonium-N,4,382.0
train_ind,Ammonium-N,4,398.0
train_ind,Ammonium-N,4,67.0
train_ind,Ammonium-N,4,98.0
train_ind,Ammonium-N,4,80.0
train_ind,Ammonium-N,4,278.0
train_ind,Ammonium-N,4,78.0
train_ind,Ammonium-N,4,65.0
train_ind,Ammonium-N,4,391.0
train_ind,Ammonium-N,4,386.0
train_ind,Ammonium-N,4,145.0
train_ind,Ammonium-N,4,102.0
train_ind,Ammonium-N,4,15.0
train_ind,Ammonium-N,4,61.0
train_ind,Ammonium-N,4,280.0
train_ind,Ammonium-N,4,124.0
train_ind,Ammonium-N,4,42.0
train_ind,Ammonium-N,4,2.0
train_ind,Ammonium-N,4,306.0
train_ind,Ammonium-N,4,119.0
train_ind,Ammonium-N,4,299.0
train_ind,Ammonium-N,4,76.0
train_ind,Ammonium-N,4,95.0
train_ind,Ammonium-N,4,392.0
train_ind,Ammonium-N,4,125.0
train_ind,Ammonium-N,4,123.0
train_ind,Ammonium-N,4,233.0
train_ind,Ammonium-N,4,265.0
train_ind,Ammonium-N,4,250.0
train_ind,Ammonium-N,4,126.0
train_ind,Ammonium-N,4,372.0
train_ind,Ammonium-N,4,103.0
train_ind,Ammonium-N,4,216.0
train_ind,Ammonium-N,4,252.0
train_ind,Ammonium-N,4,304.0
train_ind,Ammonium-N,4,292.0
test_rsq,Ammonium-N,4,-0.04580315626199716
train_rsq,Ammonium-N,4,0.004060141620789048
test_rmse,Ammonium-N,4,0.10981223427780423
train_rmse,Ammonium-N,4,0.09585946835227795
test_mape,Ammonium-N,4,240.4891495962158
train_mape,Ammonium-N,4,275.5280127836625
n_comp,Ammonium-N,4,1.0
y_hat_test,Ammonium-N,5,0.06336489576620412
y_hat_test,Ammonium-N,5,0.06634683317908141
y_hat_test,Ammonium-N,5,0.06616701562570192
y_hat_test,Ammonium-N,5,0.08722577113537877
y_hat_test,Ammonium-N,5,0.06265872501290487
y_hat_test,Ammonium-N,5,0.0694083815984046
y_hat_test,Ammonium-N,5,0.06806186012961137
y_hat_test,Ammonium-N,5,0.06809910995949647
y_hat_test,Ammonium-N,5,0.06486579990465802
y_hat_test,Ammonium-N,5,0.06641951252924809
y_hat_test,Ammonium-N,5,0.06973608928054706
y_hat_test,Ammonium-N,5,0.06626767620498737
y_hat_test,Ammonium-N,5,0.06508100983584653
y_hat_test,Ammonium-N,5,0.06753566279753671
y_hat_test,Ammonium-N,5,0.06804759263402597
y_hat_test,Ammonium-N,5,0.06718952168244335
y_hat_test,Ammonium-N,5,0.06930088316247951
y_hat_test,Ammonium-N,5,0.06732770216898454
y_hat_test,Ammonium-N,5,0.06753421274537985
y_hat_test,Ammonium-N,5,0.06798228333528954
y_hat_test,Ammonium-N,5,0.07041523191802353
y_hat_test,Ammonium-N,5,0.06778487362221097
y_hat_test,Ammonium-N,5,0.07295456458248757
y_hat_test,Ammonium-N,5,0.0711085175738208
y_hat_test,Ammonium-N,5,0.060620984820143456
y_hat_test,Ammonium-N,5,0.08397116068640328
y_hat_test,Ammonium-N,5,0.06619144076905428
y_hat_test,Ammonium-N,5,0.06348974115290988
y_hat_test,Ammonium-N,5,0.06949387079137416
y_hat_test,Ammonium-N,5,0.06362377487531867
y_hat_test,Ammonium-N,5,0.07851135282371503
y_hat_test,Ammonium-N,5,0.06621361027747037
y_hat_test,Ammonium-N,5,0.06217188065819302
y_hat_test,Ammonium-N,5,0.06928847354979947
y_hat_test,Ammonium-N,5,0.06277984439546319
y_hat_test,Ammonium-N,5,0.06814470508026114
y_hat_test,Ammonium-N,5,0.07504445427298267
y_hat_test,Ammonium-N,5,0.06882958921062353
y_hat_test,Ammonium-N,5,0.07890698772980828
y_hat_test,Ammonium-N,5,0.07446902458517567
y_hat_test,Ammonium-N,5,0.07689836774540952
y_hat_test,Ammonium-N,5,0.06921816029705737
y_hat_test,Ammonium-N,5,0.0678659896996231
y_hat_test,Ammonium-N,5,0.06947215960381928
y_hat_test,Ammonium-N,5,0.0664242449382717
y_hat_test,Ammonium-N,5,0.06884216498115206
y_hat_train,Ammonium-N,5,0.060780710421993775
y_hat_train,Ammonium-N,5,0.06423399000291015
y_hat_train,Ammonium-N,5,0.06779404700480303
y_hat_train,Ammonium-N,5,0.06395046770898738
y_hat_train,Ammonium-N,5,0.07023259315247032
y_hat_train,Ammonium-N,5,0.07676126719557932
y_hat_train,Ammonium-N,5,0.06785669638396025
y_hat_train,Ammonium-N,5,0.06658550484242921
y_hat_train,Ammonium-N,5,0.06597551076326313
y_hat_train,Ammonium-N,5,0.06401482267716985
y_hat_train,Ammonium-N,5,0.08687092281060196
y_hat_train,Ammonium-N,5,0.06629034168853318
y_hat_train,Ammonium-N,5,0.07297531243648361
y_hat_train,Ammonium-N,5,0.06693196636109931
y_hat_train,Ammonium-N,5,0.07123029370555053
y_hat_train,Ammonium-N,5,0.06687387732093461
y_hat_train,Ammonium-N,5,0.06866471522130276
y_hat_train,Ammonium-N,5,0.062283527317280415
y_hat_train,Ammonium-N,5,0.0786912627908297
y_hat_train,Ammonium-N,5,0.06722942530249114
y_hat_train,Ammonium-N,5,0.06223513810437564
y_hat_train,Ammonium-N,5,0.06787375578578445
y_hat_train,Ammonium-N,5,0.0700401216038248
y_hat_train,Ammonium-N,5,0.07318226279120219
y_hat_train,Ammonium-N,5,0.07998183711249189
y_hat_train,Ammonium-N,5,0.062307618526786755
y_hat_train,Ammonium-N,5,0.07035174810516337
y_hat_train,Ammonium-N,5,0.06927127876394391
y_hat_train,Ammonium-N,5,0.07636744656933699
y_hat_train,Ammonium-N,5,0.0635688928653339
y_hat_train,Ammonium-N,5,0.06775631969100743
y_hat_train,Ammonium-N,5,0.06538103882630514
y_hat_train,Ammonium-N,5,0.0677183915667428
y_hat_train,Ammonium-N,5,0.07114788772855457
y_hat_train,Ammonium-N,5,0.069130870000295
y_hat_train,Ammonium-N,5,0.06781193769310492
y_hat_train,Ammonium-N,5,0.0752176274273785
y_hat_train,Ammonium-N,5,0.07002834385671844
y_hat_train,Ammonium-N,5,0.06629149847155516
y_hat_train,Ammonium-N,5,0.0811934218307864
y_hat_train,Ammonium-N,5,0.060341746124071845
y_hat_train,Ammonium-N,5,0.07262045408248709
y_hat_train,Ammonium-N,5,0.06717932554324688
y_hat_train,Ammonium-N,5,0.07609785268605647
y_hat_train,Ammonium-N,5,0.06457319710309986
y_hat_train,Ammonium-N,5,0.07462581410329963
y_hat_train,Ammonium-N,5,0.07107638867186929
y_hat_train,Ammonium-N,5,0.06447613123028537
y_hat_train,Ammonium-N,5,0.06515134985315979
y_hat_train,Ammonium-N,5,0.06342250066605057
y_hat_train,Ammonium-N,5,0.07515381017822896
y_hat_train,Ammonium-N,5,0.06387940966294593
y_hat_train,Ammonium-N,5,0.07516785176410984
y_hat_train,Ammonium-N,5,0.06728844521958635
y_hat_train,Ammonium-N,5,0.06432424408570853
y_hat_train,Ammonium-N,5,0.06538008671124931
y_hat_train,Ammonium-N,5,0.07142987897040033
y_hat_train,Ammonium-N,5,0.06852262996203838
y_hat_train,Ammonium-N,5,0.06744396971586847
y_hat_train,Ammonium-N,5,0.09627368978595788
y_hat_train,Ammonium-N,5,0.06645575777568813
y_hat_train,Ammonium-N,5,0.06761809922453427
y_hat_train,Ammonium-N,5,0.06858597990137513
y_hat_train,Ammonium-N,5,0.06522028049973652
y_hat_train,Ammonium-N,5,0.0700815904075844
y_hat_train,Ammonium-N,5,0.06789659344845762
y_hat_train,Ammonium-N,5,0.0823207258805859
y_hat_train,Ammonium-N,5,0.06600669344102134
y_hat_train,Ammonium-N,5,0.0665445829617165
y_hat_train,Ammonium-N,5,0.07659674401712156
y_hat_train,Ammonium-N,5,0.07557578485370525
y_hat_train,Ammonium-N,5,0.06863201610325387
y_hat_train,Ammonium-N,5,0.06713249537086122
y_hat_train,Ammonium-N,5,0.06492559762071382
y_hat_train,Ammonium-N,5,0.06501998636503661
y_hat_train,Ammonium-N,5,0.08620736107222224
y_hat_train,Ammonium-N,5,0.08093390746109282
y_hat_train,Ammonium-N,5,0.0663311460075762
y_hat_train,Ammonium-N,5,0.0654025062606335
y_hat_train,Ammonium-N,5,0.06818473866141382
y_hat_train,Ammonium-N,5,0.0658711584418153
y_hat_train,Ammonium-N,5,0.06889358091458814
y_hat_train,Ammonium-N,5,0.06923708713154475
y_hat_train,Ammonium-N,5,0.07032100239566573
y_hat_train,Ammonium-N,5,0.06698763215515409
y_hat_train,Ammonium-N,5,0.07194260074325094
y_hat_train,Ammonium-N,5,0.07679148287623361
y_hat_train,Ammonium-N,5,0.06914048449746182
y_hat_train,Ammonium-N,5,0.06857802374491266
y_hat_train,Ammonium-N,5,0.0678484619070723
y_hat_train,Ammonium-N,5,0.0688761344300697
y_hat_train,Ammonium-N,5,0.06583531924022376
y_hat_train,Ammonium-N,5,0.06849523903413793
y_hat_train,Ammonium-N,5,0.06332182645238012
y_hat_train,Ammonium-N,5,0.06182487056887944
y_hat_train,Ammonium-N,5,0.06183800696654419
y_hat_train,Ammonium-N,5,0.07762959436468517
y_hat_train,Ammonium-N,5,0.08638796268857174
y_hat_train,Ammonium-N,5,0.06850441192871322
y_hat_train,Ammonium-N,5,0.06396705559193144
y_hat_train,Ammonium-N,5,0.07222909545929826
y_hat_train,Ammonium-N,5,0.06629051106067736
y_hat_train,Ammonium-N,5,0.06898347122059365
y_hat_train,Ammonium-N,5,0.06450245214667409
y_hat_train,Ammonium-N,5,0.06465165715550339
y_true_train,Ammonium-N,5,0.007646588
y_true_train,Ammonium-N,5,0.019933333
y_true_train,Ammonium-N,5,0.020366667
y_true_train,Ammonium-N,5,0.0164
y_true_train,Ammonium-N,5,0.0142
y_true_train,Ammonium-N,5,0.017558316
y_true_train,Ammonium-N,5,0.7161
y_true_train,Ammonium-N,5,0.013033333
y_true_train,Ammonium-N,5,0.067166667
y_true_train,Ammonium-N,5,0.039266667
y_true_train,Ammonium-N,5,0.103817696
y_true_train,Ammonium-N,5,0.113816043
y_true_train,Ammonium-N,5,0.050533333
y_true_train,Ammonium-N,5,0.033733333
y_true_train,Ammonium-N,5,0.010354731
y_true_train,Ammonium-N,5,0.030166667
y_true_train,Ammonium-N,5,0.018033333
y_true_train,Ammonium-N,5,0.008786351
y_true_train,Ammonium-N,5,0.0184
y_true_train,Ammonium-N,5,0.023441081
y_true_train,Ammonium-N,5,0.0235
y_true_train,Ammonium-N,5,0.017273802
y_true_train,Ammonium-N,5,0.0229
y_true_train,Ammonium-N,5,0.089046085
y_true_train,Ammonium-N,5,0.1929
y_true_train,Ammonium-N,5,0.0491
y_true_train,Ammonium-N,5,0.015666667
y_true_train,Ammonium-N,5,0.025666667
y_true_train,Ammonium-N,5,0.004
y_true_train,Ammonium-N,5,0.044866667
y_true_train,Ammonium-N,5,0.026266667
y_true_train,Ammonium-N,5,0.023441081
y_true_train,Ammonium-N,5,0.043166667
y_true_train,Ammonium-N,5,0.0067
y_true_train,Ammonium-N,5,0.3012
y_true_train,Ammonium-N,5,0.021233333
y_true_train,Ammonium-N,5,0.012570289
y_true_train,Ammonium-N,5,0.026887548
y_true_train,Ammonium-N,5,0.049
y_true_train,Ammonium-N,5,0.122533333
y_true_train,Ammonium-N,5,0.0377
y_true_train,Ammonium-N,5,0.020533333
y_true_train,Ammonium-N,5,0.042033333
y_true_train,Ammonium-N,5,0.4519
y_true_train,Ammonium-N,5,0.0301
y_true_train,Ammonium-N,5,0.007166791
y_true_train,Ammonium-N,5,0.019033333
y_true_train,Ammonium-N,5,0.0148
y_true_train,Ammonium-N,5,0.0249
y_true_train,Ammonium-N,5,0.004291076
y_true_train,Ammonium-N,5,0.08343562
y_true_train,Ammonium-N,5,0.042633333
y_true_train,Ammonium-N,5,0.041333333
y_true_train,Ammonium-N,5,0.012433333
y_true_train,Ammonium-N,5,0.013835059
y_true_train,Ammonium-N,5,0.007166791
y_true_train,Ammonium-N,5,0.2686
y_true_train,Ammonium-N,5,0.099783572
y_true_train,Ammonium-N,5,0.035366667
y_true_train,Ammonium-N,5,0.004922582
y_true_train,Ammonium-N,5,0.2993
y_true_train,Ammonium-N,5,0.044766667
y_true_train,Ammonium-N,5,0.0673
y_true_train,Ammonium-N,5,0.042333333
y_true_train,Ammonium-N,5,0.001266667
y_true_train,Ammonium-N,5,0.013633333
y_true_train,Ammonium-N,5,0.013333333
y_true_train,Ammonium-N,5,0.025966667
y_true_train,Ammonium-N,5,0.018225094
y_true_train,Ammonium-N,5,0.040266667
y_true_train,Ammonium-N,5,0.0235
y_true_train,Ammonium-N,5,0.004
y_true_train,Ammonium-N,5,0.380266667
y_true_train,Ammonium-N,5,0.034066667
y_true_train,Ammonium-N,5,0.050433333
y_true_train,Ammonium-N,5,0.017890737
y_true_train,Ammonium-N,5,0.0064
y_true_train,Ammonium-N,5,0.0235
y_true_train,Ammonium-N,5,0.022166667
y_true_train,Ammonium-N,5,0.217466667
y_true_train,Ammonium-N,5,0.017633333
y_true_train,Ammonium-N,5,0.332333333
y_true_train,Ammonium-N,5,0.014438093
y_true_train,Ammonium-N,5,0.289433333
y_true_train,Ammonium-N,5,0.018166667
y_true_train,Ammonium-N,5,0.1658
y_true_train,Ammonium-N,5,0.110989659
y_true_train,Ammonium-N,5,0.007433333
y_true_train,Ammonium-N,5,0.0134
y_true_train,Ammonium-N,5,0.0046
y_true_train,Ammonium-N,5,0.025666667
y_true_train,Ammonium-N,5,0.0393
y_true_train,Ammonium-N,5,0.102719052
y_true_train,Ammonium-N,5,0.007133357
y_true_train,Ammonium-N,5,0.0221
y_true_train,Ammonium-N,5,0.174233333
y_true_train,Ammonium-N,5,0.027433333
y_true_train,Ammonium-N,5,0.064266667
y_true_train,Ammonium-N,5,0.318833333
y_true_train,Ammonium-N,5,0.006433333
y_true_train,Ammonium-N,5,0.270233333
y_true_train,Ammonium-N,5,0.11883142
y_true_train,Ammonium-N,5,0.008033333
y_true_train,Ammonium-N,5,0.0149
y_true_train,Ammonium-N,5,0.049066667
y_true_test,Ammonium-N,5,0.10513478
y_true_test,Ammonium-N,5,0.101033333
y_true_test,Ammonium-N,5,0.0198
y_true_test,Ammonium-N,5,0.016837803
y_true_test,Ammonium-N,5,0.0255
y_true_test,Ammonium-N,5,0.014438093
y_true_test,Ammonium-N,5,0.262866667
y_true_test,Ammonium-N,5,0.007810801
y_true_test,Ammonium-N,5,0.015166667
y_true_test,Ammonium-N,5,0.01610167
y_true_test,Ammonium-N,5,0.012937725
y_true_test,Ammonium-N,5,0.130166667
y_true_test,Ammonium-N,5,0.0189
y_true_test,Ammonium-N,5,0.015833333
y_true_test,Ammonium-N,5,0.030533333
y_true_test,Ammonium-N,5,0.0216
y_true_test,Ammonium-N,5,0.0191
y_true_test,Ammonium-N,5,0.094333333
y_true_test,Ammonium-N,5,0.0311
y_true_test,Ammonium-N,5,0.298466667
y_true_test,Ammonium-N,5,0.035133333
y_true_test,Ammonium-N,5,0.110066667
y_true_test,Ammonium-N,5,0.020533333
y_true_test,Ammonium-N,5,0.035133333
y_true_test,Ammonium-N,5,0.116224337
y_true_test,Ammonium-N,5,0.067433333
y_true_test,Ammonium-N,5,0.101468935
y_true_test,Ammonium-N,5,0.036566667
y_true_test,Ammonium-N,5,0.044766667
y_true_test,Ammonium-N,5,0.090733333
y_true_test,Ammonium-N,5,0.139659083
y_true_test,Ammonium-N,5,0.0175
y_true_test,Ammonium-N,5,0.174233333
y_true_test,Ammonium-N,5,0.253366667
y_true_test,Ammonium-N,5,0.104686248
y_true_test,Ammonium-N,5,0.107070292
y_true_test,Ammonium-N,5,0.011876873
y_true_test,Ammonium-N,5,0.011766667
y_true_test,Ammonium-N,5,0.139659083
y_true_test,Ammonium-N,5,0.0254
y_true_test,Ammonium-N,5,0.011533333
y_true_test,Ammonium-N,5,0.022549305
y_true_test,Ammonium-N,5,0.006266667
y_true_test,Ammonium-N,5,0.03337575
y_true_test,Ammonium-N,5,0.0175
y_true_test,Ammonium-N,5,0.041933333
test_ind,Ammonium-N,5,193.0
test_ind,Ammonium-N,5,315.0
test_ind,Ammonium-N,5,274.0
test_ind,Ammonium-N,5,80.0
test_ind,Ammonium-N,5,265.0
test_ind,Ammonium-N,5,125.0
test_ind,Ammonium-N,5,3.0
test_ind,Ammonium-N,5,168.0
test_ind,Ammonium-N,5,51.0
test_ind,Ammonium-N,5,212.0
test_ind,Ammonium-N,5,145.0
test_ind,Ammonium-N,5,312.0
test_ind,Ammonium-N,5,249.0
test_ind,Ammonium-N,5,260.0
test_ind,Ammonium-N,5,52.0
test_ind,Ammonium-N,5,48.0
test_ind,Ammonium-N,5,293.0
test_ind,Ammonium-N,5,305.0
test_ind,Ammonium-N,5,42.0
test_ind,Ammonium-N,5,23.0
test_ind,Ammonium-N,5,170.0
test_ind,Ammonium-N,5,302.0
test_ind,Ammonium-N,5,101.0
test_ind,Ammonium-N,5,171.0
test_ind,Ammonium-N,5,217.0
test_ind,Ammonium-N,5,395.0
test_ind,Ammonium-N,5,173.0
test_ind,Ammonium-N,5,237.0
test_ind,Ammonium-N,5,142.0
test_ind,Ammonium-N,5,311.0
test_ind,Ammonium-N,5,77.0
test_ind,Ammonium-N,5,121.0
test_ind,Ammonium-N,5,190.0
test_ind,Ammonium-N,5,17.0
test_ind,Ammonium-N,5,103.0
test_ind,Ammonium-N,5,102.0
test_ind,Ammonium-N,5,94.0
test_ind,Ammonium-N,5,361.0
test_ind,Ammonium-N,5,78.0
test_ind,Ammonium-N,5,278.0
test_ind,Ammonium-N,5,382.0
test_ind,Ammonium-N,5,167.0
test_ind,Ammonium-N,5,36.0
test_ind,Ammonium-N,5,99.0
test_ind,Ammonium-N,5,122.0
test_ind,Ammonium-N,5,299.0
train_ind,Ammonium-N,5,139.0
train_ind,Ammonium-N,5,295.0
train_ind,Ammonium-N,5,280.0
train_ind,Ammonium-N,5,41.0
train_ind,Ammonium-N,5,391.0
train_ind,Ammonium-N,5,72.0
train_ind,Ammonium-N,5,12.0
train_ind,Ammonium-N,5,29.0
train_ind,Ammonium-N,5,57.0
train_ind,Ammonium-N,5,238.0
train_ind,Ammonium-N,5,124.0
train_ind,Ammonium-N,5,192.0
train_ind,Ammonium-N,5,243.0
train_ind,Ammonium-N,5,398.0
train_ind,Ammonium-N,5,138.0
train_ind,Ammonium-N,5,389.0
train_ind,Ammonium-N,5,252.0
train_ind,Ammonium-N,5,119.0
train_ind,Ammonium-N,5,43.0
train_ind,Ammonium-N,5,174.0
train_ind,Ammonium-N,5,75.0
train_ind,Ammonium-N,5,187.0
train_ind,Ammonium-N,5,390.0
train_ind,Ammonium-N,5,143.0
train_ind,Ammonium-N,5,370.0
train_ind,Ammonium-N,5,233.0
train_ind,Ammonium-N,5,300.0
train_ind,Ammonium-N,5,216.0
train_ind,Ammonium-N,5,231.0
train_ind,Ammonium-N,5,236.0
train_ind,Ammonium-N,5,374.0
train_ind,Ammonium-N,5,175.0
train_ind,Ammonium-N,5,65.0
train_ind,Ammonium-N,5,248.0
train_ind,Ammonium-N,5,27.0
train_ind,Ammonium-N,5,49.0
train_ind,Ammonium-N,5,136.0
train_ind,Ammonium-N,5,98.0
train_ind,Ammonium-N,5,69.0
train_ind,Ammonium-N,5,306.0
train_ind,Ammonium-N,5,232.0
train_ind,Ammonium-N,5,100.0
train_ind,Ammonium-N,5,279.0
train_ind,Ammonium-N,5,16.0
train_ind,Ammonium-N,5,284.0
train_ind,Ammonium-N,5,219.0
train_ind,Ammonium-N,5,28.0
train_ind,Ammonium-N,5,34.0
train_ind,Ammonium-N,5,268.0
train_ind,Ammonium-N,5,213.0
train_ind,Ammonium-N,5,218.0
train_ind,Ammonium-N,5,67.0
train_ind,Ammonium-N,5,59.0
train_ind,Ammonium-N,5,287.0
train_ind,Ammonium-N,5,188.0
train_ind,Ammonium-N,5,220.0
train_ind,Ammonium-N,5,8.0
train_ind,Ammonium-N,5,123.0
train_ind,Ammonium-N,5,373.0
train_ind,Ammonium-N,5,164.0
train_ind,Ammonium-N,5,20.0
train_ind,Ammonium-N,5,141.0
train_ind,Ammonium-N,5,372.0
train_ind,Ammonium-N,5,262.0
train_ind,Ammonium-N,5,247.0
train_ind,Ammonium-N,5,392.0
train_ind,Ammonium-N,5,38.0
train_ind,Ammonium-N,5,39.0
train_ind,Ammonium-N,5,194.0
train_ind,Ammonium-N,5,292.0
train_ind,Ammonium-N,5,76.0
train_ind,Ammonium-N,5,165.0
train_ind,Ammonium-N,5,6.0
train_ind,Ammonium-N,5,64.0
train_ind,Ammonium-N,5,378.0
train_ind,Ammonium-N,5,104.0
train_ind,Ammonium-N,5,257.0
train_ind,Ammonium-N,5,74.0
train_ind,Ammonium-N,5,266.0
train_ind,Ammonium-N,5,9.0
train_ind,Ammonium-N,5,381.0
train_ind,Ammonium-N,5,2.0
train_ind,Ammonium-N,5,126.0
train_ind,Ammonium-N,5,11.0
train_ind,Ammonium-N,5,250.0
train_ind,Ammonium-N,5,304.0
train_ind,Ammonium-N,5,79.0
train_ind,Ammonium-N,5,258.0
train_ind,Ammonium-N,5,291.0
train_ind,Ammonium-N,5,298.0
train_ind,Ammonium-N,5,215.0
train_ind,Ammonium-N,5,61.0
train_ind,Ammonium-N,5,144.0
train_ind,Ammonium-N,5,95.0
train_ind,Ammonium-N,5,55.0
train_ind,Ammonium-N,5,191.0
train_ind,Ammonium-N,5,270.0
train_ind,Ammonium-N,5,385.0
train_ind,Ammonium-N,5,14.0
train_ind,Ammonium-N,5,269.0
train_ind,Ammonium-N,5,15.0
train_ind,Ammonium-N,5,172.0
train_ind,Ammonium-N,5,386.0
train_ind,Ammonium-N,5,281.0
train_ind,Ammonium-N,5,244.0
test_rsq,Ammonium-N,5,-0.02283565132941079
train_rsq,Ammonium-N,5,0.0030266674249759262
test_rmse,Ammonium-N,5,0.07100720730556423
train_rmse,Ammonium-N,5,0.11051780200772758
test_mape,Ammonium-N,5,203.8608455348593
train_mape,Ammonium-N,5,348.84854981588023
n_comp,Ammonium-N,5,1.0
y_hat_test,Ammonium-N,6,0.08378606236422675
y_hat_test,Ammonium-N,6,0.075083387884154
y_hat_test,Ammonium-N,6,0.05705718808531153
y_hat_test,Ammonium-N,6,0.0647652348542931
y_hat_test,Ammonium-N,6,0.07868457995410302
y_hat_test,Ammonium-N,6,0.08365228628603825
y_hat_test,Ammonium-N,6,0.053093555799272114
y_hat_test,Ammonium-N,6,0.0488832397201406
y_hat_test,Ammonium-N,6,0.0747358440042876
y_hat_test,Ammonium-N,6,0.09483882779984788
y_hat_test,Ammonium-N,6,0.07267725582092227
y_hat_test,Ammonium-N,6,0.037514001633286456
y_hat_test,Ammonium-N,6,0.06413046194727018
y_hat_test,Ammonium-N,6,0.05382685248482738
y_hat_test,Ammonium-N,6,0.07305506409172018
y_hat_test,Ammonium-N,6,0.05050950892511237
y_hat_test,Ammonium-N,6,0.053356522490972606
y_hat_test,Ammonium-N,6,0.03097845319354125
y_hat_test,Ammonium-N,6,0.0796146331573436
y_hat_test,Ammonium-N,6,0.0712124694501565
y_hat_test,Ammonium-N,6,0.09895638300532843
y_hat_test,Ammonium-N,6,0.07351786189783986
y_hat_test,Ammonium-N,6,0.09643931287496212
y_hat_test,Ammonium-N,6,0.07538388721940902
y_hat_test,Ammonium-N,6,0.08234295563408153
y_hat_test,Ammonium-N,6,0.08052641004026526
y_hat_test,Ammonium-N,6,0.09078424767481064
y_hat_test,Ammonium-N,6,0.036437364061754976
y_hat_test,Ammonium-N,6,0.07541540629792608
y_hat_test,Ammonium-N,6,0.053496926433680654
y_hat_test,Ammonium-N,6,0.07206259204547633
y_hat_test,Ammonium-N,6,0.05425212344620631
y_hat_test,Ammonium-N,6,0.06823511758814024
y_hat_test,Ammonium-N,6,0.06488318034286665
y_hat_test,Ammonium-N,6,0.07492442988811172
y_hat_test,Ammonium-N,6,0.07288135972379933
y_hat_test,Ammonium-N,6,0.07656244214810749
y_hat_test,Ammonium-N,6,0.0587137236870956
y_hat_test,Ammonium-N,6,0.06849863935477554
y_hat_test,Ammonium-N,6,0.06520226339535275
y_hat_test,Ammonium-N,6,0.05038747372184095
y_hat_test,Ammonium-N,6,0.06754143131280235
y_hat_test,Ammonium-N,6,0.08197039052315015
y_hat_test,Ammonium-N,6,0.09752554719091495
y_hat_test,Ammonium-N,6,0.06222003059408986
y_hat_test,Ammonium-N,6,0.0695845030341068
y_hat_train,Ammonium-N,6,0.08876648223102576
y_hat_train,Ammonium-N,6,0.05708581258233138
y_hat_train,Ammonium-N,6,0.07729301009680672
y_hat_train,Ammonium-N,6,0.09326834331078819
y_hat_train,Ammonium-N,6,0.0708686988416511
y_hat_train,Ammonium-N,6,0.07040350888507582
y_hat_train,Ammonium-N,6,0.06729638388345706
y_hat_train,Ammonium-N,6,0.08758943335851573
y_hat_train,Ammonium-N,6,0.07499353701219529
y_hat_train,Ammonium-N,6,0.04569754734739839
y_hat_train,Ammonium-N,6,0.049661290275059194
y_hat_train,Ammonium-N,6,0.03506208786447055
y_hat_train,Ammonium-N,6,0.07608384226646406
y_hat_train,Ammonium-N,6,0.07135407583700895
y_hat_train,Ammonium-N,6,0.05253554661694316
y_hat_train,Ammonium-N,6,0.06884270288466315
y_hat_train,Ammonium-N,6,0.07121531082393513
y_hat_train,Ammonium-N,6,0.05268440336878512
y_hat_train,Ammonium-N,6,0.07603287898783612
y_hat_train,Ammonium-N,6,0.08020334145755692
y_hat_train,Ammonium-N,6,0.0866079429183633
y_hat_train,Ammonium-N,6,0.047593314009273135
y_hat_train,Ammonium-N,6,0.04089183769529933
y_hat_train,Ammonium-N,6,0.07142091321795073
y_hat_train,Ammonium-N,6,0.07113933733865534
y_hat_train,Ammonium-N,6,0.08543777313278567
y_hat_train,Ammonium-N,6,0.04851855463191426
y_hat_train,Ammonium-N,6,0.050748679115267384
y_hat_train,Ammonium-N,6,0.060277210164684
y_hat_train,Ammonium-N,6,0.06470243211706958
y_hat_train,Ammonium-N,6,0.04914108567147577
y_hat_train,Ammonium-N,6,0.052452136716347256
y_hat_train,Ammonium-N,6,0.06031928790398654
y_hat_train,Ammonium-N,6,0.07850702032951885
y_hat_train,Ammonium-N,6,0.06227311378261803
y_hat_train,Ammonium-N,6,0.07427178207142524
y_hat_train,Ammonium-N,6,0.06324189465099093
y_hat_train,Ammonium-N,6,0.06570847238803112
y_hat_train,Ammonium-N,6,0.05627640392671912
y_hat_train,Ammonium-N,6,0.0791629730736085
y_hat_train,Ammonium-N,6,0.06008346317893932
y_hat_train,Ammonium-N,6,0.0698049206126111
y_hat_train,Ammonium-N,6,0.09898033949103208
y_hat_train,Ammonium-N,6,0.0663909684485768
y_hat_train,Ammonium-N,6,0.06227138906994837
y_hat_train,Ammonium-N,6,0.0557406671038615
y_hat_train,Ammonium-N,6,0.032724119917803406
y_hat_train,Ammonium-N,6,0.07168047129018704
y_hat_train,Ammonium-N,6,0.08920828293770874
y_hat_train,Ammonium-N,6,0.0818651282994437
y_hat_train,Ammonium-N,6,0.06400918325222975
y_hat_train,Ammonium-N,6,0.054062807778246624
y_hat_train,Ammonium-N,6,0.077843304003789
y_hat_train,Ammonium-N,6,0.06689473253692299
y_hat_train,Ammonium-N,6,0.059247424637732526
y_hat_train,Ammonium-N,6,0.06168959124320471
y_hat_train,Ammonium-N,6,0.0815892058755881
y_hat_train,Ammonium-N,6,0.03121686279360618
y_hat_train,Ammonium-N,6,0.05337336688673245
y_hat_train,Ammonium-N,6,0.05171716992293218
y_hat_train,Ammonium-N,6,0.06197768372699219
y_hat_train,Ammonium-N,6,0.03361946247122796
y_hat_train,Ammonium-N,6,0.06413622737976245
y_hat_train,Ammonium-N,6,0.052567152648727605
y_hat_train,Ammonium-N,6,0.07341322918015847
y_hat_train,Ammonium-N,6,0.06326047396274918
y_hat_train,Ammonium-N,6,0.06267001343111796
y_hat_train,Ammonium-N,6,0.05618546917252784
y_hat_train,Ammonium-N,6,0.04739000388126574
y_hat_train,Ammonium-N,6,0.07830590563979381
y_hat_train,Ammonium-N,6,0.06507165299759989
y_hat_train,Ammonium-N,6,0.09371918852027228
y_hat_train,Ammonium-N,6,0.07944082373779811
y_hat_train,Ammonium-N,6,0.07572784795489972
y_hat_train,Ammonium-N,6,0.08230813124175378
y_hat_train,Ammonium-N,6,0.0844890217091484
y_hat_train,Ammonium-N,6,0.0889440660642419
y_hat_train,Ammonium-N,6,0.0631014959504137
y_hat_train,Ammonium-N,6,0.07018133929264056
y_hat_train,Ammonium-N,6,0.0735859152668866
y_hat_train,Ammonium-N,6,0.06281099149589141
y_hat_train,Ammonium-N,6,0.04881169759999188
y_hat_train,Ammonium-N,6,0.0613152064608369
y_hat_train,Ammonium-N,6,0.08096885396860075
y_hat_train,Ammonium-N,6,0.09276817227469975
y_hat_train,Ammonium-N,6,0.04418266593241789
y_hat_train,Ammonium-N,6,0.06424998763060977
y_hat_train,Ammonium-N,6,0.06894063204230136
y_hat_train,Ammonium-N,6,0.07343965366991582
y_hat_train,Ammonium-N,6,0.08182415708557124
y_hat_train,Ammonium-N,6,0.0635739597877321
y_hat_train,Ammonium-N,6,0.0954420144526311
y_hat_train,Ammonium-N,6,0.07430315382508404
y_hat_train,Ammonium-N,6,0.06583624503249615
y_hat_train,Ammonium-N,6,0.07905662156728493
y_hat_train,Ammonium-N,6,0.058495616975546054
y_hat_train,Ammonium-N,6,0.0851791572349433
y_hat_train,Ammonium-N,6,0.08064692447455853
y_hat_train,Ammonium-N,6,0.074985944244936
y_hat_train,Ammonium-N,6,0.06633175265003172
y_hat_train,Ammonium-N,6,0.0543193810149893
y_hat_train,Ammonium-N,6,0.0661834754267281
y_hat_train,Ammonium-N,6,0.049366312663724
y_hat_train,Ammonium-N,6,0.05104207468663567
y_hat_train,Ammonium-N,6,0.06285745050281487
y_true_train,Ammonium-N,6,0.008786351
y_true_train,Ammonium-N,6,0.0221
y_true_train,Ammonium-N,6,0.049
y_true_train,Ammonium-N,6,0.0175
y_true_train,Ammonium-N,6,0.0149
y_true_train,Ammonium-N,6,0.020366667
y_true_train,Ammonium-N,6,0.0134
y_true_train,Ammonium-N,6,0.7161
y_true_train,Ammonium-N,6,0.0249
y_true_train,Ammonium-N,6,0.013333333
y_true_train,Ammonium-N,6,0.0235
y_true_train,Ammonium-N,6,0.0164
y_true_train,Ammonium-N,6,0.014438093
y_true_train,Ammonium-N,6,0.042333333
y_true_train,Ammonium-N,6,0.018225094
y_true_train,Ammonium-N,6,0.010354731
y_true_train,Ammonium-N,6,0.049066667
y_true_train,Ammonium-N,6,0.001266667
y_true_train,Ammonium-N,6,0.0491
y_true_train,Ammonium-N,6,0.116224337
y_true_train,Ammonium-N,6,0.2686
y_true_train,Ammonium-N,6,0.0067
y_true_train,Ammonium-N,6,0.019033333
y_true_train,Ammonium-N,6,0.041333333
y_true_train,Ammonium-N,6,0.08343562
y_true_train,Ammonium-N,6,0.01610167
y_true_train,Ammonium-N,6,0.064266667
y_true_train,Ammonium-N,6,0.090733333
y_true_train,Ammonium-N,6,0.013633333
y_true_train,Ammonium-N,6,0.102719052
y_true_train,Ammonium-N,6,0.11883142
y_true_train,Ammonium-N,6,0.050433333
y_true_train,Ammonium-N,6,0.1658
y_true_train,Ammonium-N,6,0.039266667
y_true_train,Ammonium-N,6,0.050533333
y_true_train,Ammonium-N,6,0.4519
y_true_train,Ammonium-N,6,0.018033333
y_true_train,Ammonium-N,6,0.006433333
y_true_train,Ammonium-N,6,0.0311
y_true_train,Ammonium-N,6,0.020533333
y_true_train,Ammonium-N,6,0.027433333
y_true_train,Ammonium-N,6,0.122533333
y_true_train,Ammonium-N,6,0.007166791
y_true_train,Ammonium-N,6,0.0673
y_true_train,Ammonium-N,6,0.023441081
y_true_train,Ammonium-N,6,0.042633333
y_true_train,Ammonium-N,6,0.103817696
y_true_train,Ammonium-N,6,0.017633333
y_true_train,Ammonium-N,6,0.0235
y_true_train,Ammonium-N,6,0.318833333
y_true_train,Ammonium-N,6,0.015833333
y_true_train,Ammonium-N,6,0.016837803
y_true_train,Ammonium-N,6,0.020533333
y_true_train,Ammonium-N,6,0.021233333
y_true_train,Ammonium-N,6,0.110989659
y_true_train,Ammonium-N,6,0.0184
y_true_train,Ammonium-N,6,0.017558316
y_true_train,Ammonium-N,6,0.10513478
y_true_train,Ammonium-N,6,0.011533333
y_true_train,Ammonium-N,6,0.2993
y_true_train,Ammonium-N,6,0.040266667
y_true_train,Ammonium-N,6,0.004922582
y_true_train,Ammonium-N,6,0.253366667
y_true_train,Ammonium-N,6,0.019933333
y_true_train,Ammonium-N,6,0.007166791
y_true_train,Ammonium-N,6,0.0229
y_true_train,Ammonium-N,6,0.007810801
y_true_train,Ammonium-N,6,0.022549305
y_true_train,Ammonium-N,6,0.139659083
y_true_train,Ammonium-N,6,0.013835059
y_true_train,Ammonium-N,6,0.026266667
y_true_train,Ammonium-N,6,0.104686248
y_true_train,Ammonium-N,6,0.289433333
y_true_train,Ammonium-N,6,0.014438093
y_true_train,Ammonium-N,6,0.011876873
y_true_train,Ammonium-N,6,0.067166667
y_true_train,Ammonium-N,6,0.004291076
y_true_train,Ammonium-N,6,0.025966667
y_true_train,Ammonium-N,6,0.044766667
y_true_train,Ammonium-N,6,0.041933333
y_true_train,Ammonium-N,6,0.012937725
y_true_train,Ammonium-N,6,0.030166667
y_true_train,Ammonium-N,6,0.008033333
y_true_train,Ammonium-N,6,0.0198
y_true_train,Ammonium-N,6,0.025666667
y_true_train,Ammonium-N,6,0.013033333
y_true_train,Ammonium-N,6,0.0046
y_true_train,Ammonium-N,6,0.130166667
y_true_train,Ammonium-N,6,0.034066667
y_true_train,Ammonium-N,6,0.094333333
y_true_train,Ammonium-N,6,0.270233333
y_true_train,Ammonium-N,6,0.004
y_true_train,Ammonium-N,6,0.022166667
y_true_train,Ammonium-N,6,0.030533333
y_true_train,Ammonium-N,6,0.017273802
y_true_train,Ammonium-N,6,0.023441081
y_true_train,Ammonium-N,6,0.262866667
y_true_train,Ammonium-N,6,0.015166667
y_true_train,Ammonium-N,6,0.044766667
y_true_train,Ammonium-N,6,0.174233333
y_true_train,Ammonium-N,6,0.067433333
y_true_train,Ammonium-N,6,0.174233333
y_true_train,Ammonium-N,6,0.0255
y_true_train,Ammonium-N,6,0.007433333
y_true_train,Ammonium-N,6,0.035366667
y_true_test,Ammonium-N,6,0.217466667
y_true_test,Ammonium-N,6,0.042033333
y_true_test,Ammonium-N,6,0.380266667
y_true_test,Ammonium-N,6,0.0216
y_true_test,Ammonium-N,6,0.0191
y_true_test,Ammonium-N,6,0.036566667
y_true_test,Ammonium-N,6,0.011766667
y_true_test,Ammonium-N,6,0.139659083
y_true_test,Ammonium-N,6,0.033733333
y_true_test,Ammonium-N,6,0.0175
y_true_test,Ammonium-N,6,0.015666667
y_true_test,Ammonium-N,6,0.113816043
y_true_test,Ammonium-N,6,0.0254
y_true_test,Ammonium-N,6,0.1929
y_true_test,Ammonium-N,6,0.101468935
y_true_test,Ammonium-N,6,0.0301
y_true_test,Ammonium-N,6,0.0064
y_true_test,Ammonium-N,6,0.017890737
y_true_test,Ammonium-N,6,0.004
y_true_test,Ammonium-N,6,0.043166667
y_true_test,Ammonium-N,6,0.0235
y_true_test,Ammonium-N,6,0.012433333
y_true_test,Ammonium-N,6,0.007133357
y_true_test,Ammonium-N,6,0.332333333
y_true_test,Ammonium-N,6,0.099783572
y_true_test,Ammonium-N,6,0.035133333
y_true_test,Ammonium-N,6,0.025666667
y_true_test,Ammonium-N,6,0.0189
y_true_test,Ammonium-N,6,0.0393
y_true_test,Ammonium-N,6,0.0377
y_true_test,Ammonium-N,6,0.026887548
y_true_test,Ammonium-N,6,0.012570289
y_true_test,Ammonium-N,6,0.0148
y_true_test,Ammonium-N,6,0.3012
y_true_test,Ammonium-N,6,0.101033333
y_true_test,Ammonium-N,6,0.110066667
y_true_test,Ammonium-N,6,0.089046085
y_true_test,Ammonium-N,6,0.0142
y_true_test,Ammonium-N,6,0.044866667
y_true_test,Ammonium-N,6,0.107070292
y_true_test,Ammonium-N,6,0.006266667
y_true_test,Ammonium-N,6,0.018166667
y_true_test,Ammonium-N,6,0.035133333
y_true_test,Ammonium-N,6,0.007646588
y_true_test,Ammonium-N,6,0.03337575
y_true_test,Ammonium-N,6,0.298466667
test_ind,Ammonium-N,6,9.0
test_ind,Ammonium-N,6,279.0
test_ind,Ammonium-N,6,6.0
test_ind,Ammonium-N,6,48.0
test_ind,Ammonium-N,6,293.0
test_ind,Ammonium-N,6,237.0
test_ind,Ammonium-N,6,361.0
test_ind,Ammonium-N,6,77.0
test_ind,Ammonium-N,6,398.0
test_ind,Ammonium-N,6,121.0
test_ind,Ammonium-N,6,300.0
test_ind,Ammonium-N,6,192.0
test_ind,Ammonium-N,6,278.0
test_ind,Ammonium-N,6,370.0
test_ind,Ammonium-N,6,173.0
test_ind,Ammonium-N,6,284.0
test_ind,Ammonium-N,6,257.0
test_ind,Ammonium-N,6,104.0
test_ind,Ammonium-N,6,231.0
test_ind,Ammonium-N,6,65.0
test_ind,Ammonium-N,6,75.0
test_ind,Ammonium-N,6,287.0
test_ind,Ammonium-N,6,95.0
test_ind,Ammonium-N,6,2.0
test_ind,Ammonium-N,6,123.0
test_ind,Ammonium-N,6,171.0
test_ind,Ammonium-N,6,216.0
test_ind,Ammonium-N,6,249.0
test_ind,Ammonium-N,6,61.0
test_ind,Ammonium-N,6,232.0
test_ind,Ammonium-N,6,98.0
test_ind,Ammonium-N,6,136.0
test_ind,Ammonium-N,6,34.0
test_ind,Ammonium-N,6,27.0
test_ind,Ammonium-N,6,315.0
test_ind,Ammonium-N,6,302.0
test_ind,Ammonium-N,6,143.0
test_ind,Ammonium-N,6,391.0
test_ind,Ammonium-N,6,236.0
test_ind,Ammonium-N,6,102.0
test_ind,Ammonium-N,6,36.0
test_ind,Ammonium-N,6,250.0
test_ind,Ammonium-N,6,170.0
test_ind,Ammonium-N,6,139.0
test_ind,Ammonium-N,6,99.0
test_ind,Ammonium-N,6,23.0
train_ind,Ammonium-N,6,119.0
train_ind,Ammonium-N,6,55.0
train_ind,Ammonium-N,6,69.0
train_ind,Ammonium-N,6,122.0
train_ind,Ammonium-N,6,281.0
train_ind,Ammonium-N,6,280.0
train_ind,Ammonium-N,6,291.0
train_ind,Ammonium-N,6,12.0
train_ind,Ammonium-N,6,268.0
train_ind,Ammonium-N,6,38.0
train_ind,Ammonium-N,6,76.0
train_ind,Ammonium-N,6,41.0
train_ind,Ammonium-N,6,126.0
train_ind,Ammonium-N,6,262.0
train_ind,Ammonium-N,6,194.0
train_ind,Ammonium-N,6,138.0
train_ind,Ammonium-N,6,244.0
train_ind,Ammonium-N,6,247.0
train_ind,Ammonium-N,6,233.0
train_ind,Ammonium-N,6,217.0
train_ind,Ammonium-N,6,8.0
train_ind,Ammonium-N,6,248.0
train_ind,Ammonium-N,6,28.0
train_ind,Ammonium-N,6,59.0
train_ind,Ammonium-N,6,218.0
train_ind,Ammonium-N,6,212.0
train_ind,Ammonium-N,6,385.0
train_ind,Ammonium-N,6,311.0
train_ind,Ammonium-N,6,392.0
train_ind,Ammonium-N,6,144.0
train_ind,Ammonium-N,6,172.0
train_ind,Ammonium-N,6,378.0
train_ind,Ammonium-N,6,304.0
train_ind,Ammonium-N,6,238.0
train_ind,Ammonium-N,6,243.0
train_ind,Ammonium-N,6,16.0
train_ind,Ammonium-N,6,252.0
train_ind,Ammonium-N,6,269.0
train_ind,Ammonium-N,6,42.0
train_ind,Ammonium-N,6,100.0
train_ind,Ammonium-N,6,270.0
train_ind,Ammonium-N,6,306.0
train_ind,Ammonium-N,6,220.0
train_ind,Ammonium-N,6,372.0
train_ind,Ammonium-N,6,175.0
train_ind,Ammonium-N,6,67.0
train_ind,Ammonium-N,6,124.0
train_ind,Ammonium-N,6,381.0
train_ind,Ammonium-N,6,74.0
train_ind,Ammonium-N,6,14.0
train_ind,Ammonium-N,6,260.0
train_ind,Ammonium-N,6,80.0
train_ind,Ammonium-N,6,101.0
train_ind,Ammonium-N,6,49.0
train_ind,Ammonium-N,6,79.0
train_ind,Ammonium-N,6,43.0
train_ind,Ammonium-N,6,72.0
train_ind,Ammonium-N,6,193.0
train_ind,Ammonium-N,6,382.0
train_ind,Ammonium-N,6,20.0
train_ind,Ammonium-N,6,292.0
train_ind,Ammonium-N,6,164.0
train_ind,Ammonium-N,6,17.0
train_ind,Ammonium-N,6,295.0
train_ind,Ammonium-N,6,219.0
train_ind,Ammonium-N,6,390.0
train_ind,Ammonium-N,6,168.0
train_ind,Ammonium-N,6,167.0
train_ind,Ammonium-N,6,78.0
train_ind,Ammonium-N,6,188.0
train_ind,Ammonium-N,6,374.0
train_ind,Ammonium-N,6,103.0
train_ind,Ammonium-N,6,11.0
train_ind,Ammonium-N,6,125.0
train_ind,Ammonium-N,6,94.0
train_ind,Ammonium-N,6,57.0
train_ind,Ammonium-N,6,213.0
train_ind,Ammonium-N,6,39.0
train_ind,Ammonium-N,6,142.0
train_ind,Ammonium-N,6,299.0
train_ind,Ammonium-N,6,145.0
train_ind,Ammonium-N,6,389.0
train_ind,Ammonium-N,6,386.0
train_ind,Ammonium-N,6,274.0
train_ind,Ammonium-N,6,215.0
train_ind,Ammonium-N,6,29.0
train_ind,Ammonium-N,6,298.0
train_ind,Ammonium-N,6,312.0
train_ind,Ammonium-N,6,64.0
train_ind,Ammonium-N,6,305.0
train_ind,Ammonium-N,6,15.0
train_ind,Ammonium-N,6,165.0
train_ind,Ammonium-N,6,266.0
train_ind,Ammonium-N,6,52.0
train_ind,Ammonium-N,6,187.0
train_ind,Ammonium-N,6,174.0
train_ind,Ammonium-N,6,3.0
train_ind,Ammonium-N,6,51.0
train_ind,Ammonium-N,6,141.0
train_ind,Ammonium-N,6,191.0
train_ind,Ammonium-N,6,395.0
train_ind,Ammonium-N,6,190.0
train_ind,Ammonium-N,6,265.0
train_ind,Ammonium-N,6,258.0
train_ind,Ammonium-N,6,373.0
test_rsq,Ammonium-N,6,-0.05595446735497145
train_rsq,Ammonium-N,6,0.019656004009304784
test_rmse,Ammonium-N,6,0.09526211187062639
train_rmse,Ammonium-N,6,0.10213246281291327
test_mape,Ammonium-N,6,260.72146896910004
train_mape,Ammonium-N,6,304.0325133391668
n_comp,Ammonium-N,6,1.0
y_hat_test,Ammonium-N,7,0.07577226526581723
y_hat_test,Ammonium-N,7,0.11086367598113468
y_hat_test,Ammonium-N,7,0.07214019033780555
y_hat_test,Ammonium-N,7,0.071905108142856
y_hat_test,Ammonium-N,7,0.0635352468358877
y_hat_test,Ammonium-N,7,0.08441365590548916
y_hat_test,Ammonium-N,7,0.09387260538097328
y_hat_test,Ammonium-N,7,0.0823540013800898
y_hat_test,Ammonium-N,7,0.04446560150865984
y_hat_test,Ammonium-N,7,0.06549400976035141
y_hat_test,Ammonium-N,7,0.06770340150547215
y_hat_test,Ammonium-N,7,0.07871549921924069
y_hat_test,Ammonium-N,7,0.0762030233119769
y_hat_test,Ammonium-N,7,0.08259010374958216
y_hat_test,Ammonium-N,7,0.09083425204634168
y_hat_test,Ammonium-N,7,0.06745930788732732
y_hat_test,Ammonium-N,7,0.08798070529087806
y_hat_test,Ammonium-N,7,0.07585775474599593
y_hat_test,Ammonium-N,7,0.07080368033464571
y_hat_test,Ammonium-N,7,0.1162155647598958
y_hat_test,Ammonium-N,7,0.09054701857070839
y_hat_test,Ammonium-N,7,0.04154986041562596
y_hat_test,Ammonium-N,7,0.08037205378369222
y_hat_test,Ammonium-N,7,0.06812503678512663
y_hat_test,Ammonium-N,7,0.09077141028770919
y_hat_test,Ammonium-N,7,0.07192512069755558
y_hat_test,Ammonium-N,7,0.05774288719020286
y_hat_test,Ammonium-N,7,0.005144513048687502
y_hat_test,Ammonium-N,7,0.07699041039927072
y_hat_test,Ammonium-N,7,0.06808624628503021
y_hat_test,Ammonium-N,7,0.07679023473787211
y_hat_test,Ammonium-N,7,0.05825993541835624
y_hat_test,Ammonium-N,7,0.08882482662933046
y_hat_test,Ammonium-N,7,0.04325922675842198
y_hat_test,Ammonium-N,7,0.07372434685087073
y_hat_test,Ammonium-N,7,0.08650822858844466
y_hat_test,Ammonium-N,7,0.10922718682200548
y_hat_test,Ammonium-N,7,0.10246853922339201
y_hat_test,Ammonium-N,7,0.05092447036388064
y_hat_test,Ammonium-N,7,0.07895015786702422
y_hat_test,Ammonium-N,7,0.06594405858278453
y_hat_test,Ammonium-N,7,0.09522352329269819
y_hat_test,Ammonium-N,7,0.07322408757359453
y_hat_test,Ammonium-N,7,0.07483462313975481
y_hat_test,Ammonium-N,7,0.08792940946401186
y_hat_test,Ammonium-N,7,0.06865290551039564
y_hat_train,Ammonium-N,7,0.06412949941848417
y_hat_train,Ammonium-N,7,0.08283268536259528
y_hat_train,Ammonium-N,7,0.05948096759634085
y_hat_train,Ammonium-N,7,0.09905144258228307
y_hat_train,Ammonium-N,7,0.10903148721796316
y_hat_train,Ammonium-N,7,0.07340991531824238
y_hat_train,Ammonium-N,7,0.05886926925074583
y_hat_train,Ammonium-N,7,0.07511084809289335
y_hat_train,Ammonium-N,7,0.08300315738891137
y_hat_train,Ammonium-N,7,0.08581594758452933
y_hat_train,Ammonium-N,7,0.06540225720116939
y_hat_train,Ammonium-N,7,0.10825039438263481
y_hat_train,Ammonium-N,7,0.07320315492062965
y_hat_train,Ammonium-N,7,0.08505144940725068
y_hat_train,Ammonium-N,7,0.09889312794656621
y_hat_train,Ammonium-N,7,0.05577919040686832
y_hat_train,Ammonium-N,7,0.07315509869908084
y_hat_train,Ammonium-N,7,0.05440661964136194
y_hat_train,Ammonium-N,7,0.0757116121127527
y_hat_train,Ammonium-N,7,0.038038707583784984
y_hat_train,Ammonium-N,7,0.11030526092280776
y_hat_train,Ammonium-N,7,0.01295247692485612
y_hat_train,Ammonium-N,7,0.04846902943615529
y_hat_train,Ammonium-N,7,0.059164654744123704
y_hat_train,Ammonium-N,7,0.0731577795643469
y_hat_train,Ammonium-N,7,0.08085375919792133
y_hat_train,Ammonium-N,7,0.07022192398917768
y_hat_train,Ammonium-N,7,0.10374671013850362
y_hat_train,Ammonium-N,7,0.09010529581487728
y_hat_train,Ammonium-N,7,0.0778387615917379
y_hat_train,Ammonium-N,7,0.06001251293066879
y_hat_train,Ammonium-N,7,0.0739298053785073
y_hat_train,Ammonium-N,7,0.06538771509014077
y_hat_train,Ammonium-N,7,0.10343349647977033
y_hat_train,Ammonium-N,7,0.05759203057256482
y_hat_train,Ammonium-N,7,0.0661069859986439
y_hat_train,Ammonium-N,7,0.023885631537032936
y_hat_train,Ammonium-N,7,0.08784227858621982
y_hat_train,Ammonium-N,7,0.09044635365497852
y_hat_train,Ammonium-N,7,0.0804768012913276
y_hat_train,Ammonium-N,7,0.043761563389657414
y_hat_train,Ammonium-N,7,0.09052996616381614
y_hat_train,Ammonium-N,7,0.0393792759583051
y_hat_train,Ammonium-N,7,0.03857119312729028
y_hat_train,Ammonium-N,7,0.03294089035635742
y_hat_train,Ammonium-N,7,0.10494341877032831
y_hat_train,Ammonium-N,7,0.08577708010361841
y_hat_train,Ammonium-N,7,0.060295589360041285
y_hat_train,Ammonium-N,7,0.054932559833790584
y_hat_train,Ammonium-N,7,0.06870706598545138
y_hat_train,Ammonium-N,7,0.02116212901723761
y_hat_train,Ammonium-N,7,0.09082390777682764
y_hat_train,Ammonium-N,7,0.07790720469284905
y_hat_train,Ammonium-N,7,0.030609602769159874
y_hat_train,Ammonium-N,7,0.10792290540891372
y_hat_train,Ammonium-N,7,0.07667666184662521
y_hat_train,Ammonium-N,7,0.042157408494627076
y_hat_train,Ammonium-N,7,0.10168420778326075
y_hat_train,Ammonium-N,7,0.06615487041711511
y_hat_train,Ammonium-N,7,0.09482716532264064
y_hat_train,Ammonium-N,7,0.03460984227868605
y_hat_train,Ammonium-N,7,0.07009935746033118
y_hat_train,Ammonium-N,7,0.05976821384150795
y_hat_train,Ammonium-N,7,0.05903586051234622
y_hat_train,Ammonium-N,7,0.09915051897801067
y_hat_train,Ammonium-N,7,0.10274178748638294
y_hat_train,Ammonium-N,7,0.046752148170668834
y_hat_train,Ammonium-N,7,0.06719261403575391
y_hat_train,Ammonium-N,7,0.08099230337457797
y_hat_train,Ammonium-N,7,0.07277096592876298
y_hat_train,Ammonium-N,7,0.10845793896310008
y_hat_train,Ammonium-N,7,0.10247106146833261
y_hat_train,Ammonium-N,7,0.07236051782234657
y_hat_train,Ammonium-N,7,0.09367531138099688
y_hat_train,Ammonium-N,7,0.07294780955298033
y_hat_train,Ammonium-N,7,0.07120221642521972
y_hat_train,Ammonium-N,7,0.04149385691542471
y_hat_train,Ammonium-N,7,0.07589694206772336
y_hat_train,Ammonium-N,7,0.0845473309015324
y_hat_train,Ammonium-N,7,0.09750012590633171
y_hat_train,Ammonium-N,7,0.09228949065071934
y_hat_train,Ammonium-N,7,0.08680484179289609
y_hat_train,Ammonium-N,7,0.0559092824581202
y_hat_train,Ammonium-N,7,0.05963651893353264
y_hat_train,Ammonium-N,7,0.06006410822676881
y_hat_train,Ammonium-N,7,0.10252732534469455
y_hat_train,Ammonium-N,7,0.05772477254774486
y_hat_train,Ammonium-N,7,0.09792669514368127
y_hat_train,Ammonium-N,7,0.0970288371682496
y_hat_train,Ammonium-N,7,0.05876127647935821
y_hat_train,Ammonium-N,7,0.0858829626570516
y_hat_train,Ammonium-N,7,0.05315585111800017
y_hat_train,Ammonium-N,7,0.08033774077186123
y_hat_train,Ammonium-N,7,0.10389252761481675
y_hat_train,Ammonium-N,7,0.07548479103302153
y_hat_train,Ammonium-N,7,0.0775177888224426
y_hat_train,Ammonium-N,7,0.07135025121363733
y_hat_train,Ammonium-N,7,0.09380992804436061
y_hat_train,Ammonium-N,7,0.10129502740239989
y_hat_train,Ammonium-N,7,0.06791287078216636
y_hat_train,Ammonium-N,7,0.07090629621813888
y_hat_train,Ammonium-N,7,0.10393067967809509
y_hat_train,Ammonium-N,7,0.06682419029923292
y_hat_train,Ammonium-N,7,0.07032805363998475
y_hat_train,Ammonium-N,7,0.0789648209506434
y_true_train,Ammonium-N,7,0.102719052
y_true_train,Ammonium-N,7,0.044766667
y_true_train,Ammonium-N,7,0.013633333
y_true_train,Ammonium-N,7,0.041333333
y_true_train,Ammonium-N,7,0.2686
y_true_train,Ammonium-N,7,0.139659083
y_true_train,Ammonium-N,7,0.174233333
y_true_train,Ammonium-N,7,0.3012
y_true_train,Ammonium-N,7,0.036566667
y_true_train,Ammonium-N,7,0.110066667
y_true_train,Ammonium-N,7,0.010354731
y_true_train,Ammonium-N,7,0.0175
y_true_train,Ammonium-N,7,0.030533333
y_true_train,Ammonium-N,7,0.270233333
y_true_train,Ammonium-N,7,0.011876873
y_true_train,Ammonium-N,7,0.116224337
y_true_train,Ammonium-N,7,0.0249
y_true_train,Ammonium-N,7,0.007433333
y_true_train,Ammonium-N,7,0.012570289
y_true_train,Ammonium-N,7,0.013033333
y_true_train,Ammonium-N,7,0.0175
y_true_train,Ammonium-N,7,0.0164
y_true_train,Ammonium-N,7,0.019033333
y_true_train,Ammonium-N,7,0.023441081
y_true_train,Ammonium-N,7,0.020366667
y_true_train,Ammonium-N,7,0.298466667
y_true_train,Ammonium-N,7,0.042333333
y_true_train,Ammonium-N,7,0.020533333
y_true_train,Ammonium-N,7,0.014438093
y_true_train,Ammonium-N,7,0.0673
y_true_train,Ammonium-N,7,0.044866667
y_true_train,Ammonium-N,7,0.0491
y_true_train,Ammonium-N,7,0.013333333
y_true_train,Ammonium-N,7,0.104686248
y_true_train,Ammonium-N,7,0.380266667
y_true_train,Ammonium-N,7,0.015833333
y_true_train,Ammonium-N,7,0.113816043
y_true_train,Ammonium-N,7,0.040266667
y_true_train,Ammonium-N,7,0.014438093
y_true_train,Ammonium-N,7,0.0393
y_true_train,Ammonium-N,7,0.042633333
y_true_train,Ammonium-N,7,0.007166791
y_true_train,Ammonium-N,7,0.0301
y_true_train,Ammonium-N,7,0.0221
y_true_train,Ammonium-N,7,0.090733333
y_true_train,Ammonium-N,7,0.007166791
y_true_train,Ammonium-N,7,0.0198
y_true_train,Ammonium-N,7,0.001266667
y_true_train,Ammonium-N,7,0.0311
y_true_train,Ammonium-N,7,0.018033333
y_true_train,Ammonium-N,7,0.0189
y_true_train,Ammonium-N,7,0.318833333
y_true_train,Ammonium-N,7,0.041933333
y_true_train,Ammonium-N,7,0.0255
y_true_train,Ammonium-N,7,0.017558316
y_true_train,Ammonium-N,7,0.253366667
y_true_train,Ammonium-N,7,0.030166667
y_true_train,Ammonium-N,7,0.035133333
y_true_train,Ammonium-N,7,0.0142
y_true_train,Ammonium-N,7,0.122533333
y_true_train,Ammonium-N,7,0.0377
y_true_train,Ammonium-N,7,0.034066667
y_true_train,Ammonium-N,7,0.0148
y_true_train,Ammonium-N,7,0.0046
y_true_train,Ammonium-N,7,0.262866667
y_true_train,Ammonium-N,7,0.020533333
y_true_train,Ammonium-N,7,0.018225094
y_true_train,Ammonium-N,7,0.008033333
y_true_train,Ammonium-N,7,0.067433333
y_true_train,Ammonium-N,7,0.049066667
y_true_train,Ammonium-N,7,0.025666667
y_true_train,Ammonium-N,7,0.4519
y_true_train,Ammonium-N,7,0.0229
y_true_train,Ammonium-N,7,0.217466667
y_true_train,Ammonium-N,7,0.0235
y_true_train,Ammonium-N,7,0.013835059
y_true_train,Ammonium-N,7,0.11883142
y_true_train,Ammonium-N,7,0.1658
y_true_train,Ammonium-N,7,0.049
y_true_train,Ammonium-N,7,0.089046085
y_true_train,Ammonium-N,7,0.007646588
y_true_train,Ammonium-N,7,0.0191
y_true_train,Ammonium-N,7,0.006433333
y_true_train,Ammonium-N,7,0.103817696
y_true_train,Ammonium-N,7,0.022549305
y_true_train,Ammonium-N,7,0.007133357
y_true_train,Ammonium-N,7,0.025966667
y_true_train,Ammonium-N,7,0.7161
y_true_train,Ammonium-N,7,0.099783572
y_true_train,Ammonium-N,7,0.023441081
y_true_train,Ammonium-N,7,0.332333333
y_true_train,Ammonium-N,7,0.011766667
y_true_train,Ammonium-N,7,0.015666667
y_true_train,Ammonium-N,7,0.004
y_true_train,Ammonium-N,7,0.1929
y_true_train,Ammonium-N,7,0.016837803
y_true_train,Ammonium-N,7,0.022166667
y_true_train,Ammonium-N,7,0.08343562
y_true_train,Ammonium-N,7,0.035133333
y_true_train,Ammonium-N,7,0.0216
y_true_train,Ammonium-N,7,0.011533333
y_true_train,Ammonium-N,7,0.004
y_true_train,Ammonium-N,7,0.018166667
y_true_train,Ammonium-N,7,0.004922582
y_true_train,Ammonium-N,7,0.015166667
y_true_test,Ammonium-N,7,0.033733333
y_true_test,Ammonium-N,7,0.025666667
y_true_test,Ammonium-N,7,0.139659083
y_true_test,Ammonium-N,7,0.012937725
y_true_test,Ammonium-N,7,0.0149
y_true_test,Ammonium-N,7,0.110989659
y_true_test,Ammonium-N,7,0.008786351
y_true_test,Ammonium-N,7,0.050533333
y_true_test,Ammonium-N,7,0.2993
y_true_test,Ammonium-N,7,0.017890737
y_true_test,Ammonium-N,7,0.0134
y_true_test,Ammonium-N,7,0.042033333
y_true_test,Ammonium-N,7,0.043166667
y_true_test,Ammonium-N,7,0.027433333
y_true_test,Ammonium-N,7,0.067166667
y_true_test,Ammonium-N,7,0.007810801
y_true_test,Ammonium-N,7,0.004291076
y_true_test,Ammonium-N,7,0.021233333
y_true_test,Ammonium-N,7,0.03337575
y_true_test,Ammonium-N,7,0.0235
y_true_test,Ammonium-N,7,0.01610167
y_true_test,Ammonium-N,7,0.019933333
y_true_test,Ammonium-N,7,0.044766667
y_true_test,Ammonium-N,7,0.035366667
y_true_test,Ammonium-N,7,0.094333333
y_true_test,Ammonium-N,7,0.026266667
y_true_test,Ammonium-N,7,0.0067
y_true_test,Ammonium-N,7,0.10513478
y_true_test,Ammonium-N,7,0.0064
y_true_test,Ammonium-N,7,0.017633333
y_true_test,Ammonium-N,7,0.101033333
y_true_test,Ammonium-N,7,0.174233333
y_true_test,Ammonium-N,7,0.0184
y_true_test,Ammonium-N,7,0.050433333
y_true_test,Ammonium-N,7,0.101468935
y_true_test,Ammonium-N,7,0.026887548
y_true_test,Ammonium-N,7,0.0235
y_true_test,Ammonium-N,7,0.289433333
y_true_test,Ammonium-N,7,0.006266667
y_true_test,Ammonium-N,7,0.039266667
y_true_test,Ammonium-N,7,0.064266667
y_true_test,Ammonium-N,7,0.017273802
y_true_test,Ammonium-N,7,0.130166667
y_true_test,Ammonium-N,7,0.012433333
y_true_test,Ammonium-N,7,0.0254
y_true_test,Ammonium-N,7,0.107070292
test_ind,Ammonium-N,7,398.0
test_ind,Ammonium-N,7,215.0
test_ind,Ammonium-N,7,78.0
test_ind,Ammonium-N,7,145.0
test_ind,Ammonium-N,7,281.0
test_ind,Ammonium-N,7,79.0
test_ind,Ammonium-N,7,119.0
test_ind,Ammonium-N,7,243.0
test_ind,Ammonium-N,7,20.0
test_ind,Ammonium-N,7,104.0
test_ind,Ammonium-N,7,291.0
test_ind,Ammonium-N,7,279.0
test_ind,Ammonium-N,7,65.0
test_ind,Ammonium-N,7,270.0
test_ind,Ammonium-N,7,57.0
test_ind,Ammonium-N,7,168.0
test_ind,Ammonium-N,7,213.0
test_ind,Ammonium-N,7,49.0
test_ind,Ammonium-N,7,99.0
test_ind,Ammonium-N,7,75.0
test_ind,Ammonium-N,7,212.0
test_ind,Ammonium-N,7,295.0
test_ind,Ammonium-N,7,142.0
test_ind,Ammonium-N,7,373.0
test_ind,Ammonium-N,7,305.0
test_ind,Ammonium-N,7,374.0
test_ind,Ammonium-N,7,248.0
test_ind,Ammonium-N,7,193.0
test_ind,Ammonium-N,7,257.0
test_ind,Ammonium-N,7,381.0
test_ind,Ammonium-N,7,315.0
test_ind,Ammonium-N,7,191.0
test_ind,Ammonium-N,7,43.0
test_ind,Ammonium-N,7,378.0
test_ind,Ammonium-N,7,173.0
test_ind,Ammonium-N,7,98.0
test_ind,Ammonium-N,7,74.0
test_ind,Ammonium-N,7,11.0
test_ind,Ammonium-N,7,36.0
test_ind,Ammonium-N,7,238.0
test_ind,Ammonium-N,7,385.0
test_ind,Ammonium-N,7,187.0
test_ind,Ammonium-N,7,312.0
test_ind,Ammonium-N,7,287.0
test_ind,Ammonium-N,7,278.0
test_ind,Ammonium-N,7,102.0
train_ind,Ammonium-N,7,144.0
train_ind,Ammonium-N,7,141.0
train_ind,Ammonium-N,7,392.0
train_ind,Ammonium-N,7,59.0
train_ind,Ammonium-N,7,8.0
train_ind,Ammonium-N,7,77.0
train_ind,Ammonium-N,7,190.0
train_ind,Ammonium-N,7,27.0
train_ind,Ammonium-N,7,237.0
train_ind,Ammonium-N,7,302.0
train_ind,Ammonium-N,7,138.0
train_ind,Ammonium-N,7,122.0
train_ind,Ammonium-N,7,52.0
train_ind,Ammonium-N,7,15.0
train_ind,Ammonium-N,7,94.0
train_ind,Ammonium-N,7,217.0
train_ind,Ammonium-N,7,268.0
train_ind,Ammonium-N,7,258.0
train_ind,Ammonium-N,7,136.0
train_ind,Ammonium-N,7,29.0
train_ind,Ammonium-N,7,121.0
train_ind,Ammonium-N,7,41.0
train_ind,Ammonium-N,7,28.0
train_ind,Ammonium-N,7,175.0
train_ind,Ammonium-N,7,280.0
train_ind,Ammonium-N,7,23.0
train_ind,Ammonium-N,7,262.0
train_ind,Ammonium-N,7,100.0
train_ind,Ammonium-N,7,126.0
train_ind,Ammonium-N,7,372.0
train_ind,Ammonium-N,7,236.0
train_ind,Ammonium-N,7,233.0
train_ind,Ammonium-N,7,38.0
train_ind,Ammonium-N,7,103.0
train_ind,Ammonium-N,7,6.0
train_ind,Ammonium-N,7,260.0
train_ind,Ammonium-N,7,192.0
train_ind,Ammonium-N,7,292.0
train_ind,Ammonium-N,7,125.0
train_ind,Ammonium-N,7,61.0
train_ind,Ammonium-N,7,67.0
train_ind,Ammonium-N,7,219.0
train_ind,Ammonium-N,7,284.0
train_ind,Ammonium-N,7,55.0
train_ind,Ammonium-N,7,311.0
train_ind,Ammonium-N,7,220.0
train_ind,Ammonium-N,7,274.0
train_ind,Ammonium-N,7,247.0
train_ind,Ammonium-N,7,42.0
train_ind,Ammonium-N,7,252.0
train_ind,Ammonium-N,7,249.0
train_ind,Ammonium-N,7,14.0
train_ind,Ammonium-N,7,299.0
train_ind,Ammonium-N,7,265.0
train_ind,Ammonium-N,7,72.0
train_ind,Ammonium-N,7,17.0
train_ind,Ammonium-N,7,389.0
train_ind,Ammonium-N,7,170.0
train_ind,Ammonium-N,7,391.0
train_ind,Ammonium-N,7,306.0
train_ind,Ammonium-N,7,232.0
train_ind,Ammonium-N,7,64.0
train_ind,Ammonium-N,7,34.0
train_ind,Ammonium-N,7,298.0
train_ind,Ammonium-N,7,3.0
train_ind,Ammonium-N,7,101.0
train_ind,Ammonium-N,7,194.0
train_ind,Ammonium-N,7,386.0
train_ind,Ammonium-N,7,395.0
train_ind,Ammonium-N,7,244.0
train_ind,Ammonium-N,7,216.0
train_ind,Ammonium-N,7,16.0
train_ind,Ammonium-N,7,390.0
train_ind,Ammonium-N,7,9.0
train_ind,Ammonium-N,7,76.0
train_ind,Ammonium-N,7,188.0
train_ind,Ammonium-N,7,172.0
train_ind,Ammonium-N,7,304.0
train_ind,Ammonium-N,7,69.0
train_ind,Ammonium-N,7,143.0
train_ind,Ammonium-N,7,139.0
train_ind,Ammonium-N,7,293.0
train_ind,Ammonium-N,7,269.0
train_ind,Ammonium-N,7,124.0
train_ind,Ammonium-N,7,167.0
train_ind,Ammonium-N,7,95.0
train_ind,Ammonium-N,7,39.0
train_ind,Ammonium-N,7,12.0
train_ind,Ammonium-N,7,123.0
train_ind,Ammonium-N,7,174.0
train_ind,Ammonium-N,7,2.0
train_ind,Ammonium-N,7,361.0
train_ind,Ammonium-N,7,300.0
train_ind,Ammonium-N,7,165.0
train_ind,Ammonium-N,7,370.0
train_ind,Ammonium-N,7,80.0
train_ind,Ammonium-N,7,266.0
train_ind,Ammonium-N,7,218.0
train_ind,Ammonium-N,7,171.0
train_ind,Ammonium-N,7,48.0
train_ind,Ammonium-N,7,382.0
train_ind,Ammonium-N,7,231.0
train_ind,Ammonium-N,7,250.0
train_ind,Ammonium-N,7,164.0
train_ind,Ammonium-N,7,51.0
test_rsq,Ammonium-N,7,-0.2674628585141592
train_rsq,Ammonium-N,7,0.0378203309415045
test_rmse,Ammonium-N,7,0.07321071284853571
train_rmse,Ammonium-N,7,0.10948916712897529
test_mape,Ammonium-N,7,291.40707019392386
train_mape,Ammonium-N,7,342.8193973398685
n_comp,Ammonium-N,7,3.0
y_hat_test,Ammonium-N,8,0.055185227516319484
y_hat_test,Ammonium-N,8,0.09026085627929613
y_hat_test,Ammonium-N,8,0.06312213074354067
y_hat_test,Ammonium-N,8,0.0701725082979102
y_hat_test,Ammonium-N,8,0.05376975956925794
y_hat_test,Ammonium-N,8,0.0672739578228806
y_hat_test,Ammonium-N,8,0.07081621874342238
y_hat_test,Ammonium-N,8,0.06863742572487545
y_hat_test,Ammonium-N,8,0.0675265950132079
y_hat_test,Ammonium-N,8,0.05743731975196424
y_hat_test,Ammonium-N,8,0.06785450229299864
y_hat_test,Ammonium-N,8,0.06927424539652337
y_hat_test,Ammonium-N,8,0.0803564306805222
y_hat_test,Ammonium-N,8,0.07232369533714107
y_hat_test,Ammonium-N,8,0.08179187406142614
y_hat_test,Ammonium-N,8,0.0700834522975774
y_hat_test,Ammonium-N,8,0.07912148539256288
y_hat_test,Ammonium-N,8,0.04518633901009306
y_hat_test,Ammonium-N,8,0.06822329649353225
y_hat_test,Ammonium-N,8,0.0895198474872482
y_hat_test,Ammonium-N,8,0.07105480321575865
y_hat_test,Ammonium-N,8,0.06042323698938619
y_hat_test,Ammonium-N,8,0.036889390767409144
y_hat_test,Ammonium-N,8,0.0674324770365209
y_hat_test,Ammonium-N,8,0.0544295325920659
y_hat_test,Ammonium-N,8,0.06264389164717285
y_hat_test,Ammonium-N,8,0.041206175070499604
y_hat_test,Ammonium-N,8,0.06212832718820806
y_hat_test,Ammonium-N,8,0.07847078862658743
y_hat_test,Ammonium-N,8,0.053230469020292645
y_hat_test,Ammonium-N,8,0.0593217241014582
y_hat_test,Ammonium-N,8,0.08386222207168825
y_hat_test,Ammonium-N,8,0.08307555309323321
y_hat_test,Ammonium-N,8,0.08705162120479212
y_hat_test,Ammonium-N,8,0.04583300753258932
y_hat_test,Ammonium-N,8,0.06515682065105191
y_hat_test,Ammonium-N,8,0.05453427481115559
y_hat_test,Ammonium-N,8,0.011779311535252905
y_hat_test,Ammonium-N,8,0.07634171613812402
y_hat_test,Ammonium-N,8,0.04390329769642322
y_hat_test,Ammonium-N,8,0.07495641559342309
y_hat_test,Ammonium-N,8,0.08982608019199127
y_hat_test,Ammonium-N,8,0.05140467175548718
y_hat_test,Ammonium-N,8,0.0784733898382825
y_hat_test,Ammonium-N,8,0.03951259559077039
y_hat_test,Ammonium-N,8,0.06377287010157903
y_hat_train,Ammonium-N,8,0.04232499628343112
y_hat_train,Ammonium-N,8,0.09378618688579546
y_hat_train,Ammonium-N,8,0.06890308017454824
y_hat_train,Ammonium-N,8,0.04714105126742428
y_hat_train,Ammonium-N,8,0.07682851194458909
y_hat_train,Ammonium-N,8,0.0563883100584444
y_hat_train,Ammonium-N,8,0.03814650869700333
y_hat_train,Ammonium-N,8,0.10043141367971235
y_hat_train,Ammonium-N,8,0.0696931722682551
y_hat_train,Ammonium-N,8,0.08779018384105214
y_hat_train,Ammonium-N,8,0.07892146760580776
y_hat_train,Ammonium-N,8,0.07232715279094365
y_hat_train,Ammonium-N,8,0.06170853537644093
y_hat_train,Ammonium-N,8,0.09666229862571553
y_hat_train,Ammonium-N,8,0.08155941152122158
y_hat_train,Ammonium-N,8,0.09593252812816029
y_hat_train,Ammonium-N,8,0.07111727249896298
y_hat_train,Ammonium-N,8,0.08003598666916222
y_hat_train,Ammonium-N,8,0.08893090822893218
y_hat_train,Ammonium-N,8,0.08117256364354923
y_hat_train,Ammonium-N,8,0.07484916663562262
y_hat_train,Ammonium-N,8,0.05901551606312372
y_hat_train,Ammonium-N,8,0.07231742926801082
y_hat_train,Ammonium-N,8,0.03224982003535301
y_hat_train,Ammonium-N,8,0.06888405773700915
y_hat_train,Ammonium-N,8,0.07057254646843224
y_hat_train,Ammonium-N,8,0.09008880049258557
y_hat_train,Ammonium-N,8,0.04171162354829211
y_hat_train,Ammonium-N,8,0.04519635676771196
y_hat_train,Ammonium-N,8,0.05194625876991891
y_hat_train,Ammonium-N,8,0.06707523233179818
y_hat_train,Ammonium-N,8,0.06913356174713431
y_hat_train,Ammonium-N,8,0.06049660050129855
y_hat_train,Ammonium-N,8,0.05014629432482061
y_hat_train,Ammonium-N,8,0.07267150842592679
y_hat_train,Ammonium-N,8,0.09425765806774805
y_hat_train,Ammonium-N,8,0.07000720945811821
y_hat_train,Ammonium-N,8,0.02683665329721671
y_hat_train,Ammonium-N,8,0.06976414399578493
y_hat_train,Ammonium-N,8,0.045624555758442
y_hat_train,Ammonium-N,8,0.10333235628755391
y_hat_train,Ammonium-N,8,0.046535383479036345
y_hat_train,Ammonium-N,8,0.039729007831247935
y_hat_train,Ammonium-N,8,0.09926855205481538
y_hat_train,Ammonium-N,8,0.04394042841260903
y_hat_train,Ammonium-N,8,0.10511415690235201
y_hat_train,Ammonium-N,8,0.08857801172380653
y_hat_train,Ammonium-N,8,0.04519305949635147
y_hat_train,Ammonium-N,8,0.04704522281108907
y_hat_train,Ammonium-N,8,0.0713490946394527
y_hat_train,Ammonium-N,8,0.08716065707327222
y_hat_train,Ammonium-N,8,0.08407711628340149
y_hat_train,Ammonium-N,8,0.05054097293444938
y_hat_train,Ammonium-N,8,0.04841707051567483
y_hat_train,Ammonium-N,8,0.04952569925306188
y_hat_train,Ammonium-N,8,0.07819896916351589
y_hat_train,Ammonium-N,8,0.06279186279574712
y_hat_train,Ammonium-N,8,0.07812000042540347
y_hat_train,Ammonium-N,8,0.06742847699816432
y_hat_train,Ammonium-N,8,0.05228110364441952
y_hat_train,Ammonium-N,8,0.05964281548656989
y_hat_train,Ammonium-N,8,0.07225264535785024
y_hat_train,Ammonium-N,8,0.05083912421321209
y_hat_train,Ammonium-N,8,0.0330906598476763
y_hat_train,Ammonium-N,8,0.0579936478886939
y_hat_train,Ammonium-N,8,0.0766592608241135
y_hat_train,Ammonium-N,8,0.06423992710765936
y_hat_train,Ammonium-N,8,0.07792316598908904
y_hat_train,Ammonium-N,8,0.0409721960311015
y_hat_train,Ammonium-N,8,0.09215604724578612
y_hat_train,Ammonium-N,8,0.08816971226449757
y_hat_train,Ammonium-N,8,0.05427701569007921
y_hat_train,Ammonium-N,8,0.07713402101161519
y_hat_train,Ammonium-N,8,0.07813485360274974
y_hat_train,Ammonium-N,8,0.05405007714045469
y_hat_train,Ammonium-N,8,0.033928804976374675
y_hat_train,Ammonium-N,8,0.05690040265446698
y_hat_train,Ammonium-N,8,0.07701864686571686
y_hat_train,Ammonium-N,8,0.04298810328466309
y_hat_train,Ammonium-N,8,0.07139934358638177
y_hat_train,Ammonium-N,8,0.037517206050610014
y_hat_train,Ammonium-N,8,0.09743805890911958
y_hat_train,Ammonium-N,8,0.08532679240294426
y_hat_train,Ammonium-N,8,0.0682459668796636
y_hat_train,Ammonium-N,8,0.0824474754899759
y_hat_train,Ammonium-N,8,0.09576890635587329
y_hat_train,Ammonium-N,8,0.059438919930614516
y_hat_train,Ammonium-N,8,0.09574576767114482
y_hat_train,Ammonium-N,8,0.09280661023636916
y_hat_train,Ammonium-N,8,0.08069282369432877
y_hat_train,Ammonium-N,8,0.040993422038537675
y_hat_train,Ammonium-N,8,0.08657028866944433
y_hat_train,Ammonium-N,8,0.08258394594231847
y_hat_train,Ammonium-N,8,0.05891904002249456
y_hat_train,Ammonium-N,8,0.09342558875351498
y_hat_train,Ammonium-N,8,0.02924672823574513
y_hat_train,Ammonium-N,8,0.036812433292499405
y_hat_train,Ammonium-N,8,0.06992696861548055
y_hat_train,Ammonium-N,8,0.0841711300241212
y_hat_train,Ammonium-N,8,0.0616800637204996
y_hat_train,Ammonium-N,8,0.0747622958428272
y_hat_train,Ammonium-N,8,0.06542562651032519
y_hat_train,Ammonium-N,8,0.0807721953468567
y_hat_train,Ammonium-N,8,0.07046319364920327
y_hat_train,Ammonium-N,8,0.04607837503781108
y_true_train,Ammonium-N,8,0.011876873
y_true_train,Ammonium-N,8,0.139659083
y_true_train,Ammonium-N,8,0.050433333
y_true_train,Ammonium-N,8,0.0249
y_true_train,Ammonium-N,8,0.027433333
y_true_train,Ammonium-N,8,0.122533333
y_true_train,Ammonium-N,8,0.015166667
y_true_train,Ammonium-N,8,0.270233333
y_true_train,Ammonium-N,8,0.044766667
y_true_train,Ammonium-N,8,0.174233333
y_true_train,Ammonium-N,8,0.014438093
y_true_train,Ammonium-N,8,0.2993
y_true_train,Ammonium-N,8,0.017558316
y_true_train,Ammonium-N,8,0.017273802
y_true_train,Ammonium-N,8,0.001266667
y_true_train,Ammonium-N,8,0.289433333
y_true_train,Ammonium-N,8,0.049066667
y_true_train,Ammonium-N,8,0.026266667
y_true_train,Ammonium-N,8,0.174233333
y_true_train,Ammonium-N,8,0.021233333
y_true_train,Ammonium-N,8,0.030166667
y_true_train,Ammonium-N,8,0.025666667
y_true_train,Ammonium-N,8,0.099783572
y_true_train,Ammonium-N,8,0.0148
y_true_train,Ammonium-N,8,0.023441081
y_true_train,Ammonium-N,8,0.008033333
y_true_train,Ammonium-N,8,0.040266667
y_true_train,Ammonium-N,8,0.025966667
y_true_train,Ammonium-N,8,0.0134
y_true_train,Ammonium-N,8,0.042033333
y_true_train,Ammonium-N,8,0.0491
y_true_train,Ammonium-N,8,0.11883142
y_true_train,Ammonium-N,8,0.043166667
y_true_train,Ammonium-N,8,0.7161
y_true_train,Ammonium-N,8,0.03337575
y_true_train,Ammonium-N,8,0.139659083
y_true_train,Ammonium-N,8,0.0175
y_true_train,Ammonium-N,8,0.064266667
y_true_train,Ammonium-N,8,0.10513478
y_true_train,Ammonium-N,8,0.0149
y_true_train,Ammonium-N,8,0.0235
y_true_train,Ammonium-N,8,0.041933333
y_true_train,Ammonium-N,8,0.017633333
y_true_train,Ammonium-N,8,0.0235
y_true_train,Ammonium-N,8,0.0191
y_true_train,Ammonium-N,8,0.0235
y_true_train,Ammonium-N,8,0.380266667
y_true_train,Ammonium-N,8,0.018166667
y_true_train,Ammonium-N,8,0.318833333
y_true_train,Ammonium-N,8,0.089046085
y_true_train,Ammonium-N,8,0.253366667
y_true_train,Ammonium-N,8,0.020533333
y_true_train,Ammonium-N,8,0.044866667
y_true_train,Ammonium-N,8,0.067166667
y_true_train,Ammonium-N,8,0.0198
y_true_train,Ammonium-N,8,0.035133333
y_true_train,Ammonium-N,8,0.0311
y_true_train,Ammonium-N,8,0.026887548
y_true_train,Ammonium-N,8,0.0164
y_true_train,Ammonium-N,8,0.034066667
y_true_train,Ammonium-N,8,0.025666667
y_true_train,Ammonium-N,8,0.044766667
y_true_train,Ammonium-N,8,0.006433333
y_true_train,Ammonium-N,8,0.007166791
y_true_train,Ammonium-N,8,0.004
y_true_train,Ammonium-N,8,0.013033333
y_true_train,Ammonium-N,8,0.015833333
y_true_train,Ammonium-N,8,0.113816043
y_true_train,Ammonium-N,8,0.022166667
y_true_train,Ammonium-N,8,0.0067
y_true_train,Ammonium-N,8,0.110066667
y_true_train,Ammonium-N,8,0.094333333
y_true_train,Ammonium-N,8,0.012937725
y_true_train,Ammonium-N,8,0.030533333
y_true_train,Ammonium-N,8,0.067433333
y_true_train,Ammonium-N,8,0.016837803
y_true_train,Ammonium-N,8,0.013633333
y_true_train,Ammonium-N,8,0.035133333
y_true_train,Ammonium-N,8,0.0046
y_true_train,Ammonium-N,8,0.0175
y_true_train,Ammonium-N,8,0.004
y_true_train,Ammonium-N,8,0.017890737
y_true_train,Ammonium-N,8,0.4519
y_true_train,Ammonium-N,8,0.011766667
y_true_train,Ammonium-N,8,0.0189
y_true_train,Ammonium-N,8,0.019033333
y_true_train,Ammonium-N,8,0.013333333
y_true_train,Ammonium-N,8,0.012570289
y_true_train,Ammonium-N,8,0.050533333
y_true_train,Ammonium-N,8,0.0377
y_true_train,Ammonium-N,8,0.007646588
y_true_train,Ammonium-N,8,0.0673
y_true_train,Ammonium-N,8,0.3012
y_true_train,Ammonium-N,8,0.042333333
y_true_train,Ammonium-N,8,0.0254
y_true_train,Ammonium-N,8,0.010354731
y_true_train,Ammonium-N,8,0.004291076
y_true_train,Ammonium-N,8,0.0255
y_true_train,Ammonium-N,8,0.020533333
y_true_train,Ammonium-N,8,0.018033333
y_true_train,Ammonium-N,8,0.018225094
y_true_train,Ammonium-N,8,0.1929
y_true_train,Ammonium-N,8,0.130166667
y_true_train,Ammonium-N,8,0.0064
y_true_train,Ammonium-N,8,0.01610167
y_true_test,Ammonium-N,8,0.217466667
y_true_test,Ammonium-N,8,0.041333333
y_true_test,Ammonium-N,8,0.0221
y_true_test,Ammonium-N,8,0.011533333
y_true_test,Ammonium-N,8,0.102719052
y_true_test,Ammonium-N,8,0.049
y_true_test,Ammonium-N,8,0.0216
y_true_test,Ammonium-N,8,0.0229
y_true_test,Ammonium-N,8,0.090733333
y_true_test,Ammonium-N,8,0.101468935
y_true_test,Ammonium-N,8,0.103817696
y_true_test,Ammonium-N,8,0.0393
y_true_test,Ammonium-N,8,0.007433333
y_true_test,Ammonium-N,8,0.104686248
y_true_test,Ammonium-N,8,0.0301
y_true_test,Ammonium-N,8,0.0142
y_true_test,Ammonium-N,8,0.035366667
y_true_test,Ammonium-N,8,0.015666667
y_true_test,Ammonium-N,8,0.007810801
y_true_test,Ammonium-N,8,0.1658
y_true_test,Ammonium-N,8,0.008786351
y_true_test,Ammonium-N,8,0.262866667
y_true_test,Ammonium-N,8,0.004922582
y_true_test,Ammonium-N,8,0.08343562
y_true_test,Ammonium-N,8,0.039266667
y_true_test,Ammonium-N,8,0.332333333
y_true_test,Ammonium-N,8,0.012433333
y_true_test,Ammonium-N,8,0.2686
y_true_test,Ammonium-N,8,0.006266667
y_true_test,Ammonium-N,8,0.020366667
y_true_test,Ammonium-N,8,0.007133357
y_true_test,Ammonium-N,8,0.298466667
y_true_test,Ammonium-N,8,0.0184
y_true_test,Ammonium-N,8,0.019933333
y_true_test,Ammonium-N,8,0.007166791
y_true_test,Ammonium-N,8,0.023441081
y_true_test,Ammonium-N,8,0.101033333
y_true_test,Ammonium-N,8,0.116224337
y_true_test,Ammonium-N,8,0.042633333
y_true_test,Ammonium-N,8,0.036566667
y_true_test,Ammonium-N,8,0.022549305
y_true_test,Ammonium-N,8,0.110989659
y_true_test,Ammonium-N,8,0.013835059
y_true_test,Ammonium-N,8,0.014438093
y_true_test,Ammonium-N,8,0.033733333
y_true_test,Ammonium-N,8,0.107070292
test_ind,Ammonium-N,8,9.0
test_ind,Ammonium-N,8,59.0
test_ind,Ammonium-N,8,55.0
test_ind,Ammonium-N,8,382.0
test_ind,Ammonium-N,8,144.0
test_ind,Ammonium-N,8,69.0
test_ind,Ammonium-N,8,48.0
test_ind,Ammonium-N,8,390.0
test_ind,Ammonium-N,8,311.0
test_ind,Ammonium-N,8,173.0
test_ind,Ammonium-N,8,124.0
test_ind,Ammonium-N,8,61.0
test_ind,Ammonium-N,8,258.0
test_ind,Ammonium-N,8,103.0
test_ind,Ammonium-N,8,284.0
test_ind,Ammonium-N,8,391.0
test_ind,Ammonium-N,8,373.0
test_ind,Ammonium-N,8,300.0
test_ind,Ammonium-N,8,168.0
test_ind,Ammonium-N,8,304.0
test_ind,Ammonium-N,8,119.0
test_ind,Ammonium-N,8,3.0
test_ind,Ammonium-N,8,164.0
test_ind,Ammonium-N,8,218.0
test_ind,Ammonium-N,8,238.0
test_ind,Ammonium-N,8,2.0
test_ind,Ammonium-N,8,287.0
test_ind,Ammonium-N,8,8.0
test_ind,Ammonium-N,8,36.0
test_ind,Ammonium-N,8,280.0
test_ind,Ammonium-N,8,95.0
test_ind,Ammonium-N,8,23.0
test_ind,Ammonium-N,8,43.0
test_ind,Ammonium-N,8,295.0
test_ind,Ammonium-N,8,219.0
test_ind,Ammonium-N,8,175.0
test_ind,Ammonium-N,8,315.0
test_ind,Ammonium-N,8,217.0
test_ind,Ammonium-N,8,67.0
test_ind,Ammonium-N,8,237.0
test_ind,Ammonium-N,8,167.0
test_ind,Ammonium-N,8,79.0
test_ind,Ammonium-N,8,188.0
test_ind,Ammonium-N,8,126.0
test_ind,Ammonium-N,8,398.0
test_ind,Ammonium-N,8,102.0
train_ind,Ammonium-N,8,94.0
train_ind,Ammonium-N,8,78.0
train_ind,Ammonium-N,8,378.0
train_ind,Ammonium-N,8,268.0
train_ind,Ammonium-N,8,270.0
train_ind,Ammonium-N,8,306.0
train_ind,Ammonium-N,8,51.0
train_ind,Ammonium-N,8,15.0
train_ind,Ammonium-N,8,141.0
train_ind,Ammonium-N,8,191.0
train_ind,Ammonium-N,8,125.0
train_ind,Ammonium-N,8,20.0
train_ind,Ammonium-N,8,72.0
train_ind,Ammonium-N,8,187.0
train_ind,Ammonium-N,8,247.0
train_ind,Ammonium-N,8,11.0
train_ind,Ammonium-N,8,244.0
train_ind,Ammonium-N,8,374.0
train_ind,Ammonium-N,8,190.0
train_ind,Ammonium-N,8,49.0
train_ind,Ammonium-N,8,389.0
train_ind,Ammonium-N,8,216.0
train_ind,Ammonium-N,8,123.0
train_ind,Ammonium-N,8,34.0
train_ind,Ammonium-N,8,174.0
train_ind,Ammonium-N,8,386.0
train_ind,Ammonium-N,8,292.0
train_ind,Ammonium-N,8,39.0
train_ind,Ammonium-N,8,291.0
train_ind,Ammonium-N,8,279.0
train_ind,Ammonium-N,8,233.0
train_ind,Ammonium-N,8,172.0
train_ind,Ammonium-N,8,65.0
train_ind,Ammonium-N,8,12.0
train_ind,Ammonium-N,8,99.0
train_ind,Ammonium-N,8,77.0
train_ind,Ammonium-N,8,122.0
train_ind,Ammonium-N,8,385.0
train_ind,Ammonium-N,8,193.0
train_ind,Ammonium-N,8,281.0
train_ind,Ammonium-N,8,75.0
train_ind,Ammonium-N,8,299.0
train_ind,Ammonium-N,8,381.0
train_ind,Ammonium-N,8,74.0
train_ind,Ammonium-N,8,293.0
train_ind,Ammonium-N,8,76.0
train_ind,Ammonium-N,8,6.0
train_ind,Ammonium-N,8,250.0
train_ind,Ammonium-N,8,14.0
train_ind,Ammonium-N,8,143.0
train_ind,Ammonium-N,8,17.0
train_ind,Ammonium-N,8,100.0
train_ind,Ammonium-N,8,236.0
train_ind,Ammonium-N,8,57.0
train_ind,Ammonium-N,8,274.0
train_ind,Ammonium-N,8,171.0
train_ind,Ammonium-N,8,42.0
train_ind,Ammonium-N,8,98.0
train_ind,Ammonium-N,8,41.0
train_ind,Ammonium-N,8,64.0
train_ind,Ammonium-N,8,215.0
train_ind,Ammonium-N,8,142.0
train_ind,Ammonium-N,8,269.0
train_ind,Ammonium-N,8,220.0
train_ind,Ammonium-N,8,231.0
train_ind,Ammonium-N,8,29.0
train_ind,Ammonium-N,8,260.0
train_ind,Ammonium-N,8,192.0
train_ind,Ammonium-N,8,266.0
train_ind,Ammonium-N,8,248.0
train_ind,Ammonium-N,8,302.0
train_ind,Ammonium-N,8,305.0
train_ind,Ammonium-N,8,145.0
train_ind,Ammonium-N,8,52.0
train_ind,Ammonium-N,8,395.0
train_ind,Ammonium-N,8,80.0
train_ind,Ammonium-N,8,392.0
train_ind,Ammonium-N,8,170.0
train_ind,Ammonium-N,8,298.0
train_ind,Ammonium-N,8,121.0
train_ind,Ammonium-N,8,165.0
train_ind,Ammonium-N,8,104.0
train_ind,Ammonium-N,8,16.0
train_ind,Ammonium-N,8,361.0
train_ind,Ammonium-N,8,249.0
train_ind,Ammonium-N,8,28.0
train_ind,Ammonium-N,8,38.0
train_ind,Ammonium-N,8,136.0
train_ind,Ammonium-N,8,243.0
train_ind,Ammonium-N,8,232.0
train_ind,Ammonium-N,8,139.0
train_ind,Ammonium-N,8,372.0
train_ind,Ammonium-N,8,27.0
train_ind,Ammonium-N,8,262.0
train_ind,Ammonium-N,8,278.0
train_ind,Ammonium-N,8,138.0
train_ind,Ammonium-N,8,213.0
train_ind,Ammonium-N,8,265.0
train_ind,Ammonium-N,8,101.0
train_ind,Ammonium-N,8,252.0
train_ind,Ammonium-N,8,194.0
train_ind,Ammonium-N,8,370.0
train_ind,Ammonium-N,8,312.0
train_ind,Ammonium-N,8,257.0
train_ind,Ammonium-N,8,212.0
test_rsq,Ammonium-N,8,-0.03198286375065562
train_rsq,Ammonium-N,8,0.03257897555610467
test_rmse,Ammonium-N,8,0.08400417468287699
train_rmse,Ammonium-N,8,0.10509679133761927
test_mape,Ammonium-N,8,238.09790325678782
train_mape,Ammonium-N,8,286.0804042263693
n_comp,Ammonium-N,8,3.0
y_hat_test,Ammonium-N,9,0.07402522265502987
y_hat_test,Ammonium-N,9,0.054225729130905356
y_hat_test,Ammonium-N,9,0.07117867194404043
y_hat_test,Ammonium-N,9,0.06703354791897582
y_hat_test,Ammonium-N,9,0.06527265818000395
y_hat_test,Ammonium-N,9,0.07116321548972325
y_hat_test,Ammonium-N,9,0.068179967807879
y_hat_test,Ammonium-N,9,0.07132534527104885
y_hat_test,Ammonium-N,9,0.0712713946218105
y_hat_test,Ammonium-N,9,0.05963326338139727
y_hat_test,Ammonium-N,9,0.07414159131397968
y_hat_test,Ammonium-N,9,0.06924930011573839
y_hat_test,Ammonium-N,9,0.06762385783309502
y_hat_test,Ammonium-N,9,0.05992555639015981
y_hat_test,Ammonium-N,9,0.05722621285384134
y_hat_test,Ammonium-N,9,0.07149446875441905
y_hat_test,Ammonium-N,9,0.07336233808000082
y_hat_test,Ammonium-N,9,0.0717770131125503
y_hat_test,Ammonium-N,9,0.07222463677111911
y_hat_test,Ammonium-N,9,0.06836857607961436
y_hat_test,Ammonium-N,9,0.07408882186759541
y_hat_test,Ammonium-N,9,0.07401464277508374
y_hat_test,Ammonium-N,9,0.058058524167237134
y_hat_test,Ammonium-N,9,0.07136561510417291
y_hat_test,Ammonium-N,9,0.05626073480093445
y_hat_test,Ammonium-N,9,0.07511127937892838
y_hat_test,Ammonium-N,9,0.0649733861521759
y_hat_test,Ammonium-N,9,0.07097830139540187
y_hat_test,Ammonium-N,9,0.06535317145091125
y_hat_test,Ammonium-N,9,0.06806362156467714
y_hat_test,Ammonium-N,9,0.06484182478031994
y_hat_test,Ammonium-N,9,0.07029071896008889
y_hat_test,Ammonium-N,9,0.07109826993421926
y_hat_test,Ammonium-N,9,0.051840376795871126
y_hat_test,Ammonium-N,9,0.07523555109190916
y_hat_test,Ammonium-N,9,0.07367513145058757
y_hat_test,Ammonium-N,9,0.07379919899870756
y_hat_test,Ammonium-N,9,0.06920557650597817
y_hat_test,Ammonium-N,9,0.0728853987965748
y_hat_test,Ammonium-N,9,0.07252730234463049
y_hat_test,Ammonium-N,9,0.06685375716483508
y_hat_test,Ammonium-N,9,0.07067693172032981
y_hat_test,Ammonium-N,9,0.07181401005187929
y_hat_test,Ammonium-N,9,0.07362946727747437
y_hat_test,Ammonium-N,9,0.05446404529694338
y_hat_test,Ammonium-N,9,0.06933763968243122
y_hat_train,Ammonium-N,9,0.07287414010116879
y_hat_train,Ammonium-N,9,0.06907997467839061
y_hat_train,Ammonium-N,9,0.06037706840441255
y_hat_train,Ammonium-N,9,0.07336226964575274
y_hat_train,Ammonium-N,9,0.07032497392460764
y_hat_train,Ammonium-N,9,0.057853677056056985
y_hat_train,Ammonium-N,9,0.06859393062645325
y_hat_train,Ammonium-N,9,0.07342056608616085
y_hat_train,Ammonium-N,9,0.07244013176166902
y_hat_train,Ammonium-N,9,0.07067824312129997
y_hat_train,Ammonium-N,9,0.07287319004530712
y_hat_train,Ammonium-N,9,0.05440629546627479
y_hat_train,Ammonium-N,9,0.07152990874289836
y_hat_train,Ammonium-N,9,0.0699788859469177
y_hat_train,Ammonium-N,9,0.06914308367661565
y_hat_train,Ammonium-N,9,0.06142182734571282
y_hat_train,Ammonium-N,9,0.07206263192324946
y_hat_train,Ammonium-N,9,0.07342301788509945
y_hat_train,Ammonium-N,9,0.07413167188959939
y_hat_train,Ammonium-N,9,0.0716348138846548
y_hat_train,Ammonium-N,9,0.06888732864629331
y_hat_train,Ammonium-N,9,0.07511275808527153
y_hat_train,Ammonium-N,9,0.06614016956928606
y_hat_train,Ammonium-N,9,0.062404375434184874
y_hat_train,Ammonium-N,9,0.07350878491543238
y_hat_train,Ammonium-N,9,0.06857348793550441
y_hat_train,Ammonium-N,9,0.07122213818635291
y_hat_train,Ammonium-N,9,0.07368662375030881
y_hat_train,Ammonium-N,9,0.06989811017118942
y_hat_train,Ammonium-N,9,0.07030454473045011
y_hat_train,Ammonium-N,9,0.06352499937594103
y_hat_train,Ammonium-N,9,0.07325226704311705
y_hat_train,Ammonium-N,9,0.07467298159162689
y_hat_train,Ammonium-N,9,0.07157571436427541
y_hat_train,Ammonium-N,9,0.0737769443807379
y_hat_train,Ammonium-N,9,0.0702616455646505
y_hat_train,Ammonium-N,9,0.06815665574176454
y_hat_train,Ammonium-N,9,0.07301037320306769
y_hat_train,Ammonium-N,9,0.068750015375352
y_hat_train,Ammonium-N,9,0.05122543197005859
y_hat_train,Ammonium-N,9,0.059453958353190076
y_hat_train,Ammonium-N,9,0.06702941583541219
y_hat_train,Ammonium-N,9,0.07554448386829812
y_hat_train,Ammonium-N,9,0.07274311354148669
y_hat_train,Ammonium-N,9,0.060910841848586375
y_hat_train,Ammonium-N,9,0.06830783984264828
y_hat_train,Ammonium-N,9,0.06902417798403084
y_hat_train,Ammonium-N,9,0.0682097877595655
y_hat_train,Ammonium-N,9,0.07050288445712226
y_hat_train,Ammonium-N,9,0.07174099494835505
y_hat_train,Ammonium-N,9,0.07089684749579311
y_hat_train,Ammonium-N,9,0.07215623594422095
y_hat_train,Ammonium-N,9,0.07275731033880371
y_hat_train,Ammonium-N,9,0.0699014124212524
y_hat_train,Ammonium-N,9,0.07011712460996775
y_hat_train,Ammonium-N,9,0.07080791839219304
y_hat_train,Ammonium-N,9,0.07237539087352023
y_hat_train,Ammonium-N,9,0.07216530560258329
y_hat_train,Ammonium-N,9,0.07294221335262092
y_hat_train,Ammonium-N,9,0.0696582161736948
y_hat_train,Ammonium-N,9,0.06728619256825483
y_hat_train,Ammonium-N,9,0.06264271536070198
y_hat_train,Ammonium-N,9,0.07333069253628752
y_hat_train,Ammonium-N,9,0.0733478333899413
y_hat_train,Ammonium-N,9,0.07200525041163985
y_hat_train,Ammonium-N,9,0.07076063241997652
y_hat_train,Ammonium-N,9,0.06872147101309758
y_hat_train,Ammonium-N,9,0.07446745641695132
y_hat_train,Ammonium-N,9,0.07201067999739842
y_hat_train,Ammonium-N,9,0.07309291309036346
y_hat_train,Ammonium-N,9,0.059575998736486266
y_hat_train,Ammonium-N,9,0.07614702455450606
y_hat_train,Ammonium-N,9,0.06891538371207787
y_hat_train,Ammonium-N,9,0.069940175075246
y_hat_train,Ammonium-N,9,0.07317062209029455
y_hat_train,Ammonium-N,9,0.07201241598583773
y_hat_train,Ammonium-N,9,0.07498283957017593
y_hat_train,Ammonium-N,9,0.07372968347564283
y_hat_train,Ammonium-N,9,0.07311211671993863
y_hat_train,Ammonium-N,9,0.06898852198855557
y_hat_train,Ammonium-N,9,0.05107950791755675
y_hat_train,Ammonium-N,9,0.0688626259851145
y_hat_train,Ammonium-N,9,0.07076901575208248
y_hat_train,Ammonium-N,9,0.07035460672379687
y_hat_train,Ammonium-N,9,0.06860286696511429
y_hat_train,Ammonium-N,9,0.07297773165010324
y_hat_train,Ammonium-N,9,0.07187861861313971
y_hat_train,Ammonium-N,9,0.06608683030716647
y_hat_train,Ammonium-N,9,0.052914762756440116
y_hat_train,Ammonium-N,9,0.06912963667255587
y_hat_train,Ammonium-N,9,0.0724215937627618
y_hat_train,Ammonium-N,9,0.07305736735195432
y_hat_train,Ammonium-N,9,0.07118188241275107
y_hat_train,Ammonium-N,9,0.06955968356024624
y_hat_train,Ammonium-N,9,0.07476306320366526
y_hat_train,Ammonium-N,9,0.07210969193218378
y_hat_train,Ammonium-N,9,0.05696925520968094
y_hat_train,Ammonium-N,9,0.06461100399022135
y_hat_train,Ammonium-N,9,0.056984643060765
y_hat_train,Ammonium-N,9,0.07024738391920521
y_hat_train,Ammonium-N,9,0.07216561313642082
y_hat_train,Ammonium-N,9,0.05888986736945991
y_hat_train,Ammonium-N,9,0.07304993338522388
y_hat_train,Ammonium-N,9,0.06601431463821969
y_hat_train,Ammonium-N,9,0.07149963572028309
y_true_train,Ammonium-N,9,0.7161
y_true_train,Ammonium-N,9,0.022549305
y_true_train,Ammonium-N,9,0.017558316
y_true_train,Ammonium-N,9,0.022166667
y_true_train,Ammonium-N,9,0.007810801
y_true_train,Ammonium-N,9,0.017890737
y_true_train,Ammonium-N,9,0.253366667
y_true_train,Ammonium-N,9,0.0175
y_true_train,Ammonium-N,9,0.101033333
y_true_train,Ammonium-N,9,0.013633333
y_true_train,Ammonium-N,9,0.006433333
y_true_train,Ammonium-N,9,0.122533333
y_true_train,Ammonium-N,9,0.10513478
y_true_train,Ammonium-N,9,0.0311
y_true_train,Ammonium-N,9,0.011766667
y_true_train,Ammonium-N,9,0.0235
y_true_train,Ammonium-N,9,0.380266667
y_true_train,Ammonium-N,9,0.025666667
y_true_train,Ammonium-N,9,0.0149
y_true_train,Ammonium-N,9,0.2993
y_true_train,Ammonium-N,9,0.014438093
y_true_train,Ammonium-N,9,0.174233333
y_true_train,Ammonium-N,9,0.0673
y_true_train,Ammonium-N,9,0.050533333
y_true_train,Ammonium-N,9,0.0198
y_true_train,Ammonium-N,9,0.0235
y_true_train,Ammonium-N,9,0.043166667
y_true_train,Ammonium-N,9,0.0491
y_true_train,Ammonium-N,9,0.007166791
y_true_train,Ammonium-N,9,0.023441081
y_true_train,Ammonium-N,9,0.019033333
y_true_train,Ammonium-N,9,0.0255
y_true_train,Ammonium-N,9,0.004291076
y_true_train,Ammonium-N,9,0.0134
y_true_train,Ammonium-N,9,0.039266667
y_true_train,Ammonium-N,9,0.113816043
y_true_train,Ammonium-N,9,0.020533333
y_true_train,Ammonium-N,9,0.025666667
y_true_train,Ammonium-N,9,0.08343562
y_true_train,Ammonium-N,9,0.016837803
y_true_train,Ammonium-N,9,0.110989659
y_true_train,Ammonium-N,9,0.026266667
y_true_train,Ammonium-N,9,0.007646588
y_true_train,Ammonium-N,9,0.017633333
y_true_train,Ammonium-N,9,0.041333333
y_true_train,Ammonium-N,9,0.012937725
y_true_train,Ammonium-N,9,0.03337575
y_true_train,Ammonium-N,9,0.013033333
y_true_train,Ammonium-N,9,0.035133333
y_true_train,Ammonium-N,9,0.0191
y_true_train,Ammonium-N,9,0.050433333
y_true_train,Ammonium-N,9,0.049
y_true_train,Ammonium-N,9,0.262866667
y_true_train,Ammonium-N,9,0.089046085
y_true_train,Ammonium-N,9,0.035133333
y_true_train,Ammonium-N,9,0.015833333
y_true_train,Ammonium-N,9,0.042033333
y_true_train,Ammonium-N,9,0.0393
y_true_train,Ammonium-N,9,0.090733333
y_true_train,Ammonium-N,9,0.021233333
y_true_train,Ammonium-N,9,0.289433333
y_true_train,Ammonium-N,9,0.0254
y_true_train,Ammonium-N,9,0.0148
y_true_train,Ammonium-N,9,0.094333333
y_true_train,Ammonium-N,9,0.101468935
y_true_train,Ammonium-N,9,0.332333333
y_true_train,Ammonium-N,9,0.0229
y_true_train,Ammonium-N,9,0.008786351
y_true_train,Ammonium-N,9,0.049066667
y_true_train,Ammonium-N,9,0.217466667
y_true_train,Ammonium-N,9,0.011533333
y_true_train,Ammonium-N,9,0.104686248
y_true_train,Ammonium-N,9,0.008033333
y_true_train,Ammonium-N,9,0.044766667
y_true_train,Ammonium-N,9,0.0175
y_true_train,Ammonium-N,9,0.042333333
y_true_train,Ammonium-N,9,0.0377
y_true_train,Ammonium-N,9,0.017273802
y_true_train,Ammonium-N,9,0.042633333
y_true_train,Ammonium-N,9,0.014438093
y_true_train,Ammonium-N,9,0.064266667
y_true_train,Ammonium-N,9,0.3012
y_true_train,Ammonium-N,9,0.018033333
y_true_train,Ammonium-N,9,0.107070292
y_true_train,Ammonium-N,9,0.0142
y_true_train,Ammonium-N,9,0.0301
y_true_train,Ammonium-N,9,0.025966667
y_true_train,Ammonium-N,9,0.1658
y_true_train,Ammonium-N,9,0.013333333
y_true_train,Ammonium-N,9,0.298466667
y_true_train,Ammonium-N,9,0.012433333
y_true_train,Ammonium-N,9,0.019933333
y_true_train,Ammonium-N,9,0.044766667
y_true_train,Ammonium-N,9,0.110066667
y_true_train,Ammonium-N,9,0.007166791
y_true_train,Ammonium-N,9,0.020366667
y_true_train,Ammonium-N,9,0.139659083
y_true_train,Ammonium-N,9,0.012570289
y_true_train,Ammonium-N,9,0.0184
y_true_train,Ammonium-N,9,0.102719052
y_true_train,Ammonium-N,9,0.0046
y_true_train,Ammonium-N,9,0.103817696
y_true_train,Ammonium-N,9,0.033733333
y_true_train,Ammonium-N,9,0.004
y_true_train,Ammonium-N,9,0.041933333
y_true_test,Ammonium-N,9,0.013835059
y_true_test,Ammonium-N,9,0.067433333
y_true_test,Ammonium-N,9,0.015666667
y_true_test,Ammonium-N,9,0.007433333
y_true_test,Ammonium-N,9,0.010354731
y_true_test,Ammonium-N,9,0.0235
y_true_test,Ammonium-N,9,0.030533333
y_true_test,Ammonium-N,9,0.2686
y_true_test,Ammonium-N,9,0.023441081
y_true_test,Ammonium-N,9,0.4519
y_true_test,Ammonium-N,9,0.015166667
y_true_test,Ammonium-N,9,0.11883142
y_true_test,Ammonium-N,9,0.001266667
y_true_test,Ammonium-N,9,0.040266667
y_true_test,Ammonium-N,9,0.139659083
y_true_test,Ammonium-N,9,0.018225094
y_true_test,Ammonium-N,9,0.034066667
y_true_test,Ammonium-N,9,0.099783572
y_true_test,Ammonium-N,9,0.018166667
y_true_test,Ammonium-N,9,0.020533333
y_true_test,Ammonium-N,9,0.067166667
y_true_test,Ammonium-N,9,0.0221
y_true_test,Ammonium-N,9,0.027433333
y_true_test,Ammonium-N,9,0.0164
y_true_test,Ammonium-N,9,0.1929
y_true_test,Ammonium-N,9,0.036566667
y_true_test,Ammonium-N,9,0.011876873
y_true_test,Ammonium-N,9,0.030166667
y_true_test,Ammonium-N,9,0.270233333
y_true_test,Ammonium-N,9,0.035366667
y_true_test,Ammonium-N,9,0.0067
y_true_test,Ammonium-N,9,0.130166667
y_true_test,Ammonium-N,9,0.0216
y_true_test,Ammonium-N,9,0.004922582
y_true_test,Ammonium-N,9,0.174233333
y_true_test,Ammonium-N,9,0.01610167
y_true_test,Ammonium-N,9,0.044866667
y_true_test,Ammonium-N,9,0.026887548
y_true_test,Ammonium-N,9,0.0249
y_true_test,Ammonium-N,9,0.318833333
y_true_test,Ammonium-N,9,0.006266667
y_true_test,Ammonium-N,9,0.0189
y_true_test,Ammonium-N,9,0.116224337
y_true_test,Ammonium-N,9,0.007133357
y_true_test,Ammonium-N,9,0.0064
y_true_test,Ammonium-N,9,0.004
test_ind,Ammonium-N,9,188.0
test_ind,Ammonium-N,9,395.0
test_ind,Ammonium-N,9,300.0
test_ind,Ammonium-N,9,258.0
test_ind,Ammonium-N,9,138.0
test_ind,Ammonium-N,9,75.0
test_ind,Ammonium-N,9,52.0
test_ind,Ammonium-N,9,8.0
test_ind,Ammonium-N,9,175.0
test_ind,Ammonium-N,9,16.0
test_ind,Ammonium-N,9,51.0
test_ind,Ammonium-N,9,172.0
test_ind,Ammonium-N,9,247.0
test_ind,Ammonium-N,9,292.0
test_ind,Ammonium-N,9,77.0
test_ind,Ammonium-N,9,194.0
test_ind,Ammonium-N,9,64.0
test_ind,Ammonium-N,9,123.0
test_ind,Ammonium-N,9,250.0
test_ind,Ammonium-N,9,100.0
test_ind,Ammonium-N,9,57.0
test_ind,Ammonium-N,9,55.0
test_ind,Ammonium-N,9,270.0
test_ind,Ammonium-N,9,41.0
test_ind,Ammonium-N,9,370.0
test_ind,Ammonium-N,9,237.0
test_ind,Ammonium-N,9,94.0
test_ind,Ammonium-N,9,389.0
test_ind,Ammonium-N,9,15.0
test_ind,Ammonium-N,9,373.0
test_ind,Ammonium-N,9,248.0
test_ind,Ammonium-N,9,312.0
test_ind,Ammonium-N,9,48.0
test_ind,Ammonium-N,9,164.0
test_ind,Ammonium-N,9,191.0
test_ind,Ammonium-N,9,212.0
test_ind,Ammonium-N,9,236.0
test_ind,Ammonium-N,9,98.0
test_ind,Ammonium-N,9,268.0
test_ind,Ammonium-N,9,14.0
test_ind,Ammonium-N,9,36.0
test_ind,Ammonium-N,9,249.0
test_ind,Ammonium-N,9,217.0
test_ind,Ammonium-N,9,95.0
test_ind,Ammonium-N,9,257.0
test_ind,Ammonium-N,9,165.0
train_ind,Ammonium-N,9,12.0
train_ind,Ammonium-N,9,167.0
train_ind,Ammonium-N,9,72.0
train_ind,Ammonium-N,9,266.0
train_ind,Ammonium-N,9,168.0
train_ind,Ammonium-N,9,104.0
train_ind,Ammonium-N,9,17.0
train_ind,Ammonium-N,9,121.0
train_ind,Ammonium-N,9,315.0
train_ind,Ammonium-N,9,392.0
train_ind,Ammonium-N,9,269.0
train_ind,Ammonium-N,9,306.0
train_ind,Ammonium-N,9,193.0
train_ind,Ammonium-N,9,42.0
train_ind,Ammonium-N,9,361.0
train_ind,Ammonium-N,9,76.0
train_ind,Ammonium-N,9,6.0
train_ind,Ammonium-N,9,215.0
train_ind,Ammonium-N,9,281.0
train_ind,Ammonium-N,9,20.0
train_ind,Ammonium-N,9,125.0
train_ind,Ammonium-N,9,190.0
train_ind,Ammonium-N,9,372.0
train_ind,Ammonium-N,9,243.0
train_ind,Ammonium-N,9,274.0
train_ind,Ammonium-N,9,74.0
train_ind,Ammonium-N,9,65.0
train_ind,Ammonium-N,9,233.0
train_ind,Ammonium-N,9,219.0
train_ind,Ammonium-N,9,174.0
train_ind,Ammonium-N,9,28.0
train_ind,Ammonium-N,9,265.0
train_ind,Ammonium-N,9,213.0
train_ind,Ammonium-N,9,291.0
train_ind,Ammonium-N,9,238.0
train_ind,Ammonium-N,9,192.0
train_ind,Ammonium-N,9,101.0
train_ind,Ammonium-N,9,216.0
train_ind,Ammonium-N,9,218.0
train_ind,Ammonium-N,9,80.0
train_ind,Ammonium-N,9,79.0
train_ind,Ammonium-N,9,374.0
train_ind,Ammonium-N,9,139.0
train_ind,Ammonium-N,9,381.0
train_ind,Ammonium-N,9,59.0
train_ind,Ammonium-N,9,145.0
train_ind,Ammonium-N,9,99.0
train_ind,Ammonium-N,9,29.0
train_ind,Ammonium-N,9,170.0
train_ind,Ammonium-N,9,293.0
train_ind,Ammonium-N,9,378.0
train_ind,Ammonium-N,9,69.0
train_ind,Ammonium-N,9,3.0
train_ind,Ammonium-N,9,143.0
train_ind,Ammonium-N,9,171.0
train_ind,Ammonium-N,9,260.0
train_ind,Ammonium-N,9,279.0
train_ind,Ammonium-N,9,61.0
train_ind,Ammonium-N,9,311.0
train_ind,Ammonium-N,9,49.0
train_ind,Ammonium-N,9,11.0
train_ind,Ammonium-N,9,278.0
train_ind,Ammonium-N,9,34.0
train_ind,Ammonium-N,9,305.0
train_ind,Ammonium-N,9,173.0
train_ind,Ammonium-N,9,2.0
train_ind,Ammonium-N,9,390.0
train_ind,Ammonium-N,9,119.0
train_ind,Ammonium-N,9,244.0
train_ind,Ammonium-N,9,9.0
train_ind,Ammonium-N,9,382.0
train_ind,Ammonium-N,9,103.0
train_ind,Ammonium-N,9,386.0
train_ind,Ammonium-N,9,142.0
train_ind,Ammonium-N,9,122.0
train_ind,Ammonium-N,9,262.0
train_ind,Ammonium-N,9,232.0
train_ind,Ammonium-N,9,187.0
train_ind,Ammonium-N,9,67.0
train_ind,Ammonium-N,9,126.0
train_ind,Ammonium-N,9,385.0
train_ind,Ammonium-N,9,27.0
train_ind,Ammonium-N,9,252.0
train_ind,Ammonium-N,9,102.0
train_ind,Ammonium-N,9,391.0
train_ind,Ammonium-N,9,284.0
train_ind,Ammonium-N,9,39.0
train_ind,Ammonium-N,9,304.0
train_ind,Ammonium-N,9,38.0
train_ind,Ammonium-N,9,23.0
train_ind,Ammonium-N,9,287.0
train_ind,Ammonium-N,9,295.0
train_ind,Ammonium-N,9,141.0
train_ind,Ammonium-N,9,302.0
train_ind,Ammonium-N,9,220.0
train_ind,Ammonium-N,9,280.0
train_ind,Ammonium-N,9,78.0
train_ind,Ammonium-N,9,136.0
train_ind,Ammonium-N,9,43.0
train_ind,Ammonium-N,9,144.0
train_ind,Ammonium-N,9,298.0
train_ind,Ammonium-N,9,124.0
train_ind,Ammonium-N,9,398.0
train_ind,Ammonium-N,9,231.0
train_ind,Ammonium-N,9,299.0
test_rsq,Ammonium-N,9,-0.021870690973279316
train_rsq,Ammonium-N,9,0.0027668089352187453
test_rmse,Ammonium-N,9,0.09602472940041237
train_rmse,Ammonium-N,9,0.10212813564416619
test_mape,Ammonium-N,9,408.51455082616417
train_mape,Ammonium-N,9,250.99543487296668
n_comp,Ammonium-N,9,1.0
y_hat_test,Ammonium-N,10,0.09996554357863435
y_hat_test,Ammonium-N,10,0.057811755143282115
y_hat_test,Ammonium-N,10,0.06352506646015421
y_hat_test,Ammonium-N,10,0.062390378053199705
y_hat_test,Ammonium-N,10,0.10494348001599116
y_hat_test,Ammonium-N,10,0.10957315284305255
y_hat_test,Ammonium-N,10,0.07884856347448974
y_hat_test,Ammonium-N,10,0.13053801379338376
y_hat_test,Ammonium-N,10,0.0664084310119515
y_hat_test,Ammonium-N,10,0.08038632611779342
y_hat_test,Ammonium-N,10,0.13511210043703906
y_hat_test,Ammonium-N,10,0.11543578506388036
y_hat_test,Ammonium-N,10,0.006156334825688323
y_hat_test,Ammonium-N,10,0.09737113929872819
y_hat_test,Ammonium-N,10,0.05969953032009581
y_hat_test,Ammonium-N,10,0.06249281087442661
y_hat_test,Ammonium-N,10,0.0773158111891557
y_hat_test,Ammonium-N,10,0.05748870595535582
y_hat_test,Ammonium-N,10,0.050345644463452355
y_hat_test,Ammonium-N,10,0.12360054718749747
y_hat_test,Ammonium-N,10,0.1263120100178553
y_hat_test,Ammonium-N,10,0.03672389787663394
y_hat_test,Ammonium-N,10,0.08652216105912668
y_hat_test,Ammonium-N,10,0.06366613025303856
y_hat_test,Ammonium-N,10,0.07836712268337408
y_hat_test,Ammonium-N,10,0.049956999954568676
y_hat_test,Ammonium-N,10,0.06972164964040965
y_hat_test,Ammonium-N,10,0.0543707649143718
y_hat_test,Ammonium-N,10,0.04721811634565625
y_hat_test,Ammonium-N,10,0.1147678545336634
y_hat_test,Ammonium-N,10,0.06705335135266265
y_hat_test,Ammonium-N,10,0.01863571280353153
y_hat_test,Ammonium-N,10,0.040094664804746404
y_hat_test,Ammonium-N,10,0.10365016104713141
y_hat_test,Ammonium-N,10,0.08335263152677075
y_hat_test,Ammonium-N,10,0.10144668267136037
y_hat_test,Ammonium-N,10,0.06527491995421485
y_hat_test,Ammonium-N,10,0.11123909735939512
y_hat_test,Ammonium-N,10,0.03446892107280682
y_hat_test,Ammonium-N,10,0.066676564664071
y_hat_test,Ammonium-N,10,0.06864134912281838
y_hat_test,Ammonium-N,10,0.13086563319452
y_hat_test,Ammonium-N,10,0.10873082681163442
y_hat_test,Ammonium-N,10,0.07734156678121082
y_hat_test,Ammonium-N,10,0.06861327974209912
y_hat_test,Ammonium-N,10,0.07761789582234463
y_hat_train,Ammonium-N,10,0.08293889804063534
y_hat_train,Ammonium-N,10,0.07884878576592987
y_hat_train,Ammonium-N,10,0.06019114156558472
y_hat_train,Ammonium-N,10,0.07682956458214128
y_hat_train,Ammonium-N,10,0.03743741035179807
y_hat_train,Ammonium-N,10,0.09077109166300495
y_hat_train,Ammonium-N,10,0.045532072442096894
y_hat_train,Ammonium-N,10,0.09481115084687704
y_hat_train,Ammonium-N,10,0.09635455351612972
y_hat_train,Ammonium-N,10,0.060032175238055534
y_hat_train,Ammonium-N,10,0.027048295878228247
y_hat_train,Ammonium-N,10,0.10009923385697504
y_hat_train,Ammonium-N,10,0.06106713842663281
y_hat_train,Ammonium-N,10,0.009101425689866896
y_hat_train,Ammonium-N,10,0.05944393756526521
y_hat_train,Ammonium-N,10,0.09266356908222434
y_hat_train,Ammonium-N,10,0.11095496318596185
y_hat_train,Ammonium-N,10,0.07827445125275286
y_hat_train,Ammonium-N,10,0.0590241338978746
y_hat_train,Ammonium-N,10,0.07683092397323099
y_hat_train,Ammonium-N,10,0.08944313068932828
y_hat_train,Ammonium-N,10,0.040161064016351715
y_hat_train,Ammonium-N,10,0.082283585368478
y_hat_train,Ammonium-N,10,0.040576926598683165
y_hat_train,Ammonium-N,10,0.09664940419499526
y_hat_train,Ammonium-N,10,0.12175175145779629
y_hat_train,Ammonium-N,10,0.08763070281886591
y_hat_train,Ammonium-N,10,0.03338728642691294
y_hat_train,Ammonium-N,10,0.07694668870761774
y_hat_train,Ammonium-N,10,0.05696475839299656
y_hat_train,Ammonium-N,10,0.06907578899150506
y_hat_train,Ammonium-N,10,0.10694822149888615
y_hat_train,Ammonium-N,10,0.06713928631382352
y_hat_train,Ammonium-N,10,0.02758824077413831
y_hat_train,Ammonium-N,10,0.08858729853108492
y_hat_train,Ammonium-N,10,0.07774085299099487
y_hat_train,Ammonium-N,10,0.06703411391906001
y_hat_train,Ammonium-N,10,0.0891676329272224
y_hat_train,Ammonium-N,10,0.07195483767216633
y_hat_train,Ammonium-N,10,0.09936815558113463
y_hat_train,Ammonium-N,10,0.0921116575638391
y_hat_train,Ammonium-N,10,0.10714216940627752
y_hat_train,Ammonium-N,10,0.1006206463632966
y_hat_train,Ammonium-N,10,0.11565571681321382
y_hat_train,Ammonium-N,10,0.05939983924484603
y_hat_train,Ammonium-N,10,0.05201389879013212
y_hat_train,Ammonium-N,10,0.09727805310647061
y_hat_train,Ammonium-N,10,0.06549794290683485
y_hat_train,Ammonium-N,10,0.040301507353463564
y_hat_train,Ammonium-N,10,0.08611816489292706
y_hat_train,Ammonium-N,10,0.008732621758719611
y_hat_train,Ammonium-N,10,0.09750617275227808
y_hat_train,Ammonium-N,10,0.047046337408366154
y_hat_train,Ammonium-N,10,0.07693032064699305
y_hat_train,Ammonium-N,10,0.05892182448011418
y_hat_train,Ammonium-N,10,0.08065186962268463
y_hat_train,Ammonium-N,10,0.048755842134752564
y_hat_train,Ammonium-N,10,0.08403213994300635
y_hat_train,Ammonium-N,10,0.09082095263117305
y_hat_train,Ammonium-N,10,0.040967820999843155
y_hat_train,Ammonium-N,10,0.06128866531741407
y_hat_train,Ammonium-N,10,0.06041968732259633
y_hat_train,Ammonium-N,10,0.08659386748283678
y_hat_train,Ammonium-N,10,0.0712563982947591
y_hat_train,Ammonium-N,10,0.022927529954173916
y_hat_train,Ammonium-N,10,0.0812427090387888
y_hat_train,Ammonium-N,10,0.04286595502344302
y_hat_train,Ammonium-N,10,0.09140857926342387
y_hat_train,Ammonium-N,10,0.08639246843232194
y_hat_train,Ammonium-N,10,0.07278694220221923
y_hat_train,Ammonium-N,10,0.07113393510458842
y_hat_train,Ammonium-N,10,0.07021479388755429
y_hat_train,Ammonium-N,10,0.09545829319761806
y_hat_train,Ammonium-N,10,0.08110756860173608
y_hat_train,Ammonium-N,10,0.0750841117936204
y_hat_train,Ammonium-N,10,0.11256350967686876
y_hat_train,Ammonium-N,10,0.11516067410951568
y_hat_train,Ammonium-N,10,0.08840839477586061
y_hat_train,Ammonium-N,10,0.0872443702487563
y_hat_train,Ammonium-N,10,0.06375549761874966
y_hat_train,Ammonium-N,10,0.06675738895508748
y_hat_train,Ammonium-N,10,0.05685549120547374
y_hat_train,Ammonium-N,10,0.07988395514392091
y_hat_train,Ammonium-N,10,0.08814824915260552
y_hat_train,Ammonium-N,10,0.06544434973871639
y_hat_train,Ammonium-N,10,0.04383642424498782
y_hat_train,Ammonium-N,10,0.08147999468081532
y_hat_train,Ammonium-N,10,0.08364364395263015
y_hat_train,Ammonium-N,10,0.06231564919988908
y_hat_train,Ammonium-N,10,0.09675367284630991
y_hat_train,Ammonium-N,10,0.10333171137664038
y_hat_train,Ammonium-N,10,0.046233858626615505
y_hat_train,Ammonium-N,10,0.06493683714838616
y_hat_train,Ammonium-N,10,0.08023491592732689
y_hat_train,Ammonium-N,10,0.0649692862042949
y_hat_train,Ammonium-N,10,0.09202561566597174
y_hat_train,Ammonium-N,10,0.03736887159294885
y_hat_train,Ammonium-N,10,0.06747654681151377
y_hat_train,Ammonium-N,10,0.06763103527590276
y_hat_train,Ammonium-N,10,0.09667595827875955
y_hat_train,Ammonium-N,10,0.08767009505615847
y_hat_train,Ammonium-N,10,0.09973971687055526
y_hat_train,Ammonium-N,10,0.024244994186844178
y_hat_train,Ammonium-N,10,0.07206239742491816
y_hat_train,Ammonium-N,10,0.10314604557334127
y_true_train,Ammonium-N,10,0.008786351
y_true_train,Ammonium-N,10,0.036566667
y_true_train,Ammonium-N,10,0.007810801
y_true_train,Ammonium-N,10,0.022166667
y_true_train,Ammonium-N,10,0.019933333
y_true_train,Ammonium-N,10,0.015666667
y_true_train,Ammonium-N,10,0.007433333
y_true_train,Ammonium-N,10,0.099783572
y_true_train,Ammonium-N,10,0.013835059
y_true_train,Ammonium-N,10,0.017890737
y_true_train,Ammonium-N,10,0.019033333
y_true_train,Ammonium-N,10,0.020533333
y_true_train,Ammonium-N,10,0.0142
y_true_train,Ammonium-N,10,0.0164
y_true_train,Ammonium-N,10,0.035366667
y_true_train,Ammonium-N,10,0.041333333
y_true_train,Ammonium-N,10,0.2686
y_true_train,Ammonium-N,10,0.101033333
y_true_train,Ammonium-N,10,0.049066667
y_true_train,Ammonium-N,10,0.017633333
y_true_train,Ammonium-N,10,0.0235
y_true_train,Ammonium-N,10,0.050433333
y_true_train,Ammonium-N,10,0.026887548
y_true_train,Ammonium-N,10,0.018225094
y_true_train,Ammonium-N,10,0.035133333
y_true_train,Ammonium-N,10,0.016837803
y_true_train,Ammonium-N,10,0.0198
y_true_train,Ammonium-N,10,0.090733333
y_true_train,Ammonium-N,10,0.020366667
y_true_train,Ammonium-N,10,0.044866667
y_true_train,Ammonium-N,10,0.042333333
y_true_train,Ammonium-N,10,0.7161
y_true_train,Ammonium-N,10,0.050533333
y_true_train,Ammonium-N,10,0.0255
y_true_train,Ammonium-N,10,0.094333333
y_true_train,Ammonium-N,10,0.049
y_true_train,Ammonium-N,10,0.1658
y_true_train,Ammonium-N,10,0.104686248
y_true_train,Ammonium-N,10,0.039266667
y_true_train,Ammonium-N,10,0.217466667
y_true_train,Ammonium-N,10,0.289433333
y_true_train,Ammonium-N,10,0.007133357
y_true_train,Ammonium-N,10,0.01610167
y_true_train,Ammonium-N,10,0.122533333
y_true_train,Ammonium-N,10,0.018033333
y_true_train,Ammonium-N,10,0.023441081
y_true_train,Ammonium-N,10,0.318833333
y_true_train,Ammonium-N,10,0.03337575
y_true_train,Ammonium-N,10,0.006266667
y_true_train,Ammonium-N,10,0.0064
y_true_train,Ammonium-N,10,0.0189
y_true_train,Ammonium-N,10,0.035133333
y_true_train,Ammonium-N,10,0.174233333
y_true_train,Ammonium-N,10,0.0249
y_true_train,Ammonium-N,10,0.013633333
y_true_train,Ammonium-N,10,0.033733333
y_true_train,Ammonium-N,10,0.011766667
y_true_train,Ammonium-N,10,0.101468935
y_true_train,Ammonium-N,10,0.067166667
y_true_train,Ammonium-N,10,0.2993
y_true_train,Ammonium-N,10,0.0491
y_true_train,Ammonium-N,10,0.0216
y_true_train,Ammonium-N,10,0.0184
y_true_train,Ammonium-N,10,0.110066667
y_true_train,Ammonium-N,10,0.0377
y_true_train,Ammonium-N,10,0.013333333
y_true_train,Ammonium-N,10,0.0221
y_true_train,Ammonium-N,10,0.0235
y_true_train,Ammonium-N,10,0.014438093
y_true_train,Ammonium-N,10,0.034066667
y_true_train,Ammonium-N,10,0.102719052
y_true_train,Ammonium-N,10,0.298466667
y_true_train,Ammonium-N,10,0.08343562
y_true_train,Ammonium-N,10,0.012433333
y_true_train,Ammonium-N,10,0.0393
y_true_train,Ammonium-N,10,0.025666667
y_true_train,Ammonium-N,10,0.004
y_true_train,Ammonium-N,10,0.041933333
y_true_train,Ammonium-N,10,0.015166667
y_true_train,Ammonium-N,10,0.026266667
y_true_train,Ammonium-N,10,0.3012
y_true_train,Ammonium-N,10,0.022549305
y_true_train,Ammonium-N,10,0.017273802
y_true_train,Ammonium-N,10,0.1929
y_true_train,Ammonium-N,10,0.0673
y_true_train,Ammonium-N,10,0.042633333
y_true_train,Ammonium-N,10,0.044766667
y_true_train,Ammonium-N,10,0.040266667
y_true_train,Ammonium-N,10,0.015833333
y_true_train,Ammonium-N,10,0.116224337
y_true_train,Ammonium-N,10,0.0175
y_true_train,Ammonium-N,10,0.001266667
y_true_train,Ammonium-N,10,0.0148
y_true_train,Ammonium-N,10,0.0254
y_true_train,Ammonium-N,10,0.139659083
y_true_train,Ammonium-N,10,0.332333333
y_true_train,Ammonium-N,10,0.11883142
y_true_train,Ammonium-N,10,0.270233333
y_true_train,Ammonium-N,10,0.0229
y_true_train,Ammonium-N,10,0.0191
y_true_train,Ammonium-N,10,0.027433333
y_true_train,Ammonium-N,10,0.089046085
y_true_train,Ammonium-N,10,0.013033333
y_true_train,Ammonium-N,10,0.0046
y_true_train,Ammonium-N,10,0.4519
y_true_test,Ammonium-N,10,0.004291076
y_true_test,Ammonium-N,10,0.006433333
y_true_test,Ammonium-N,10,0.253366667
y_true_test,Ammonium-N,10,0.130166667
y_true_test,Ammonium-N,10,0.0175
y_true_test,Ammonium-N,10,0.007646588
y_true_test,Ammonium-N,10,0.044766667
y_true_test,Ammonium-N,10,0.004
y_true_test,Ammonium-N,10,0.139659083
y_true_test,Ammonium-N,10,0.103817696
y_true_test,Ammonium-N,10,0.004922582
y_true_test,Ammonium-N,10,0.064266667
y_true_test,Ammonium-N,10,0.10513478
y_true_test,Ammonium-N,10,0.262866667
y_true_test,Ammonium-N,10,0.025966667
y_true_test,Ammonium-N,10,0.008033333
y_true_test,Ammonium-N,10,0.0134
y_true_test,Ammonium-N,10,0.0235
y_true_test,Ammonium-N,10,0.0311
y_true_test,Ammonium-N,10,0.017558316
y_true_test,Ammonium-N,10,0.007166791
y_true_test,Ammonium-N,10,0.030166667
y_true_test,Ammonium-N,10,0.014438093
y_true_test,Ammonium-N,10,0.021233333
y_true_test,Ammonium-N,10,0.011533333
y_true_test,Ammonium-N,10,0.380266667
y_true_test,Ammonium-N,10,0.0149
y_true_test,Ammonium-N,10,0.023441081
y_true_test,Ammonium-N,10,0.174233333
y_true_test,Ammonium-N,10,0.007166791
y_true_test,Ammonium-N,10,0.012570289
y_true_test,Ammonium-N,10,0.113816043
y_true_test,Ammonium-N,10,0.0067
y_true_test,Ammonium-N,10,0.067433333
y_true_test,Ammonium-N,10,0.042033333
y_true_test,Ammonium-N,10,0.020533333
y_true_test,Ammonium-N,10,0.012937725
y_true_test,Ammonium-N,10,0.025666667
y_true_test,Ammonium-N,10,0.0301
y_true_test,Ammonium-N,10,0.018166667
y_true_test,Ammonium-N,10,0.030533333
y_true_test,Ammonium-N,10,0.011876873
y_true_test,Ammonium-N,10,0.010354731
y_true_test,Ammonium-N,10,0.110989659
y_true_test,Ammonium-N,10,0.107070292
y_true_test,Ammonium-N,10,0.043166667
test_ind,Ammonium-N,10,213.0
test_ind,Ammonium-N,10,269.0
test_ind,Ammonium-N,10,17.0
test_ind,Ammonium-N,10,312.0
test_ind,Ammonium-N,10,121.0
test_ind,Ammonium-N,10,139.0
test_ind,Ammonium-N,10,142.0
test_ind,Ammonium-N,10,165.0
test_ind,Ammonium-N,10,77.0
test_ind,Ammonium-N,10,124.0
test_ind,Ammonium-N,10,164.0
test_ind,Ammonium-N,10,385.0
test_ind,Ammonium-N,10,193.0
test_ind,Ammonium-N,10,3.0
test_ind,Ammonium-N,10,39.0
test_ind,Ammonium-N,10,386.0
test_ind,Ammonium-N,10,291.0
test_ind,Ammonium-N,10,76.0
test_ind,Ammonium-N,10,42.0
test_ind,Ammonium-N,10,72.0
test_ind,Ammonium-N,10,220.0
test_ind,Ammonium-N,10,389.0
test_ind,Ammonium-N,10,126.0
test_ind,Ammonium-N,10,49.0
test_ind,Ammonium-N,10,382.0
test_ind,Ammonium-N,10,6.0
test_ind,Ammonium-N,10,281.0
test_ind,Ammonium-N,10,175.0
test_ind,Ammonium-N,10,190.0
test_ind,Ammonium-N,10,219.0
test_ind,Ammonium-N,10,136.0
test_ind,Ammonium-N,10,192.0
test_ind,Ammonium-N,10,248.0
test_ind,Ammonium-N,10,395.0
test_ind,Ammonium-N,10,279.0
test_ind,Ammonium-N,10,100.0
test_ind,Ammonium-N,10,145.0
test_ind,Ammonium-N,10,216.0
test_ind,Ammonium-N,10,284.0
test_ind,Ammonium-N,10,250.0
test_ind,Ammonium-N,10,52.0
test_ind,Ammonium-N,10,94.0
test_ind,Ammonium-N,10,138.0
test_ind,Ammonium-N,10,79.0
test_ind,Ammonium-N,10,102.0
test_ind,Ammonium-N,10,65.0
train_ind,Ammonium-N,10,119.0
train_ind,Ammonium-N,10,237.0
train_ind,Ammonium-N,10,168.0
train_ind,Ammonium-N,10,266.0
train_ind,Ammonium-N,10,295.0
train_ind,Ammonium-N,10,300.0
train_ind,Ammonium-N,10,258.0
train_ind,Ammonium-N,10,123.0
train_ind,Ammonium-N,10,188.0
train_ind,Ammonium-N,10,104.0
train_ind,Ammonium-N,10,28.0
train_ind,Ammonium-N,10,101.0
train_ind,Ammonium-N,10,391.0
train_ind,Ammonium-N,10,41.0
train_ind,Ammonium-N,10,373.0
train_ind,Ammonium-N,10,59.0
train_ind,Ammonium-N,10,8.0
train_ind,Ammonium-N,10,315.0
train_ind,Ammonium-N,10,244.0
train_ind,Ammonium-N,10,381.0
train_ind,Ammonium-N,10,75.0
train_ind,Ammonium-N,10,378.0
train_ind,Ammonium-N,10,98.0
train_ind,Ammonium-N,10,194.0
train_ind,Ammonium-N,10,171.0
train_ind,Ammonium-N,10,80.0
train_ind,Ammonium-N,10,274.0
train_ind,Ammonium-N,10,311.0
train_ind,Ammonium-N,10,280.0
train_ind,Ammonium-N,10,236.0
train_ind,Ammonium-N,10,262.0
train_ind,Ammonium-N,10,12.0
train_ind,Ammonium-N,10,243.0
train_ind,Ammonium-N,10,265.0
train_ind,Ammonium-N,10,305.0
train_ind,Ammonium-N,10,69.0
train_ind,Ammonium-N,10,304.0
train_ind,Ammonium-N,10,103.0
train_ind,Ammonium-N,10,238.0
train_ind,Ammonium-N,10,9.0
train_ind,Ammonium-N,10,11.0
train_ind,Ammonium-N,10,95.0
train_ind,Ammonium-N,10,212.0
train_ind,Ammonium-N,10,306.0
train_ind,Ammonium-N,10,252.0
train_ind,Ammonium-N,10,174.0
train_ind,Ammonium-N,10,14.0
train_ind,Ammonium-N,10,99.0
train_ind,Ammonium-N,10,36.0
train_ind,Ammonium-N,10,257.0
train_ind,Ammonium-N,10,249.0
train_ind,Ammonium-N,10,170.0
train_ind,Ammonium-N,10,191.0
train_ind,Ammonium-N,10,268.0
train_ind,Ammonium-N,10,392.0
train_ind,Ammonium-N,10,398.0
train_ind,Ammonium-N,10,361.0
train_ind,Ammonium-N,10,173.0
train_ind,Ammonium-N,10,57.0
train_ind,Ammonium-N,10,20.0
train_ind,Ammonium-N,10,233.0
train_ind,Ammonium-N,10,48.0
train_ind,Ammonium-N,10,43.0
train_ind,Ammonium-N,10,302.0
train_ind,Ammonium-N,10,232.0
train_ind,Ammonium-N,10,38.0
train_ind,Ammonium-N,10,55.0
train_ind,Ammonium-N,10,74.0
train_ind,Ammonium-N,10,125.0
train_ind,Ammonium-N,10,64.0
train_ind,Ammonium-N,10,144.0
train_ind,Ammonium-N,10,23.0
train_ind,Ammonium-N,10,218.0
train_ind,Ammonium-N,10,287.0
train_ind,Ammonium-N,10,61.0
train_ind,Ammonium-N,10,215.0
train_ind,Ammonium-N,10,231.0
train_ind,Ammonium-N,10,299.0
train_ind,Ammonium-N,10,51.0
train_ind,Ammonium-N,10,374.0
train_ind,Ammonium-N,10,27.0
train_ind,Ammonium-N,10,167.0
train_ind,Ammonium-N,10,187.0
train_ind,Ammonium-N,10,370.0
train_ind,Ammonium-N,10,372.0
train_ind,Ammonium-N,10,67.0
train_ind,Ammonium-N,10,141.0
train_ind,Ammonium-N,10,292.0
train_ind,Ammonium-N,10,260.0
train_ind,Ammonium-N,10,217.0
train_ind,Ammonium-N,10,122.0
train_ind,Ammonium-N,10,247.0
train_ind,Ammonium-N,10,34.0
train_ind,Ammonium-N,10,278.0
train_ind,Ammonium-N,10,78.0
train_ind,Ammonium-N,10,2.0
train_ind,Ammonium-N,10,172.0
train_ind,Ammonium-N,10,15.0
train_ind,Ammonium-N,10,390.0
train_ind,Ammonium-N,10,293.0
train_ind,Ammonium-N,10,270.0
train_ind,Ammonium-N,10,143.0
train_ind,Ammonium-N,10,29.0
train_ind,Ammonium-N,10,298.0
train_ind,Ammonium-N,10,16.0
test_rsq,Ammonium-N,10,-0.44405053210325574
train_rsq,Ammonium-N,10,0.04816277567682381
test_rmse,Ammonium-N,10,0.09348002695103229
train_rmse,Ammonium-N,10,0.10544021328332218
test_mape,Ammonium-N,10,504.49595881481525
train_mape,Ammonium-N,10,274.4818938190265
n_comp,Ammonium-N,10,3.0
y_hat_test,Ammonium-N,11,0.052566007446709556
y_hat_test,Ammonium-N,11,0.05781950446090656
y_hat_test,Ammonium-N,11,0.06101181788897065
y_hat_test,Ammonium-N,11,0.04550148183830541
y_hat_test,Ammonium-N,11,0.04612044421370486
y_hat_test,Ammonium-N,11,0.05010061005846289
y_hat_test,Ammonium-N,11,0.05735735969686837
y_hat_test,Ammonium-N,11,0.057887362523219014
y_hat_test,Ammonium-N,11,0.06114868816762518
y_hat_test,Ammonium-N,11,0.06168281321918003
y_hat_test,Ammonium-N,11,0.06106408297810453
y_hat_test,Ammonium-N,11,0.05852903226156579
y_hat_test,Ammonium-N,11,0.061351660209767754
y_hat_test,Ammonium-N,11,0.06067883707245325
y_hat_test,Ammonium-N,11,0.059959874253208506
y_hat_test,Ammonium-N,11,0.04969531071093369
y_hat_test,Ammonium-N,11,0.05855892248616162
y_hat_test,Ammonium-N,11,0.04459895046250515
y_hat_test,Ammonium-N,11,0.052877186840153884
y_hat_test,Ammonium-N,11,0.03993869638073198
y_hat_test,Ammonium-N,11,0.059667414313075935
y_hat_test,Ammonium-N,11,0.060231658284718666
y_hat_test,Ammonium-N,11,0.04742224678688786
y_hat_test,Ammonium-N,11,0.04559638596474116
y_hat_test,Ammonium-N,11,0.05863743402091353
y_hat_test,Ammonium-N,11,0.06001058498549692
y_hat_test,Ammonium-N,11,0.05793877245755004
y_hat_test,Ammonium-N,11,0.061841776121980184
y_hat_test,Ammonium-N,11,0.0617931852662562
y_hat_test,Ammonium-N,11,0.05929643261907745
y_hat_test,Ammonium-N,11,0.059173337690020464
y_hat_test,Ammonium-N,11,0.05652782588318937
y_hat_test,Ammonium-N,11,0.05913529783815364
y_hat_test,Ammonium-N,11,0.05902372168740016
y_hat_test,Ammonium-N,11,0.05131953932417727
y_hat_test,Ammonium-N,11,0.06174114143635564
y_hat_test,Ammonium-N,11,0.06102307927163298
y_hat_test,Ammonium-N,11,0.04828386972250133
y_hat_test,Ammonium-N,11,0.059310576275868915
y_hat_test,Ammonium-N,11,0.06326384880182266
y_hat_test,Ammonium-N,11,0.06466465928422653
y_hat_test,Ammonium-N,11,0.0611433192707248
y_hat_test,Ammonium-N,11,0.060946025152354
y_hat_test,Ammonium-N,11,0.06399085544392516
y_hat_test,Ammonium-N,11,0.05949107088817274
y_hat_test,Ammonium-N,11,0.05473867838799377
y_hat_train,Ammonium-N,11,0.058214604392653156
y_hat_train,Ammonium-N,11,0.050183500433015164
y_hat_train,Ammonium-N,11,0.06320578895600097
y_hat_train,Ammonium-N,11,0.05790179702061506
y_hat_train,Ammonium-N,11,0.06180670506740959
y_hat_train,Ammonium-N,11,0.058615187825745735
y_hat_train,Ammonium-N,11,0.05993159311673758
y_hat_train,Ammonium-N,11,0.059945353706171475
y_hat_train,Ammonium-N,11,0.06124429331305351
y_hat_train,Ammonium-N,11,0.04000187498193665
y_hat_train,Ammonium-N,11,0.06007760809583494
y_hat_train,Ammonium-N,11,0.062036750344025435
y_hat_train,Ammonium-N,11,0.05883360946777227
y_hat_train,Ammonium-N,11,0.05780332461108143
y_hat_train,Ammonium-N,11,0.053924255192333036
y_hat_train,Ammonium-N,11,0.05757157546199939
y_hat_train,Ammonium-N,11,0.0613366252504642
y_hat_train,Ammonium-N,11,0.057332409658265374
y_hat_train,Ammonium-N,11,0.06238847574291547
y_hat_train,Ammonium-N,11,0.061010007135183536
y_hat_train,Ammonium-N,11,0.06186896300607414
y_hat_train,Ammonium-N,11,0.05790335957776027
y_hat_train,Ammonium-N,11,0.04756897310657756
y_hat_train,Ammonium-N,11,0.05788989560100021
y_hat_train,Ammonium-N,11,0.0500911937107704
y_hat_train,Ammonium-N,11,0.04470139887695978
y_hat_train,Ammonium-N,11,0.06389722959711806
y_hat_train,Ammonium-N,11,0.05949581832337921
y_hat_train,Ammonium-N,11,0.056513739255073366
y_hat_train,Ammonium-N,11,0.059228757217598314
y_hat_train,Ammonium-N,11,0.0595745915668711
y_hat_train,Ammonium-N,11,0.06159636947958125
y_hat_train,Ammonium-N,11,0.06273358524112486
y_hat_train,Ammonium-N,11,0.05681735327157567
y_hat_train,Ammonium-N,11,0.06155570989236579
y_hat_train,Ammonium-N,11,0.060250265292505455
y_hat_train,Ammonium-N,11,0.04928252531576779
y_hat_train,Ammonium-N,11,0.05695268921612176
y_hat_train,Ammonium-N,11,0.060569320893741306
y_hat_train,Ammonium-N,11,0.05670784204608649
y_hat_train,Ammonium-N,11,0.04298580936206883
y_hat_train,Ammonium-N,11,0.053278861572907586
y_hat_train,Ammonium-N,11,0.05677985670566129
y_hat_train,Ammonium-N,11,0.060533941926720236
y_hat_train,Ammonium-N,11,0.051327170202060034
y_hat_train,Ammonium-N,11,0.056815713664753305
y_hat_train,Ammonium-N,11,0.06243973398156341
y_hat_train,Ammonium-N,11,0.06043448145208948
y_hat_train,Ammonium-N,11,0.0620344998600327
y_hat_train,Ammonium-N,11,0.05978977542438739
y_hat_train,Ammonium-N,11,0.058525390088939026
y_hat_train,Ammonium-N,11,0.058169905525981724
y_hat_train,Ammonium-N,11,0.059839799940424335
y_hat_train,Ammonium-N,11,0.06091635944768518
y_hat_train,Ammonium-N,11,0.055117796130333296
y_hat_train,Ammonium-N,11,0.05919647614420219
y_hat_train,Ammonium-N,11,0.06102131034873675
y_hat_train,Ammonium-N,11,0.05348337235645153
y_hat_train,Ammonium-N,11,0.06142091600454568
y_hat_train,Ammonium-N,11,0.06514502664455252
y_hat_train,Ammonium-N,11,0.059460934597755574
y_hat_train,Ammonium-N,11,0.06229351500856009
y_hat_train,Ammonium-N,11,0.05706399484659531
y_hat_train,Ammonium-N,11,0.06248762236375049
y_hat_train,Ammonium-N,11,0.06233817352184157
y_hat_train,Ammonium-N,11,0.04726206579473234
y_hat_train,Ammonium-N,11,0.05758844111339606
y_hat_train,Ammonium-N,11,0.05889279117658684
y_hat_train,Ammonium-N,11,0.06029042959874263
y_hat_train,Ammonium-N,11,0.06051557932502747
y_hat_train,Ammonium-N,11,0.05382708288801097
y_hat_train,Ammonium-N,11,0.06301810720039021
y_hat_train,Ammonium-N,11,0.06148769928617912
y_hat_train,Ammonium-N,11,0.058101242696347664
y_hat_train,Ammonium-N,11,0.05788185866451391
y_hat_train,Ammonium-N,11,0.05951703372779614
y_hat_train,Ammonium-N,11,0.05620845487377875
y_hat_train,Ammonium-N,11,0.061582998713228705
y_hat_train,Ammonium-N,11,0.06267517323894649
y_hat_train,Ammonium-N,11,0.05989657852418526
y_hat_train,Ammonium-N,11,0.06374269201043628
y_hat_train,Ammonium-N,11,0.06384363706815191
y_hat_train,Ammonium-N,11,0.057178674401813234
y_hat_train,Ammonium-N,11,0.061867194751783296
y_hat_train,Ammonium-N,11,0.059139469387703446
y_hat_train,Ammonium-N,11,0.03747408975664776
y_hat_train,Ammonium-N,11,0.04349039708514594
y_hat_train,Ammonium-N,11,0.05917460290885804
y_hat_train,Ammonium-N,11,0.062470055823250915
y_hat_train,Ammonium-N,11,0.06061316252003296
y_hat_train,Ammonium-N,11,0.05541471814836588
y_hat_train,Ammonium-N,11,0.06107725489091979
y_hat_train,Ammonium-N,11,0.06149916333064868
y_hat_train,Ammonium-N,11,0.05988448518975041
y_hat_train,Ammonium-N,11,0.058065463910481646
y_hat_train,Ammonium-N,11,0.05398940292462473
y_hat_train,Ammonium-N,11,0.06195913247606366
y_hat_train,Ammonium-N,11,0.05900611546057443
y_hat_train,Ammonium-N,11,0.060169601230115125
y_hat_train,Ammonium-N,11,0.058976701063087236
y_hat_train,Ammonium-N,11,0.06037510681098867
y_hat_train,Ammonium-N,11,0.05798780948390399
y_hat_train,Ammonium-N,11,0.05885723396155335
y_hat_train,Ammonium-N,11,0.06287503699990503
y_hat_train,Ammonium-N,11,0.06400587919946472
y_true_train,Ammonium-N,11,0.014438093
y_true_train,Ammonium-N,11,0.017558316
y_true_train,Ammonium-N,11,0.0491
y_true_train,Ammonium-N,11,0.03337575
y_true_train,Ammonium-N,11,0.01610167
y_true_train,Ammonium-N,11,0.102719052
y_true_train,Ammonium-N,11,0.044766667
y_true_train,Ammonium-N,11,0.018225094
y_true_train,Ammonium-N,11,0.116224337
y_true_train,Ammonium-N,11,0.016837803
y_true_train,Ammonium-N,11,0.0164
y_true_train,Ammonium-N,11,0.0175
y_true_train,Ammonium-N,11,0.0311
y_true_train,Ammonium-N,11,0.030533333
y_true_train,Ammonium-N,11,0.010354731
y_true_train,Ammonium-N,11,0.0229
y_true_train,Ammonium-N,11,0.0301
y_true_train,Ammonium-N,11,0.0142
y_true_train,Ammonium-N,11,0.067166667
y_true_train,Ammonium-N,11,0.217466667
y_true_train,Ammonium-N,11,0.034066667
y_true_train,Ammonium-N,11,0.011766667
y_true_train,Ammonium-N,11,0.139659083
y_true_train,Ammonium-N,11,0.035366667
y_true_train,Ammonium-N,11,0.040266667
y_true_train,Ammonium-N,11,0.0064
y_true_train,Ammonium-N,11,0.0377
y_true_train,Ammonium-N,11,0.041933333
y_true_train,Ammonium-N,11,0.0673
y_true_train,Ammonium-N,11,0.023441081
y_true_train,Ammonium-N,11,0.0189
y_true_train,Ammonium-N,11,0.042633333
y_true_train,Ammonium-N,11,0.039266667
y_true_train,Ammonium-N,11,0.001266667
y_true_train,Ammonium-N,11,0.0249
y_true_train,Ammonium-N,11,0.020366667
y_true_train,Ammonium-N,11,0.011533333
y_true_train,Ammonium-N,11,0.020533333
y_true_train,Ammonium-N,11,0.012433333
y_true_train,Ammonium-N,11,0.020533333
y_true_train,Ammonium-N,11,0.013333333
y_true_train,Ammonium-N,11,0.011876873
y_true_train,Ammonium-N,11,0.006266667
y_true_train,Ammonium-N,11,0.018166667
y_true_train,Ammonium-N,11,0.0235
y_true_train,Ammonium-N,11,0.007166791
y_true_train,Ammonium-N,11,0.015166667
y_true_train,Ammonium-N,11,0.025966667
y_true_train,Ammonium-N,11,0.013835059
y_true_train,Ammonium-N,11,0.043166667
y_true_train,Ammonium-N,11,0.035133333
y_true_train,Ammonium-N,11,0.004
y_true_train,Ammonium-N,11,0.130166667
y_true_train,Ammonium-N,11,0.025666667
y_true_train,Ammonium-N,11,0.270233333
y_true_train,Ammonium-N,11,0.2686
y_true_train,Ammonium-N,11,0.262866667
y_true_train,Ammonium-N,11,0.012570289
y_true_train,Ammonium-N,11,0.049066667
y_true_train,Ammonium-N,11,0.104686248
y_true_train,Ammonium-N,11,0.030166667
y_true_train,Ammonium-N,11,0.0175
y_true_train,Ammonium-N,11,0.289433333
y_true_train,Ammonium-N,11,0.044866667
y_true_train,Ammonium-N,11,0.0149
y_true_train,Ammonium-N,11,0.139659083
y_true_train,Ammonium-N,11,0.089046085
y_true_train,Ammonium-N,11,0.015666667
y_true_train,Ammonium-N,11,0.099783572
y_true_train,Ammonium-N,11,0.318833333
y_true_train,Ammonium-N,11,0.019033333
y_true_train,Ammonium-N,11,0.007133357
y_true_train,Ammonium-N,11,0.019933333
y_true_train,Ammonium-N,11,0.014438093
y_true_train,Ammonium-N,11,0.253366667
y_true_train,Ammonium-N,11,0.015833333
y_true_train,Ammonium-N,11,0.08343562
y_true_train,Ammonium-N,11,0.094333333
y_true_train,Ammonium-N,11,0.0221
y_true_train,Ammonium-N,11,0.0216
y_true_train,Ammonium-N,11,0.036566667
y_true_train,Ammonium-N,11,0.174233333
y_true_train,Ammonium-N,11,0.026266667
y_true_train,Ammonium-N,11,0.0198
y_true_train,Ammonium-N,11,0.007810801
y_true_train,Ammonium-N,11,0.004922582
y_true_train,Ammonium-N,11,0.067433333
y_true_train,Ammonium-N,11,0.013633333
y_true_train,Ammonium-N,11,0.0235
y_true_train,Ammonium-N,11,0.101468935
y_true_train,Ammonium-N,11,0.1658
y_true_train,Ammonium-N,11,0.049
y_true_train,Ammonium-N,11,0.090733333
y_true_train,Ammonium-N,11,0.0046
y_true_train,Ammonium-N,11,0.026887548
y_true_train,Ammonium-N,11,0.004
y_true_train,Ammonium-N,11,0.0255
y_true_train,Ammonium-N,11,0.021233333
y_true_train,Ammonium-N,11,0.10513478
y_true_train,Ammonium-N,11,0.035133333
y_true_train,Ammonium-N,11,0.023441081
y_true_train,Ammonium-N,11,0.3012
y_true_train,Ammonium-N,11,0.113816043
y_true_train,Ammonium-N,11,0.007166791
y_true_train,Ammonium-N,11,0.174233333
y_true_test,Ammonium-N,11,0.0254
y_true_test,Ammonium-N,11,0.022549305
y_true_test,Ammonium-N,11,0.101033333
y_true_test,Ammonium-N,11,0.103817696
y_true_test,Ammonium-N,11,0.1929
y_true_test,Ammonium-N,11,0.4519
y_true_test,Ammonium-N,11,0.012937725
y_true_test,Ammonium-N,11,0.013033333
y_true_test,Ammonium-N,11,0.0393
y_true_test,Ammonium-N,11,0.006433333
y_true_test,Ammonium-N,11,0.017633333
y_true_test,Ammonium-N,11,0.044766667
y_true_test,Ammonium-N,11,0.025666667
y_true_test,Ammonium-N,11,0.042033333
y_true_test,Ammonium-N,11,0.050433333
y_true_test,Ammonium-N,11,0.110989659
y_true_test,Ammonium-N,11,0.11883142
y_true_test,Ammonium-N,11,0.122533333
y_true_test,Ammonium-N,11,0.050533333
y_true_test,Ammonium-N,11,0.064266667
y_true_test,Ammonium-N,11,0.0191
y_true_test,Ammonium-N,11,0.380266667
y_true_test,Ammonium-N,11,0.0184
y_true_test,Ammonium-N,11,0.017890737
y_true_test,Ammonium-N,11,0.298466667
y_true_test,Ammonium-N,11,0.2993
y_true_test,Ammonium-N,11,0.008033333
y_true_test,Ammonium-N,11,0.017273802
y_true_test,Ammonium-N,11,0.0148
y_true_test,Ammonium-N,11,0.018033333
y_true_test,Ammonium-N,11,0.332333333
y_true_test,Ammonium-N,11,0.007433333
y_true_test,Ammonium-N,11,0.110066667
y_true_test,Ammonium-N,11,0.107070292
y_true_test,Ammonium-N,11,0.041333333
y_true_test,Ammonium-N,11,0.022166667
y_true_test,Ammonium-N,11,0.042333333
y_true_test,Ammonium-N,11,0.027433333
y_true_test,Ammonium-N,11,0.0235
y_true_test,Ammonium-N,11,0.004291076
y_true_test,Ammonium-N,11,0.007646588
y_true_test,Ammonium-N,11,0.033733333
y_true_test,Ammonium-N,11,0.7161
y_true_test,Ammonium-N,11,0.008786351
y_true_test,Ammonium-N,11,0.0134
y_true_test,Ammonium-N,11,0.0067
test_ind,Ammonium-N,11,278.0
test_ind,Ammonium-N,11,167.0
test_ind,Ammonium-N,11,315.0
test_ind,Ammonium-N,11,124.0
test_ind,Ammonium-N,11,370.0
test_ind,Ammonium-N,11,16.0
test_ind,Ammonium-N,11,145.0
test_ind,Ammonium-N,11,29.0
test_ind,Ammonium-N,11,61.0
test_ind,Ammonium-N,11,269.0
test_ind,Ammonium-N,11,381.0
test_ind,Ammonium-N,11,142.0
test_ind,Ammonium-N,11,215.0
test_ind,Ammonium-N,11,279.0
test_ind,Ammonium-N,11,378.0
test_ind,Ammonium-N,11,79.0
test_ind,Ammonium-N,11,172.0
test_ind,Ammonium-N,11,306.0
test_ind,Ammonium-N,11,243.0
test_ind,Ammonium-N,11,385.0
test_ind,Ammonium-N,11,293.0
test_ind,Ammonium-N,11,6.0
test_ind,Ammonium-N,11,43.0
test_ind,Ammonium-N,11,104.0
test_ind,Ammonium-N,11,23.0
test_ind,Ammonium-N,11,20.0
test_ind,Ammonium-N,11,386.0
test_ind,Ammonium-N,11,187.0
test_ind,Ammonium-N,11,34.0
test_ind,Ammonium-N,11,252.0
test_ind,Ammonium-N,11,2.0
test_ind,Ammonium-N,11,258.0
test_ind,Ammonium-N,11,302.0
test_ind,Ammonium-N,11,102.0
test_ind,Ammonium-N,11,59.0
test_ind,Ammonium-N,11,266.0
test_ind,Ammonium-N,11,262.0
test_ind,Ammonium-N,11,270.0
test_ind,Ammonium-N,11,74.0
test_ind,Ammonium-N,11,213.0
test_ind,Ammonium-N,11,139.0
test_ind,Ammonium-N,11,398.0
test_ind,Ammonium-N,11,12.0
test_ind,Ammonium-N,11,119.0
test_ind,Ammonium-N,11,291.0
test_ind,Ammonium-N,11,248.0
train_ind,Ammonium-N,11,126.0
train_ind,Ammonium-N,11,72.0
train_ind,Ammonium-N,11,233.0
train_ind,Ammonium-N,11,99.0
train_ind,Ammonium-N,11,212.0
train_ind,Ammonium-N,11,144.0
train_ind,Ammonium-N,11,141.0
train_ind,Ammonium-N,11,194.0
train_ind,Ammonium-N,11,217.0
train_ind,Ammonium-N,11,80.0
train_ind,Ammonium-N,11,41.0
train_ind,Ammonium-N,11,122.0
train_ind,Ammonium-N,11,42.0
train_ind,Ammonium-N,11,52.0
train_ind,Ammonium-N,11,138.0
train_ind,Ammonium-N,11,390.0
train_ind,Ammonium-N,11,284.0
train_ind,Ammonium-N,11,391.0
train_ind,Ammonium-N,11,57.0
train_ind,Ammonium-N,11,9.0
train_ind,Ammonium-N,11,64.0
train_ind,Ammonium-N,11,361.0
train_ind,Ammonium-N,11,77.0
train_ind,Ammonium-N,11,373.0
train_ind,Ammonium-N,11,292.0
train_ind,Ammonium-N,11,257.0
train_ind,Ammonium-N,11,232.0
train_ind,Ammonium-N,11,299.0
train_ind,Ammonium-N,11,372.0
train_ind,Ammonium-N,11,174.0
train_ind,Ammonium-N,11,249.0
train_ind,Ammonium-N,11,67.0
train_ind,Ammonium-N,11,238.0
train_ind,Ammonium-N,11,247.0
train_ind,Ammonium-N,11,268.0
train_ind,Ammonium-N,11,280.0
train_ind,Ammonium-N,11,382.0
train_ind,Ammonium-N,11,100.0
train_ind,Ammonium-N,11,287.0
train_ind,Ammonium-N,11,101.0
train_ind,Ammonium-N,11,38.0
train_ind,Ammonium-N,11,94.0
train_ind,Ammonium-N,11,36.0
train_ind,Ammonium-N,11,250.0
train_ind,Ammonium-N,11,76.0
train_ind,Ammonium-N,11,219.0
train_ind,Ammonium-N,11,51.0
train_ind,Ammonium-N,11,39.0
train_ind,Ammonium-N,11,188.0
train_ind,Ammonium-N,11,65.0
train_ind,Ammonium-N,11,171.0
train_ind,Ammonium-N,11,165.0
train_ind,Ammonium-N,11,312.0
train_ind,Ammonium-N,11,216.0
train_ind,Ammonium-N,11,15.0
train_ind,Ammonium-N,11,8.0
train_ind,Ammonium-N,11,3.0
train_ind,Ammonium-N,11,136.0
train_ind,Ammonium-N,11,244.0
train_ind,Ammonium-N,11,103.0
train_ind,Ammonium-N,11,389.0
train_ind,Ammonium-N,11,121.0
train_ind,Ammonium-N,11,11.0
train_ind,Ammonium-N,11,236.0
train_ind,Ammonium-N,11,281.0
train_ind,Ammonium-N,11,78.0
train_ind,Ammonium-N,11,143.0
train_ind,Ammonium-N,11,300.0
train_ind,Ammonium-N,11,123.0
train_ind,Ammonium-N,11,14.0
train_ind,Ammonium-N,11,28.0
train_ind,Ammonium-N,11,95.0
train_ind,Ammonium-N,11,295.0
train_ind,Ammonium-N,11,125.0
train_ind,Ammonium-N,11,17.0
train_ind,Ammonium-N,11,260.0
train_ind,Ammonium-N,11,218.0
train_ind,Ammonium-N,11,305.0
train_ind,Ammonium-N,11,55.0
train_ind,Ammonium-N,11,48.0
train_ind,Ammonium-N,11,237.0
train_ind,Ammonium-N,11,190.0
train_ind,Ammonium-N,11,374.0
train_ind,Ammonium-N,11,274.0
train_ind,Ammonium-N,11,168.0
train_ind,Ammonium-N,11,164.0
train_ind,Ammonium-N,11,395.0
train_ind,Ammonium-N,11,392.0
train_ind,Ammonium-N,11,75.0
train_ind,Ammonium-N,11,173.0
train_ind,Ammonium-N,11,304.0
train_ind,Ammonium-N,11,69.0
train_ind,Ammonium-N,11,311.0
train_ind,Ammonium-N,11,298.0
train_ind,Ammonium-N,11,98.0
train_ind,Ammonium-N,11,231.0
train_ind,Ammonium-N,11,265.0
train_ind,Ammonium-N,11,49.0
train_ind,Ammonium-N,11,193.0
train_ind,Ammonium-N,11,170.0
train_ind,Ammonium-N,11,175.0
train_ind,Ammonium-N,11,27.0
train_ind,Ammonium-N,11,192.0
train_ind,Ammonium-N,11,220.0
train_ind,Ammonium-N,11,191.0
test_rsq,Ammonium-N,11,-0.065718394409497
train_rsq,Ammonium-N,11,0.004774368362374659
test_rmse,Ammonium-N,11,0.1455145293358531
train_rmse,Ammonium-N,11,0.07311249219935165
test_mape,Ammonium-N,11,223.9877648846123
train_mape,Ammonium-N,11,251.35967559949796
n_comp,Ammonium-N,11,1.0
y_hat_test,Ammonium-N,12,0.040588999082824304
y_hat_test,Ammonium-N,12,0.030427895727118237
y_hat_test,Ammonium-N,12,0.061062836763234686
y_hat_test,Ammonium-N,12,0.07332134751107733
y_hat_test,Ammonium-N,12,0.03693951375779331
y_hat_test,Ammonium-N,12,0.03955325348282704
y_hat_test,Ammonium-N,12,0.06592082149216737
y_hat_test,Ammonium-N,12,0.0449133920352824
y_hat_test,Ammonium-N,12,0.03687857668833594
y_hat_test,Ammonium-N,12,0.04982660961884297
y_hat_test,Ammonium-N,12,0.02924823706683194
y_hat_test,Ammonium-N,12,-0.010859138487531332
y_hat_test,Ammonium-N,12,0.05369491616091575
y_hat_test,Ammonium-N,12,0.016653579059724408
y_hat_test,Ammonium-N,12,0.07821448857014049
y_hat_test,Ammonium-N,12,0.05918617419796821
y_hat_test,Ammonium-N,12,0.04962167602837555
y_hat_test,Ammonium-N,12,0.07896037525186675
y_hat_test,Ammonium-N,12,0.06541045140089724
y_hat_test,Ammonium-N,12,0.04993920575898311
y_hat_test,Ammonium-N,12,0.07685870628624424
y_hat_test,Ammonium-N,12,0.09795419743172043
y_hat_test,Ammonium-N,12,0.07096889255307504
y_hat_test,Ammonium-N,12,0.05314149198776053
y_hat_test,Ammonium-N,12,0.053370563031504066
y_hat_test,Ammonium-N,12,0.1540102379225242
y_hat_test,Ammonium-N,12,0.1503505120919726
y_hat_test,Ammonium-N,12,0.056874981755192414
y_hat_test,Ammonium-N,12,0.07214355030899018
y_hat_test,Ammonium-N,12,0.051562074260224626
y_hat_test,Ammonium-N,12,0.013057824371110242
y_hat_test,Ammonium-N,12,0.03087112838499751
y_hat_test,Ammonium-N,12,0.040589672663222824
y_hat_test,Ammonium-N,12,0.10915985327996985
y_hat_test,Ammonium-N,12,0.09793766443361386
y_hat_test,Ammonium-N,12,-0.00038148663595687776
y_hat_test,Ammonium-N,12,0.03838979013596404
y_hat_test,Ammonium-N,12,0.05911098727775612
y_hat_test,Ammonium-N,12,0.004010361703564155
y_hat_test,Ammonium-N,12,0.07723641600019737
y_hat_test,Ammonium-N,12,0.0792647691293118
y_hat_test,Ammonium-N,12,0.05911869614242717
y_hat_test,Ammonium-N,12,0.07060501948789008
y_hat_test,Ammonium-N,12,-0.004228589163743461
y_hat_test,Ammonium-N,12,0.06836022392034756
y_hat_test,Ammonium-N,12,0.0618731357226309
y_hat_train,Ammonium-N,12,0.041623000792834805
y_hat_train,Ammonium-N,12,0.09614395482807804
y_hat_train,Ammonium-N,12,0.059726943359725206
y_hat_train,Ammonium-N,12,0.05462310772812472
y_hat_train,Ammonium-N,12,0.04729598623514528
y_hat_train,Ammonium-N,12,0.09651744234119275
y_hat_train,Ammonium-N,12,0.06718324843485272
y_hat_train,Ammonium-N,12,0.0994815008279655
y_hat_train,Ammonium-N,12,0.11091901195022505
y_hat_train,Ammonium-N,12,0.12677456423432923
y_hat_train,Ammonium-N,12,0.09614755224605481
y_hat_train,Ammonium-N,12,0.08975960413752648
y_hat_train,Ammonium-N,12,0.04431094921431632
y_hat_train,Ammonium-N,12,0.07233481315197621
y_hat_train,Ammonium-N,12,0.08543760417537134
y_hat_train,Ammonium-N,12,0.04403800698153582
y_hat_train,Ammonium-N,12,0.10162370525584671
y_hat_train,Ammonium-N,12,0.06120654013347278
y_hat_train,Ammonium-N,12,0.04154923850929837
y_hat_train,Ammonium-N,12,0.07230241780850885
y_hat_train,Ammonium-N,12,0.059651496668365625
y_hat_train,Ammonium-N,12,0.0940003623781337
y_hat_train,Ammonium-N,12,0.07459636071762529
y_hat_train,Ammonium-N,12,0.04274378547274655
y_hat_train,Ammonium-N,12,0.04873813206583895
y_hat_train,Ammonium-N,12,0.029247988760730384
y_hat_train,Ammonium-N,12,0.08740883499600022
y_hat_train,Ammonium-N,12,0.040706373427902204
y_hat_train,Ammonium-N,12,0.027353721809293546
y_hat_train,Ammonium-N,12,0.05339525250736735
y_hat_train,Ammonium-N,12,0.035763094895533684
y_hat_train,Ammonium-N,12,0.021708077207631432
y_hat_train,Ammonium-N,12,0.1308693205610418
y_hat_train,Ammonium-N,12,0.06992634902034969
y_hat_train,Ammonium-N,12,0.09133156386691207
y_hat_train,Ammonium-N,12,0.03434364820412807
y_hat_train,Ammonium-N,12,0.052354595182576874
y_hat_train,Ammonium-N,12,0.07319382957155758
y_hat_train,Ammonium-N,12,0.04042245483858069
y_hat_train,Ammonium-N,12,0.039273118372369784
y_hat_train,Ammonium-N,12,0.09351045307477684
y_hat_train,Ammonium-N,12,0.08947323270718245
y_hat_train,Ammonium-N,12,0.06278375313503325
y_hat_train,Ammonium-N,12,0.03482023868155423
y_hat_train,Ammonium-N,12,0.0754985922494278
y_hat_train,Ammonium-N,12,0.050808659334026056
y_hat_train,Ammonium-N,12,0.043936844454728036
y_hat_train,Ammonium-N,12,0.12906227140966664
y_hat_train,Ammonium-N,12,0.08627997501096896
y_hat_train,Ammonium-N,12,0.04824181115057545
y_hat_train,Ammonium-N,12,0.03344009897229078
y_hat_train,Ammonium-N,12,0.05564044533025442
y_hat_train,Ammonium-N,12,0.03570913631371571
y_hat_train,Ammonium-N,12,0.06956179403376807
y_hat_train,Ammonium-N,12,0.11363944333279
y_hat_train,Ammonium-N,12,0.013932214281761987
y_hat_train,Ammonium-N,12,0.04027844003355142
y_hat_train,Ammonium-N,12,0.09513538187396633
y_hat_train,Ammonium-N,12,0.06636718785224978
y_hat_train,Ammonium-N,12,0.016584430768538307
y_hat_train,Ammonium-N,12,0.10121090316014403
y_hat_train,Ammonium-N,12,0.08271543418567183
y_hat_train,Ammonium-N,12,0.04377597731578388
y_hat_train,Ammonium-N,12,0.051393444114140596
y_hat_train,Ammonium-N,12,0.10199140623169806
y_hat_train,Ammonium-N,12,0.026560713082507938
y_hat_train,Ammonium-N,12,0.08854726790905652
y_hat_train,Ammonium-N,12,0.056452070547326885
y_hat_train,Ammonium-N,12,0.03037857403109434
y_hat_train,Ammonium-N,12,0.03557697297681808
y_hat_train,Ammonium-N,12,0.1340242493626766
y_hat_train,Ammonium-N,12,0.058907621286411825
y_hat_train,Ammonium-N,12,0.02578743396981619
y_hat_train,Ammonium-N,12,0.040837918036857816
y_hat_train,Ammonium-N,12,0.08212197062437572
y_hat_train,Ammonium-N,12,0.08151800093396445
y_hat_train,Ammonium-N,12,0.02879741950991129
y_hat_train,Ammonium-N,12,0.05550021456734509
y_hat_train,Ammonium-N,12,0.03858967940703699
y_hat_train,Ammonium-N,12,0.06144474275278816
y_hat_train,Ammonium-N,12,0.0796931522337832
y_hat_train,Ammonium-N,12,0.017462492441559493
y_hat_train,Ammonium-N,12,0.07758650701635053
y_hat_train,Ammonium-N,12,0.04674760962064673
y_hat_train,Ammonium-N,12,0.023956173041300016
y_hat_train,Ammonium-N,12,0.10448931415509062
y_hat_train,Ammonium-N,12,0.03252946141263121
y_hat_train,Ammonium-N,12,0.08674618299376653
y_hat_train,Ammonium-N,12,0.07077571763644273
y_hat_train,Ammonium-N,12,0.06014492501392972
y_hat_train,Ammonium-N,12,0.0670410257912082
y_hat_train,Ammonium-N,12,0.01770909407839385
y_hat_train,Ammonium-N,12,0.05081403580190382
y_hat_train,Ammonium-N,12,0.06907494415937508
y_hat_train,Ammonium-N,12,0.08034626065535756
y_hat_train,Ammonium-N,12,0.05149749020610779
y_hat_train,Ammonium-N,12,0.026017619847124557
y_hat_train,Ammonium-N,12,0.05841297476497212
y_hat_train,Ammonium-N,12,0.05467693022367292
y_hat_train,Ammonium-N,12,0.04749115201990084
y_hat_train,Ammonium-N,12,0.026540768625400446
y_hat_train,Ammonium-N,12,0.08765118771224067
y_hat_train,Ammonium-N,12,0.049665804212072034
y_hat_train,Ammonium-N,12,0.04469878527277747
y_hat_train,Ammonium-N,12,0.026103868186671084
y_true_train,Ammonium-N,12,0.03337575
y_true_train,Ammonium-N,12,0.0235
y_true_train,Ammonium-N,12,0.0046
y_true_train,Ammonium-N,12,0.318833333
y_true_train,Ammonium-N,12,0.064266667
y_true_train,Ammonium-N,12,0.025666667
y_true_train,Ammonium-N,12,0.008786351
y_true_train,Ammonium-N,12,0.089046085
y_true_train,Ammonium-N,12,0.020533333
y_true_train,Ammonium-N,12,0.019933333
y_true_train,Ammonium-N,12,0.0377
y_true_train,Ammonium-N,12,0.004
y_true_train,Ammonium-N,12,0.0134
y_true_train,Ammonium-N,12,0.122533333
y_true_train,Ammonium-N,12,0.4519
y_true_train,Ammonium-N,12,0.0198
y_true_train,Ammonium-N,12,0.289433333
y_true_train,Ammonium-N,12,0.030166667
y_true_train,Ammonium-N,12,0.042333333
y_true_train,Ammonium-N,12,0.0254
y_true_train,Ammonium-N,12,0.027433333
y_true_train,Ammonium-N,12,0.025666667
y_true_train,Ammonium-N,12,0.014438093
y_true_train,Ammonium-N,12,0.0491
y_true_train,Ammonium-N,12,0.004291076
y_true_train,Ammonium-N,12,0.007433333
y_true_train,Ammonium-N,12,0.332333333
y_true_train,Ammonium-N,12,0.007166791
y_true_train,Ammonium-N,12,0.0067
y_true_train,Ammonium-N,12,0.049
y_true_train,Ammonium-N,12,0.044866667
y_true_train,Ammonium-N,12,0.013333333
y_true_train,Ammonium-N,12,0.174233333
y_true_train,Ammonium-N,12,0.1658
y_true_train,Ammonium-N,12,0.011876873
y_true_train,Ammonium-N,12,0.017890737
y_true_train,Ammonium-N,12,0.022549305
y_true_train,Ammonium-N,12,0.041333333
y_true_train,Ammonium-N,12,0.0164
y_true_train,Ammonium-N,12,0.035366667
y_true_train,Ammonium-N,12,0.099783572
y_true_train,Ammonium-N,12,0.0175
y_true_train,Ammonium-N,12,0.01610167
y_true_train,Ammonium-N,12,0.011533333
y_true_train,Ammonium-N,12,0.014438093
y_true_train,Ammonium-N,12,0.050433333
y_true_train,Ammonium-N,12,0.067166667
y_true_train,Ammonium-N,12,0.380266667
y_true_train,Ammonium-N,12,0.004922582
y_true_train,Ammonium-N,12,0.050533333
y_true_train,Ammonium-N,12,0.007810801
y_true_train,Ammonium-N,12,0.016837803
y_true_train,Ammonium-N,12,0.0249
y_true_train,Ammonium-N,12,0.010354731
y_true_train,Ammonium-N,12,0.020533333
y_true_train,Ammonium-N,12,0.018166667
y_true_train,Ammonium-N,12,0.0064
y_true_train,Ammonium-N,12,0.0175
y_true_train,Ammonium-N,12,0.040266667
y_true_train,Ammonium-N,12,0.033733333
y_true_train,Ammonium-N,12,0.0235
y_true_train,Ammonium-N,12,0.007133357
y_true_train,Ammonium-N,12,0.015833333
y_true_train,Ammonium-N,12,0.102719052
y_true_train,Ammonium-N,12,0.004
y_true_train,Ammonium-N,12,0.013633333
y_true_train,Ammonium-N,12,0.217466667
y_true_train,Ammonium-N,12,0.103817696
y_true_train,Ammonium-N,12,0.039266667
y_true_train,Ammonium-N,12,0.015166667
y_true_train,Ammonium-N,12,0.174233333
y_true_train,Ammonium-N,12,0.116224337
y_true_train,Ammonium-N,12,0.012433333
y_true_train,Ammonium-N,12,0.067433333
y_true_train,Ammonium-N,12,0.012570289
y_true_train,Ammonium-N,12,0.0221
y_true_train,Ammonium-N,12,0.022166667
y_true_train,Ammonium-N,12,0.043166667
y_true_train,Ammonium-N,12,0.006433333
y_true_train,Ammonium-N,12,0.0393
y_true_train,Ammonium-N,12,0.026887548
y_true_train,Ammonium-N,12,0.11883142
y_true_train,Ammonium-N,12,0.0255
y_true_train,Ammonium-N,12,0.0191
y_true_train,Ammonium-N,12,0.036566667
y_true_train,Ammonium-N,12,0.0301
y_true_train,Ammonium-N,12,0.001266667
y_true_train,Ammonium-N,12,0.017558316
y_true_train,Ammonium-N,12,0.08343562
y_true_train,Ammonium-N,12,0.10513478
y_true_train,Ammonium-N,12,0.3012
y_true_train,Ammonium-N,12,0.018033333
y_true_train,Ammonium-N,12,0.020366667
y_true_train,Ammonium-N,12,0.110066667
y_true_train,Ammonium-N,12,0.101468935
y_true_train,Ammonium-N,12,0.0149
y_true_train,Ammonium-N,12,0.017633333
y_true_train,Ammonium-N,12,0.130166667
y_true_train,Ammonium-N,12,0.107070292
y_true_train,Ammonium-N,12,0.0184
y_true_train,Ammonium-N,12,0.023441081
y_true_train,Ammonium-N,12,0.2686
y_true_train,Ammonium-N,12,0.094333333
y_true_train,Ammonium-N,12,0.101033333
y_true_train,Ammonium-N,12,0.023441081
y_true_test,Ammonium-N,12,0.139659083
y_true_test,Ammonium-N,12,0.0142
y_true_test,Ammonium-N,12,0.0235
y_true_test,Ammonium-N,12,0.090733333
y_true_test,Ammonium-N,12,0.008033333
y_true_test,Ammonium-N,12,0.049066667
y_true_test,Ammonium-N,12,0.018225094
y_true_test,Ammonium-N,12,0.139659083
y_true_test,Ammonium-N,12,0.1929
y_true_test,Ammonium-N,12,0.0216
y_true_test,Ammonium-N,12,0.011766667
y_true_test,Ammonium-N,12,0.0148
y_true_test,Ammonium-N,12,0.034066667
y_true_test,Ammonium-N,12,0.0311
y_true_test,Ammonium-N,12,0.104686248
y_true_test,Ammonium-N,12,0.041933333
y_true_test,Ammonium-N,12,0.012937725
y_true_test,Ammonium-N,12,0.044766667
y_true_test,Ammonium-N,12,0.7161
y_true_test,Ammonium-N,12,0.015666667
y_true_test,Ammonium-N,12,0.262866667
y_true_test,Ammonium-N,12,0.035133333
y_true_test,Ammonium-N,12,0.007166791
y_true_test,Ammonium-N,12,0.042033333
y_true_test,Ammonium-N,12,0.021233333
y_true_test,Ammonium-N,12,0.017273802
y_true_test,Ammonium-N,12,0.013835059
y_true_test,Ammonium-N,12,0.0189
y_true_test,Ammonium-N,12,0.2993
y_true_test,Ammonium-N,12,0.110989659
y_true_test,Ammonium-N,12,0.006266667
y_true_test,Ammonium-N,12,0.0229
y_true_test,Ammonium-N,12,0.0673
y_true_test,Ammonium-N,12,0.042633333
y_true_test,Ammonium-N,12,0.035133333
y_true_test,Ammonium-N,12,0.013033333
y_true_test,Ammonium-N,12,0.026266667
y_true_test,Ammonium-N,12,0.113816043
y_true_test,Ammonium-N,12,0.019033333
y_true_test,Ammonium-N,12,0.044766667
y_true_test,Ammonium-N,12,0.007646588
y_true_test,Ammonium-N,12,0.030533333
y_true_test,Ammonium-N,12,0.270233333
y_true_test,Ammonium-N,12,0.025966667
y_true_test,Ammonium-N,12,0.298466667
y_true_test,Ammonium-N,12,0.253366667
test_ind,Ammonium-N,12,78.0
test_ind,Ammonium-N,12,391.0
test_ind,Ammonium-N,12,76.0
test_ind,Ammonium-N,12,311.0
test_ind,Ammonium-N,12,386.0
test_ind,Ammonium-N,12,244.0
test_ind,Ammonium-N,12,194.0
test_ind,Ammonium-N,12,77.0
test_ind,Ammonium-N,12,370.0
test_ind,Ammonium-N,12,48.0
test_ind,Ammonium-N,12,361.0
test_ind,Ammonium-N,12,34.0
test_ind,Ammonium-N,12,64.0
test_ind,Ammonium-N,12,42.0
test_ind,Ammonium-N,12,103.0
test_ind,Ammonium-N,12,299.0
test_ind,Ammonium-N,12,145.0
test_ind,Ammonium-N,12,141.0
test_ind,Ammonium-N,12,12.0
test_ind,Ammonium-N,12,300.0
test_ind,Ammonium-N,12,3.0
test_ind,Ammonium-N,12,171.0
test_ind,Ammonium-N,12,220.0
test_ind,Ammonium-N,12,279.0
test_ind,Ammonium-N,12,49.0
test_ind,Ammonium-N,12,187.0
test_ind,Ammonium-N,12,188.0
test_ind,Ammonium-N,12,249.0
test_ind,Ammonium-N,12,20.0
test_ind,Ammonium-N,12,79.0
test_ind,Ammonium-N,12,36.0
test_ind,Ammonium-N,12,390.0
test_ind,Ammonium-N,12,372.0
test_ind,Ammonium-N,12,67.0
test_ind,Ammonium-N,12,170.0
test_ind,Ammonium-N,12,29.0
test_ind,Ammonium-N,12,374.0
test_ind,Ammonium-N,12,192.0
test_ind,Ammonium-N,12,28.0
test_ind,Ammonium-N,12,142.0
test_ind,Ammonium-N,12,139.0
test_ind,Ammonium-N,12,52.0
test_ind,Ammonium-N,12,15.0
test_ind,Ammonium-N,12,39.0
test_ind,Ammonium-N,12,23.0
test_ind,Ammonium-N,12,17.0
train_ind,Ammonium-N,12,99.0
train_ind,Ammonium-N,12,74.0
train_ind,Ammonium-N,12,298.0
train_ind,Ammonium-N,12,14.0
train_ind,Ammonium-N,12,385.0
train_ind,Ammonium-N,12,215.0
train_ind,Ammonium-N,12,119.0
train_ind,Ammonium-N,12,143.0
train_ind,Ammonium-N,12,101.0
train_ind,Ammonium-N,12,295.0
train_ind,Ammonium-N,12,232.0
train_ind,Ammonium-N,12,231.0
train_ind,Ammonium-N,12,291.0
train_ind,Ammonium-N,12,306.0
train_ind,Ammonium-N,12,16.0
train_ind,Ammonium-N,12,274.0
train_ind,Ammonium-N,12,11.0
train_ind,Ammonium-N,12,389.0
train_ind,Ammonium-N,12,262.0
train_ind,Ammonium-N,12,278.0
train_ind,Ammonium-N,12,270.0
train_ind,Ammonium-N,12,216.0
train_ind,Ammonium-N,12,125.0
train_ind,Ammonium-N,12,233.0
train_ind,Ammonium-N,12,213.0
train_ind,Ammonium-N,12,258.0
train_ind,Ammonium-N,12,2.0
train_ind,Ammonium-N,12,219.0
train_ind,Ammonium-N,12,248.0
train_ind,Ammonium-N,12,69.0
train_ind,Ammonium-N,12,236.0
train_ind,Ammonium-N,12,38.0
train_ind,Ammonium-N,12,191.0
train_ind,Ammonium-N,12,304.0
train_ind,Ammonium-N,12,94.0
train_ind,Ammonium-N,12,104.0
train_ind,Ammonium-N,12,167.0
train_ind,Ammonium-N,12,59.0
train_ind,Ammonium-N,12,41.0
train_ind,Ammonium-N,12,373.0
train_ind,Ammonium-N,12,123.0
train_ind,Ammonium-N,12,122.0
train_ind,Ammonium-N,12,212.0
train_ind,Ammonium-N,12,382.0
train_ind,Ammonium-N,12,126.0
train_ind,Ammonium-N,12,378.0
train_ind,Ammonium-N,12,57.0
train_ind,Ammonium-N,12,6.0
train_ind,Ammonium-N,12,164.0
train_ind,Ammonium-N,12,243.0
train_ind,Ammonium-N,12,168.0
train_ind,Ammonium-N,12,80.0
train_ind,Ammonium-N,12,268.0
train_ind,Ammonium-N,12,138.0
train_ind,Ammonium-N,12,100.0
train_ind,Ammonium-N,12,250.0
train_ind,Ammonium-N,12,257.0
train_ind,Ammonium-N,12,121.0
train_ind,Ammonium-N,12,292.0
train_ind,Ammonium-N,12,398.0
train_ind,Ammonium-N,12,75.0
train_ind,Ammonium-N,12,95.0
train_ind,Ammonium-N,12,260.0
train_ind,Ammonium-N,12,144.0
train_ind,Ammonium-N,12,165.0
train_ind,Ammonium-N,12,392.0
train_ind,Ammonium-N,12,9.0
train_ind,Ammonium-N,12,124.0
train_ind,Ammonium-N,12,238.0
train_ind,Ammonium-N,12,51.0
train_ind,Ammonium-N,12,190.0
train_ind,Ammonium-N,12,217.0
train_ind,Ammonium-N,12,287.0
train_ind,Ammonium-N,12,395.0
train_ind,Ammonium-N,12,136.0
train_ind,Ammonium-N,12,55.0
train_ind,Ammonium-N,12,266.0
train_ind,Ammonium-N,12,65.0
train_ind,Ammonium-N,12,269.0
train_ind,Ammonium-N,12,61.0
train_ind,Ammonium-N,12,98.0
train_ind,Ammonium-N,12,172.0
train_ind,Ammonium-N,12,265.0
train_ind,Ammonium-N,12,293.0
train_ind,Ammonium-N,12,237.0
train_ind,Ammonium-N,12,284.0
train_ind,Ammonium-N,12,247.0
train_ind,Ammonium-N,12,72.0
train_ind,Ammonium-N,12,218.0
train_ind,Ammonium-N,12,193.0
train_ind,Ammonium-N,12,27.0
train_ind,Ammonium-N,12,252.0
train_ind,Ammonium-N,12,280.0
train_ind,Ammonium-N,12,302.0
train_ind,Ammonium-N,12,173.0
train_ind,Ammonium-N,12,281.0
train_ind,Ammonium-N,12,381.0
train_ind,Ammonium-N,12,312.0
train_ind,Ammonium-N,12,102.0
train_ind,Ammonium-N,12,43.0
train_ind,Ammonium-N,12,175.0
train_ind,Ammonium-N,12,8.0
train_ind,Ammonium-N,12,305.0
train_ind,Ammonium-N,12,315.0
train_ind,Ammonium-N,12,174.0
test_rsq,Ammonium-N,12,-0.05382649341393986
train_rsq,Ammonium-N,12,0.10720651935543646
test_rmse,Ammonium-N,12,0.1290898563376302
train_rmse,Ammonium-N,12,0.08098938158387216
test_mape,Ammonium-N,12,176.35160396099258
train_mape,Ammonium-N,12,264.50620637531597
n_comp,Ammonium-N,12,4.0
y_hat_test,Ammonium-N,13,0.08116593348625953
y_hat_test,Ammonium-N,13,0.07957046608978684
y_hat_test,Ammonium-N,13,0.07792160419620746
y_hat_test,Ammonium-N,13,0.07005725815743943
y_hat_test,Ammonium-N,13,0.08183238975732592
y_hat_test,Ammonium-N,13,0.08142980125516638
y_hat_test,Ammonium-N,13,0.05921758958429055
y_hat_test,Ammonium-N,13,0.08184186323538625
y_hat_test,Ammonium-N,13,0.07684162746340102
y_hat_test,Ammonium-N,13,0.08066285436793758
y_hat_test,Ammonium-N,13,0.0783233881919943
y_hat_test,Ammonium-N,13,0.08181044253927175
y_hat_test,Ammonium-N,13,0.08372337765896805
y_hat_test,Ammonium-N,13,0.0827207287424213
y_hat_test,Ammonium-N,13,0.08200293033635776
y_hat_test,Ammonium-N,13,0.08094980307268373
y_hat_test,Ammonium-N,13,0.06342683685142639
y_hat_test,Ammonium-N,13,0.0797441129882722
y_hat_test,Ammonium-N,13,0.08574971430632407
y_hat_test,Ammonium-N,13,0.07122593372275937
y_hat_test,Ammonium-N,13,0.08337079788204087
y_hat_test,Ammonium-N,13,0.0744024541246219
y_hat_test,Ammonium-N,13,0.07253228822668058
y_hat_test,Ammonium-N,13,0.056714475563959386
y_hat_test,Ammonium-N,13,0.08405199232109628
y_hat_test,Ammonium-N,13,0.07901686073136265
y_hat_test,Ammonium-N,13,0.06782780327307877
y_hat_test,Ammonium-N,13,0.07241859869304065
y_hat_test,Ammonium-N,13,0.07834170838506385
y_hat_test,Ammonium-N,13,0.07775378914271171
y_hat_test,Ammonium-N,13,0.0744500047003477
y_hat_test,Ammonium-N,13,0.08008767324541614
y_hat_test,Ammonium-N,13,0.08285520158405553
y_hat_test,Ammonium-N,13,0.06353681322597318
y_hat_test,Ammonium-N,13,0.07646315117971252
y_hat_test,Ammonium-N,13,0.08334445855521265
y_hat_test,Ammonium-N,13,0.07957671776018374
y_hat_test,Ammonium-N,13,0.07565306494212483
y_hat_test,Ammonium-N,13,0.07743139801250837
y_hat_test,Ammonium-N,13,0.07631170973128931
y_hat_test,Ammonium-N,13,0.08248047336832852
y_hat_test,Ammonium-N,13,0.07684364625645414
y_hat_test,Ammonium-N,13,0.08562166414437108
y_hat_test,Ammonium-N,13,0.08111472898782725
y_hat_test,Ammonium-N,13,0.0822576757929153
y_hat_test,Ammonium-N,13,0.0832446691243521
y_hat_train,Ammonium-N,13,0.0598872738679546
y_hat_train,Ammonium-N,13,0.08333156078348336
y_hat_train,Ammonium-N,13,0.05362466250864113
y_hat_train,Ammonium-N,13,0.08288420228601165
y_hat_train,Ammonium-N,13,0.0545221988211116
y_hat_train,Ammonium-N,13,0.08315826947891773
y_hat_train,Ammonium-N,13,0.07864150108453528
y_hat_train,Ammonium-N,13,0.07649505124495602
y_hat_train,Ammonium-N,13,0.06337152595013938
y_hat_train,Ammonium-N,13,0.08419012783841354
y_hat_train,Ammonium-N,13,0.06507920270394867
y_hat_train,Ammonium-N,13,0.0766988763734187
y_hat_train,Ammonium-N,13,0.08168290735118788
y_hat_train,Ammonium-N,13,0.07452590317708854
y_hat_train,Ammonium-N,13,0.08163294468986963
y_hat_train,Ammonium-N,13,0.07224577792771338
y_hat_train,Ammonium-N,13,0.08182575163721208
y_hat_train,Ammonium-N,13,0.06560969557511118
y_hat_train,Ammonium-N,13,0.07926905282960704
y_hat_train,Ammonium-N,13,0.08408343744223933
y_hat_train,Ammonium-N,13,0.08352947777577256
y_hat_train,Ammonium-N,13,0.0732273029629988
y_hat_train,Ammonium-N,13,0.07144123656981177
y_hat_train,Ammonium-N,13,0.08369193440207191
y_hat_train,Ammonium-N,13,0.07634767218977043
y_hat_train,Ammonium-N,13,0.0786567019344407
y_hat_train,Ammonium-N,13,0.06507633166388994
y_hat_train,Ammonium-N,13,0.08668179445466695
y_hat_train,Ammonium-N,13,0.07651628500442127
y_hat_train,Ammonium-N,13,0.05718060271673586
y_hat_train,Ammonium-N,13,0.08061328223874474
y_hat_train,Ammonium-N,13,0.05652229711841192
y_hat_train,Ammonium-N,13,0.0832279691333193
y_hat_train,Ammonium-N,13,0.08336327575833996
y_hat_train,Ammonium-N,13,0.08368020463370653
y_hat_train,Ammonium-N,13,0.08118760587782971
y_hat_train,Ammonium-N,13,0.07479335329065132
y_hat_train,Ammonium-N,13,0.07932265875431582
y_hat_train,Ammonium-N,13,0.07874270134819232
y_hat_train,Ammonium-N,13,0.08444407141759558
y_hat_train,Ammonium-N,13,0.07426896656566441
y_hat_train,Ammonium-N,13,0.07766911078564162
y_hat_train,Ammonium-N,13,0.08029357267462327
y_hat_train,Ammonium-N,13,0.07627753501280357
y_hat_train,Ammonium-N,13,0.07770236153065607
y_hat_train,Ammonium-N,13,0.07914284118526409
y_hat_train,Ammonium-N,13,0.07091647885954398
y_hat_train,Ammonium-N,13,0.08464597410754719
y_hat_train,Ammonium-N,13,0.07745259881353647
y_hat_train,Ammonium-N,13,0.08236226778753172
y_hat_train,Ammonium-N,13,0.0631449344886313
y_hat_train,Ammonium-N,13,0.07696531268678443
y_hat_train,Ammonium-N,13,0.07844464585021951
y_hat_train,Ammonium-N,13,0.07660421824248542
y_hat_train,Ammonium-N,13,0.07663517157051598
y_hat_train,Ammonium-N,13,0.07959936372612897
y_hat_train,Ammonium-N,13,0.07387945600322328
y_hat_train,Ammonium-N,13,0.08096844278390641
y_hat_train,Ammonium-N,13,0.08238175650560814
y_hat_train,Ammonium-N,13,0.07477603943605816
y_hat_train,Ammonium-N,13,0.07984313755507842
y_hat_train,Ammonium-N,13,0.08532087131638416
y_hat_train,Ammonium-N,13,0.08123729921969693
y_hat_train,Ammonium-N,13,0.08135346232623772
y_hat_train,Ammonium-N,13,0.0811979811483422
y_hat_train,Ammonium-N,13,0.07583656192800456
y_hat_train,Ammonium-N,13,0.07975826730425828
y_hat_train,Ammonium-N,13,0.06564035069935477
y_hat_train,Ammonium-N,13,0.08428286728616555
y_hat_train,Ammonium-N,13,0.08407673593485182
y_hat_train,Ammonium-N,13,0.08134630853593991
y_hat_train,Ammonium-N,13,0.06756951310953987
y_hat_train,Ammonium-N,13,0.08317868730703712
y_hat_train,Ammonium-N,13,0.08376047414269355
y_hat_train,Ammonium-N,13,0.08286556648976905
y_hat_train,Ammonium-N,13,0.07958144163000411
y_hat_train,Ammonium-N,13,0.0771852320744143
y_hat_train,Ammonium-N,13,0.061242656250327994
y_hat_train,Ammonium-N,13,0.07159832626058328
y_hat_train,Ammonium-N,13,0.07868508862918139
y_hat_train,Ammonium-N,13,0.0848218830171116
y_hat_train,Ammonium-N,13,0.07902202566911594
y_hat_train,Ammonium-N,13,0.06381124465770674
y_hat_train,Ammonium-N,13,0.08235577750354765
y_hat_train,Ammonium-N,13,0.08173750983879438
y_hat_train,Ammonium-N,13,0.08117246568637727
y_hat_train,Ammonium-N,13,0.05987729213328513
y_hat_train,Ammonium-N,13,0.07663561903077538
y_hat_train,Ammonium-N,13,0.0793508657943812
y_hat_train,Ammonium-N,13,0.05959041191470041
y_hat_train,Ammonium-N,13,0.07998996617311416
y_hat_train,Ammonium-N,13,0.07721477924168013
y_hat_train,Ammonium-N,13,0.08285938431430474
y_hat_train,Ammonium-N,13,0.053119643632638644
y_hat_train,Ammonium-N,13,0.07284960729719456
y_hat_train,Ammonium-N,13,0.08059570320046898
y_hat_train,Ammonium-N,13,0.08367244078714998
y_hat_train,Ammonium-N,13,0.07829852957747024
y_hat_train,Ammonium-N,13,0.07608866409994415
y_hat_train,Ammonium-N,13,0.057356119795883745
y_hat_train,Ammonium-N,13,0.08109254139735567
y_hat_train,Ammonium-N,13,0.06672977927213623
y_hat_train,Ammonium-N,13,0.08307188289382264
y_hat_train,Ammonium-N,13,0.08079244209292463
y_hat_train,Ammonium-N,13,0.07862327839662867
y_true_train,Ammonium-N,13,0.139659083
y_true_train,Ammonium-N,13,0.0377
y_true_train,Ammonium-N,13,0.016837803
y_true_train,Ammonium-N,13,0.0175
y_true_train,Ammonium-N,13,0.013333333
y_true_train,Ammonium-N,13,0.044866667
y_true_train,Ammonium-N,13,0.007810801
y_true_train,Ammonium-N,13,0.008033333
y_true_train,Ammonium-N,13,0.4519
y_true_train,Ammonium-N,13,0.174233333
y_true_train,Ammonium-N,13,0.041333333
y_true_train,Ammonium-N,13,0.022549305
y_true_train,Ammonium-N,13,0.006433333
y_true_train,Ammonium-N,13,0.001266667
y_true_train,Ammonium-N,13,0.2686
y_true_train,Ammonium-N,13,0.011876873
y_true_train,Ammonium-N,13,0.018166667
y_true_train,Ammonium-N,13,0.103817696
y_true_train,Ammonium-N,13,0.015833333
y_true_train,Ammonium-N,13,0.0149
y_true_train,Ammonium-N,13,0.217466667
y_true_train,Ammonium-N,13,0.007433333
y_true_train,Ammonium-N,13,0.010354731
y_true_train,Ammonium-N,13,0.017273802
y_true_train,Ammonium-N,13,0.020533333
y_true_train,Ammonium-N,13,0.0164
y_true_train,Ammonium-N,13,0.017558316
y_true_train,Ammonium-N,13,0.104686248
y_true_train,Ammonium-N,13,0.014438093
y_true_train,Ammonium-N,13,0.004922582
y_true_train,Ammonium-N,13,0.042333333
y_true_train,Ammonium-N,13,0.0064
y_true_train,Ammonium-N,13,0.0175
y_true_train,Ammonium-N,13,0.033733333
y_true_train,Ammonium-N,13,0.0198
y_true_train,Ammonium-N,13,0.0134
y_true_train,Ammonium-N,13,0.030533333
y_true_train,Ammonium-N,13,0.013633333
y_true_train,Ammonium-N,13,0.102719052
y_true_train,Ammonium-N,13,0.015166667
y_true_train,Ammonium-N,13,0.004
y_true_train,Ammonium-N,13,0.0189
y_true_train,Ammonium-N,13,0.049066667
y_true_train,Ammonium-N,13,0.3012
y_true_train,Ammonium-N,13,0.0235
y_true_train,Ammonium-N,13,0.035133333
y_true_train,Ammonium-N,13,0.012570289
y_true_train,Ammonium-N,13,0.067166667
y_true_train,Ammonium-N,13,0.113816043
y_true_train,Ammonium-N,13,0.017633333
y_true_train,Ammonium-N,13,0.110989659
y_true_train,Ammonium-N,13,0.110066667
y_true_train,Ammonium-N,13,0.08343562
y_true_train,Ammonium-N,13,0.020533333
y_true_train,Ammonium-N,13,0.0229
y_true_train,Ammonium-N,13,0.332333333
y_true_train,Ammonium-N,13,0.289433333
y_true_train,Ammonium-N,13,0.025966667
y_true_train,Ammonium-N,13,0.0491
y_true_train,Ammonium-N,13,0.0235
y_true_train,Ammonium-N,13,0.044766667
y_true_train,Ammonium-N,13,0.007646588
y_true_train,Ammonium-N,13,0.090733333
y_true_train,Ammonium-N,13,0.0255
y_true_train,Ammonium-N,13,0.019933333
y_true_train,Ammonium-N,13,0.253366667
y_true_train,Ammonium-N,13,0.018225094
y_true_train,Ammonium-N,13,0.0235
y_true_train,Ammonium-N,13,0.025666667
y_true_train,Ammonium-N,13,0.174233333
y_true_train,Ammonium-N,13,0.0301
y_true_train,Ammonium-N,13,0.0254
y_true_train,Ammonium-N,13,0.7161
y_true_train,Ammonium-N,13,0.094333333
y_true_train,Ammonium-N,13,0.318833333
y_true_train,Ammonium-N,13,0.035133333
y_true_train,Ammonium-N,13,0.026887548
y_true_train,Ammonium-N,13,0.027433333
y_true_train,Ammonium-N,13,0.0673
y_true_train,Ammonium-N,13,0.107070292
y_true_train,Ammonium-N,13,0.004291076
y_true_train,Ammonium-N,13,0.116224337
y_true_train,Ammonium-N,13,0.040266667
y_true_train,Ammonium-N,13,0.012433333
y_true_train,Ammonium-N,13,0.020366667
y_true_train,Ammonium-N,13,0.049
y_true_train,Ammonium-N,13,0.0184
y_true_train,Ammonium-N,13,0.014438093
y_true_train,Ammonium-N,13,0.023441081
y_true_train,Ammonium-N,13,0.139659083
y_true_train,Ammonium-N,13,0.2993
y_true_train,Ammonium-N,13,0.021233333
y_true_train,Ammonium-N,13,0.262866667
y_true_train,Ammonium-N,13,0.064266667
y_true_train,Ammonium-N,13,0.026266667
y_true_train,Ammonium-N,13,0.380266667
y_true_train,Ammonium-N,13,0.008786351
y_true_train,Ammonium-N,13,0.023441081
y_true_train,Ammonium-N,13,0.11883142
y_true_train,Ammonium-N,13,0.067433333
y_true_train,Ammonium-N,13,0.041933333
y_true_train,Ammonium-N,13,0.050533333
y_true_train,Ammonium-N,13,0.0148
y_true_train,Ammonium-N,13,0.101468935
y_true_train,Ammonium-N,13,0.10513478
y_true_test,Ammonium-N,13,0.099783572
y_true_test,Ammonium-N,13,0.089046085
y_true_test,Ammonium-N,13,0.0311
y_true_test,Ammonium-N,13,0.0067
y_true_test,Ammonium-N,13,0.0191
y_true_test,Ammonium-N,13,0.042633333
y_true_test,Ammonium-N,13,0.1929
y_true_test,Ammonium-N,13,0.0046
y_true_test,Ammonium-N,13,0.03337575
y_true_test,Ammonium-N,13,0.007166791
y_true_test,Ammonium-N,13,0.050433333
y_true_test,Ammonium-N,13,0.101033333
y_true_test,Ammonium-N,13,0.025666667
y_true_test,Ammonium-N,13,0.007133357
y_true_test,Ammonium-N,13,0.042033333
y_true_test,Ammonium-N,13,0.0393
y_true_test,Ammonium-N,13,0.017890737
y_true_test,Ammonium-N,13,0.018033333
y_true_test,Ammonium-N,13,0.007166791
y_true_test,Ammonium-N,13,0.270233333
y_true_test,Ammonium-N,13,0.013835059
y_true_test,Ammonium-N,13,0.013033333
y_true_test,Ammonium-N,13,0.006266667
y_true_test,Ammonium-N,13,0.122533333
y_true_test,Ammonium-N,13,0.01610167
y_true_test,Ammonium-N,13,0.030166667
y_true_test,Ammonium-N,13,0.019033333
y_true_test,Ammonium-N,13,0.1658
y_true_test,Ammonium-N,13,0.044766667
y_true_test,Ammonium-N,13,0.130166667
y_true_test,Ammonium-N,13,0.035366667
y_true_test,Ammonium-N,13,0.043166667
y_true_test,Ammonium-N,13,0.034066667
y_true_test,Ammonium-N,13,0.011533333
y_true_test,Ammonium-N,13,0.0142
y_true_test,Ammonium-N,13,0.039266667
y_true_test,Ammonium-N,13,0.0216
y_true_test,Ammonium-N,13,0.012937725
y_true_test,Ammonium-N,13,0.004
y_true_test,Ammonium-N,13,0.298466667
y_true_test,Ammonium-N,13,0.0221
y_true_test,Ammonium-N,13,0.011766667
y_true_test,Ammonium-N,13,0.036566667
y_true_test,Ammonium-N,13,0.015666667
y_true_test,Ammonium-N,13,0.0249
y_true_test,Ammonium-N,13,0.022166667
test_ind,Ammonium-N,13,123.0
test_ind,Ammonium-N,13,143.0
test_ind,Ammonium-N,13,42.0
test_ind,Ammonium-N,13,248.0
test_ind,Ammonium-N,13,293.0
test_ind,Ammonium-N,13,67.0
test_ind,Ammonium-N,13,370.0
test_ind,Ammonium-N,13,298.0
test_ind,Ammonium-N,13,99.0
test_ind,Ammonium-N,13,219.0
test_ind,Ammonium-N,13,378.0
test_ind,Ammonium-N,13,315.0
test_ind,Ammonium-N,13,216.0
test_ind,Ammonium-N,13,95.0
test_ind,Ammonium-N,13,279.0
test_ind,Ammonium-N,13,61.0
test_ind,Ammonium-N,13,104.0
test_ind,Ammonium-N,13,252.0
test_ind,Ammonium-N,13,220.0
test_ind,Ammonium-N,13,15.0
test_ind,Ammonium-N,13,188.0
test_ind,Ammonium-N,13,29.0
test_ind,Ammonium-N,13,36.0
test_ind,Ammonium-N,13,306.0
test_ind,Ammonium-N,13,212.0
test_ind,Ammonium-N,13,389.0
test_ind,Ammonium-N,13,28.0
test_ind,Ammonium-N,13,304.0
test_ind,Ammonium-N,13,142.0
test_ind,Ammonium-N,13,312.0
test_ind,Ammonium-N,13,373.0
test_ind,Ammonium-N,13,65.0
test_ind,Ammonium-N,13,64.0
test_ind,Ammonium-N,13,382.0
test_ind,Ammonium-N,13,391.0
test_ind,Ammonium-N,13,238.0
test_ind,Ammonium-N,13,48.0
test_ind,Ammonium-N,13,145.0
test_ind,Ammonium-N,13,165.0
test_ind,Ammonium-N,13,23.0
test_ind,Ammonium-N,13,55.0
test_ind,Ammonium-N,13,361.0
test_ind,Ammonium-N,13,237.0
test_ind,Ammonium-N,13,300.0
test_ind,Ammonium-N,13,268.0
test_ind,Ammonium-N,13,266.0
train_ind,Ammonium-N,13,77.0
train_ind,Ammonium-N,13,232.0
train_ind,Ammonium-N,13,80.0
train_ind,Ammonium-N,13,122.0
train_ind,Ammonium-N,13,38.0
train_ind,Ammonium-N,13,236.0
train_ind,Ammonium-N,13,168.0
train_ind,Ammonium-N,13,386.0
train_ind,Ammonium-N,13,16.0
train_ind,Ammonium-N,13,191.0
train_ind,Ammonium-N,13,59.0
train_ind,Ammonium-N,13,167.0
train_ind,Ammonium-N,13,269.0
train_ind,Ammonium-N,13,247.0
train_ind,Ammonium-N,13,8.0
train_ind,Ammonium-N,13,94.0
train_ind,Ammonium-N,13,250.0
train_ind,Ammonium-N,13,124.0
train_ind,Ammonium-N,13,260.0
train_ind,Ammonium-N,13,281.0
train_ind,Ammonium-N,13,9.0
train_ind,Ammonium-N,13,258.0
train_ind,Ammonium-N,13,138.0
train_ind,Ammonium-N,13,187.0
train_ind,Ammonium-N,13,101.0
train_ind,Ammonium-N,13,41.0
train_ind,Ammonium-N,13,72.0
train_ind,Ammonium-N,13,103.0
train_ind,Ammonium-N,13,125.0
train_ind,Ammonium-N,13,164.0
train_ind,Ammonium-N,13,262.0
train_ind,Ammonium-N,13,257.0
train_ind,Ammonium-N,13,121.0
train_ind,Ammonium-N,13,398.0
train_ind,Ammonium-N,13,274.0
train_ind,Ammonium-N,13,291.0
train_ind,Ammonium-N,13,52.0
train_ind,Ammonium-N,13,392.0
train_ind,Ammonium-N,13,144.0
train_ind,Ammonium-N,13,51.0
train_ind,Ammonium-N,13,231.0
train_ind,Ammonium-N,13,249.0
train_ind,Ammonium-N,13,244.0
train_ind,Ammonium-N,13,27.0
train_ind,Ammonium-N,13,75.0
train_ind,Ammonium-N,13,171.0
train_ind,Ammonium-N,13,136.0
train_ind,Ammonium-N,13,57.0
train_ind,Ammonium-N,13,192.0
train_ind,Ammonium-N,13,381.0
train_ind,Ammonium-N,13,79.0
train_ind,Ammonium-N,13,302.0
train_ind,Ammonium-N,13,218.0
train_ind,Ammonium-N,13,100.0
train_ind,Ammonium-N,13,390.0
train_ind,Ammonium-N,13,2.0
train_ind,Ammonium-N,13,11.0
train_ind,Ammonium-N,13,39.0
train_ind,Ammonium-N,13,233.0
train_ind,Ammonium-N,13,74.0
train_ind,Ammonium-N,13,141.0
train_ind,Ammonium-N,13,139.0
train_ind,Ammonium-N,13,311.0
train_ind,Ammonium-N,13,265.0
train_ind,Ammonium-N,13,295.0
train_ind,Ammonium-N,13,17.0
train_ind,Ammonium-N,13,194.0
train_ind,Ammonium-N,13,76.0
train_ind,Ammonium-N,13,215.0
train_ind,Ammonium-N,13,190.0
train_ind,Ammonium-N,13,284.0
train_ind,Ammonium-N,13,278.0
train_ind,Ammonium-N,13,12.0
train_ind,Ammonium-N,13,305.0
train_ind,Ammonium-N,13,14.0
train_ind,Ammonium-N,13,170.0
train_ind,Ammonium-N,13,98.0
train_ind,Ammonium-N,13,270.0
train_ind,Ammonium-N,13,372.0
train_ind,Ammonium-N,13,102.0
train_ind,Ammonium-N,13,213.0
train_ind,Ammonium-N,13,217.0
train_ind,Ammonium-N,13,292.0
train_ind,Ammonium-N,13,287.0
train_ind,Ammonium-N,13,280.0
train_ind,Ammonium-N,13,69.0
train_ind,Ammonium-N,13,43.0
train_ind,Ammonium-N,13,126.0
train_ind,Ammonium-N,13,175.0
train_ind,Ammonium-N,13,78.0
train_ind,Ammonium-N,13,20.0
train_ind,Ammonium-N,13,49.0
train_ind,Ammonium-N,13,3.0
train_ind,Ammonium-N,13,385.0
train_ind,Ammonium-N,13,374.0
train_ind,Ammonium-N,13,6.0
train_ind,Ammonium-N,13,119.0
train_ind,Ammonium-N,13,174.0
train_ind,Ammonium-N,13,172.0
train_ind,Ammonium-N,13,395.0
train_ind,Ammonium-N,13,299.0
train_ind,Ammonium-N,13,243.0
train_ind,Ammonium-N,13,34.0
train_ind,Ammonium-N,13,173.0
train_ind,Ammonium-N,13,193.0
test_rsq,Ammonium-N,13,-0.2503652314855973
train_rsq,Ammonium-N,13,0.005350628264272572
test_rmse,Ammonium-N,13,0.07300466574187173
train_rmse,Ammonium-N,13,0.11079509950145315
test_mape,Ammonium-N,13,364.39244336977976
train_mape,Ammonium-N,13,326.5429326711486
n_comp,Ammonium-N,13,1.0
y_hat_test,Ammonium-N,14,0.0794553792985541
y_hat_test,Ammonium-N,14,0.0655748898467448
y_hat_test,Ammonium-N,14,0.058340410073574774
y_hat_test,Ammonium-N,14,0.09328759574157258
y_hat_test,Ammonium-N,14,0.1041769098632728
y_hat_test,Ammonium-N,14,0.08800618371624644
y_hat_test,Ammonium-N,14,0.10757315053616295
y_hat_test,Ammonium-N,14,0.050082528185418945
y_hat_test,Ammonium-N,14,0.06212572679782841
y_hat_test,Ammonium-N,14,0.058699952245407847
y_hat_test,Ammonium-N,14,0.06471236777817506
y_hat_test,Ammonium-N,14,0.08252206455517674
y_hat_test,Ammonium-N,14,0.04103701029997277
y_hat_test,Ammonium-N,14,0.08118876875651831
y_hat_test,Ammonium-N,14,0.016100013023147987
y_hat_test,Ammonium-N,14,0.07607197511631314
y_hat_test,Ammonium-N,14,0.12163661426793432
y_hat_test,Ammonium-N,14,0.040988483302270326
y_hat_test,Ammonium-N,14,0.08619642517617496
y_hat_test,Ammonium-N,14,0.04182307920075181
y_hat_test,Ammonium-N,14,0.11452839345419039
y_hat_test,Ammonium-N,14,0.11199072309946947
y_hat_test,Ammonium-N,14,0.055980123119079774
y_hat_test,Ammonium-N,14,0.09085102906526937
y_hat_test,Ammonium-N,14,0.07845724548539228
y_hat_test,Ammonium-N,14,0.05495945180709331
y_hat_test,Ammonium-N,14,0.06115955926835226
y_hat_test,Ammonium-N,14,0.08461729305161395
y_hat_test,Ammonium-N,14,0.07167725545076192
y_hat_test,Ammonium-N,14,0.103836833579971
y_hat_test,Ammonium-N,14,0.10882550761389295
y_hat_test,Ammonium-N,14,0.0387546351635218
y_hat_test,Ammonium-N,14,0.04213586032572529
y_hat_test,Ammonium-N,14,0.07926921209818831
y_hat_test,Ammonium-N,14,0.06093607646155005
y_hat_test,Ammonium-N,14,0.1233682793677946
y_hat_test,Ammonium-N,14,0.040332742354322534
y_hat_test,Ammonium-N,14,0.06197480054895428
y_hat_test,Ammonium-N,14,0.04181791304953377
y_hat_test,Ammonium-N,14,0.08640082954945093
y_hat_test,Ammonium-N,14,0.0356167321133735
y_hat_test,Ammonium-N,14,0.0679632377134896
y_hat_test,Ammonium-N,14,0.04728143709457055
y_hat_test,Ammonium-N,14,0.00971940098703504
y_hat_test,Ammonium-N,14,0.04756674324903115
y_hat_test,Ammonium-N,14,0.053743194067723564
y_hat_train,Ammonium-N,14,0.07082430907086364
y_hat_train,Ammonium-N,14,0.10982585298327709
y_hat_train,Ammonium-N,14,0.1061925461082274
y_hat_train,Ammonium-N,14,0.08133112556253996
y_hat_train,Ammonium-N,14,0.0605709414580611
y_hat_train,Ammonium-N,14,0.07622360412586662
y_hat_train,Ammonium-N,14,0.11349915210025847
y_hat_train,Ammonium-N,14,0.06558327642162351
y_hat_train,Ammonium-N,14,0.08272053116651738
y_hat_train,Ammonium-N,14,0.08718056626785081
y_hat_train,Ammonium-N,14,0.05306983852194948
y_hat_train,Ammonium-N,14,0.04209581769744507
y_hat_train,Ammonium-N,14,0.08457737398817218
y_hat_train,Ammonium-N,14,0.05383797872369553
y_hat_train,Ammonium-N,14,0.08416652540526451
y_hat_train,Ammonium-N,14,0.05125072330118338
y_hat_train,Ammonium-N,14,0.05149318337340956
y_hat_train,Ammonium-N,14,0.044253827376603924
y_hat_train,Ammonium-N,14,0.11017890314110476
y_hat_train,Ammonium-N,14,0.09271229813986119
y_hat_train,Ammonium-N,14,0.06185139669340971
y_hat_train,Ammonium-N,14,0.04879951579874241
y_hat_train,Ammonium-N,14,0.06970127248613596
y_hat_train,Ammonium-N,14,0.06553183008122744
y_hat_train,Ammonium-N,14,0.09467868802459045
y_hat_train,Ammonium-N,14,0.07291090903919907
y_hat_train,Ammonium-N,14,0.04621240482134885
y_hat_train,Ammonium-N,14,0.04057864895524715
y_hat_train,Ammonium-N,14,0.03455839166698963
y_hat_train,Ammonium-N,14,0.10770107670166901
y_hat_train,Ammonium-N,14,0.10395454925793735
y_hat_train,Ammonium-N,14,0.05195109986330184
y_hat_train,Ammonium-N,14,0.05746880094649591
y_hat_train,Ammonium-N,14,0.04635313049887248
y_hat_train,Ammonium-N,14,0.08395798386094198
y_hat_train,Ammonium-N,14,0.047435743338330026
y_hat_train,Ammonium-N,14,0.1110023141537152
y_hat_train,Ammonium-N,14,0.07977617321071527
y_hat_train,Ammonium-N,14,0.0214280114522665
y_hat_train,Ammonium-N,14,0.08749268124515433
y_hat_train,Ammonium-N,14,0.04333716509028113
y_hat_train,Ammonium-N,14,0.047021702940826166
y_hat_train,Ammonium-N,14,0.04085823077752583
y_hat_train,Ammonium-N,14,0.02795629046021695
y_hat_train,Ammonium-N,14,0.04346842592672054
y_hat_train,Ammonium-N,14,0.09686526358780166
y_hat_train,Ammonium-N,14,0.05768128696291948
y_hat_train,Ammonium-N,14,0.0658805989848263
y_hat_train,Ammonium-N,14,0.06513679942056083
y_hat_train,Ammonium-N,14,0.07123823475913614
y_hat_train,Ammonium-N,14,0.04657174462926602
y_hat_train,Ammonium-N,14,0.10270094605169139
y_hat_train,Ammonium-N,14,0.06346863111411254
y_hat_train,Ammonium-N,14,0.05566637021721392
y_hat_train,Ammonium-N,14,0.07984652614482209
y_hat_train,Ammonium-N,14,0.03116325294631281
y_hat_train,Ammonium-N,14,0.031160360281497275
y_hat_train,Ammonium-N,14,0.09891753497317127
y_hat_train,Ammonium-N,14,0.05307655497016364
y_hat_train,Ammonium-N,14,0.08774842295350976
y_hat_train,Ammonium-N,14,0.04596437454771625
y_hat_train,Ammonium-N,14,0.030163383208811713
y_hat_train,Ammonium-N,14,0.07013578433836579
y_hat_train,Ammonium-N,14,0.08543359266370673
y_hat_train,Ammonium-N,14,0.08640855922385067
y_hat_train,Ammonium-N,14,0.07335403893361785
y_hat_train,Ammonium-N,14,0.056667034127166026
y_hat_train,Ammonium-N,14,0.06320501729713711
y_hat_train,Ammonium-N,14,0.07524803619372704
y_hat_train,Ammonium-N,14,0.05456487400372272
y_hat_train,Ammonium-N,14,0.06331800266584461
y_hat_train,Ammonium-N,14,0.043267381011977746
y_hat_train,Ammonium-N,14,0.05049336395669847
y_hat_train,Ammonium-N,14,0.025976157604922383
y_hat_train,Ammonium-N,14,0.09832433888179484
y_hat_train,Ammonium-N,14,0.12183894455435998
y_hat_train,Ammonium-N,14,0.04937363272139446
y_hat_train,Ammonium-N,14,0.09077576253206085
y_hat_train,Ammonium-N,14,0.03719371855286295
y_hat_train,Ammonium-N,14,0.09345396694837987
y_hat_train,Ammonium-N,14,0.062331693605134596
y_hat_train,Ammonium-N,14,0.05267749889616066
y_hat_train,Ammonium-N,14,0.05298713323230704
y_hat_train,Ammonium-N,14,0.06567519934113827
y_hat_train,Ammonium-N,14,0.0413049767818385
y_hat_train,Ammonium-N,14,0.11240033557129123
y_hat_train,Ammonium-N,14,0.08316427678306752
y_hat_train,Ammonium-N,14,0.040813273265029176
y_hat_train,Ammonium-N,14,0.13389040590032603
y_hat_train,Ammonium-N,14,0.07737707391126429
y_hat_train,Ammonium-N,14,0.05368194015398033
y_hat_train,Ammonium-N,14,0.06963736187621422
y_hat_train,Ammonium-N,14,0.07806066416424827
y_hat_train,Ammonium-N,14,0.043465187350059845
y_hat_train,Ammonium-N,14,0.06700831822293335
y_hat_train,Ammonium-N,14,0.06183637329283352
y_hat_train,Ammonium-N,14,0.039778451492646055
y_hat_train,Ammonium-N,14,0.03291416737444184
y_hat_train,Ammonium-N,14,0.05004435364317564
y_hat_train,Ammonium-N,14,0.07206696073447673
y_hat_train,Ammonium-N,14,0.035173888737546316
y_hat_train,Ammonium-N,14,0.09327667598653981
y_hat_train,Ammonium-N,14,0.08871027708317321
y_hat_train,Ammonium-N,14,0.00853617345225706
y_hat_train,Ammonium-N,14,0.05787990595715706
y_true_train,Ammonium-N,14,0.049
y_true_train,Ammonium-N,14,0.270233333
y_true_train,Ammonium-N,14,0.0235
y_true_train,Ammonium-N,14,0.025666667
y_true_train,Ammonium-N,14,0.107070292
y_true_train,Ammonium-N,14,0.030533333
y_true_train,Ammonium-N,14,0.040266667
y_true_train,Ammonium-N,14,0.0229
y_true_train,Ammonium-N,14,0.025666667
y_true_train,Ammonium-N,14,0.1929
y_true_train,Ammonium-N,14,0.064266667
y_true_train,Ammonium-N,14,0.042633333
y_true_train,Ammonium-N,14,0.099783572
y_true_train,Ammonium-N,14,0.042033333
y_true_train,Ammonium-N,14,0.089046085
y_true_train,Ammonium-N,14,0.007166791
y_true_train,Ammonium-N,14,0.015666667
y_true_train,Ammonium-N,14,0.004291076
y_true_train,Ammonium-N,14,0.050533333
y_true_train,Ammonium-N,14,0.1658
y_true_train,Ammonium-N,14,0.007810801
y_true_train,Ammonium-N,14,0.023441081
y_true_train,Ammonium-N,14,0.049066667
y_true_train,Ammonium-N,14,0.0491
y_true_train,Ammonium-N,14,0.035133333
y_true_train,Ammonium-N,14,0.044766667
y_true_train,Ammonium-N,14,0.018225094
y_true_train,Ammonium-N,14,0.022166667
y_true_train,Ammonium-N,14,0.017633333
y_true_train,Ammonium-N,14,0.017558316
y_true_train,Ammonium-N,14,0.020533333
y_true_train,Ammonium-N,14,0.041933333
y_true_train,Ammonium-N,14,0.067166667
y_true_train,Ammonium-N,14,0.013633333
y_true_train,Ammonium-N,14,0.2686
y_true_train,Ammonium-N,14,0.2993
y_true_train,Ammonium-N,14,0.0254
y_true_train,Ammonium-N,14,0.008786351
y_true_train,Ammonium-N,14,0.0148
y_true_train,Ammonium-N,14,0.104686248
y_true_train,Ammonium-N,14,0.050433333
y_true_train,Ammonium-N,14,0.019933333
y_true_train,Ammonium-N,14,0.0134
y_true_train,Ammonium-N,14,0.010354731
y_true_train,Ammonium-N,14,0.013835059
y_true_train,Ammonium-N,14,0.0064
y_true_train,Ammonium-N,14,0.101468935
y_true_train,Ammonium-N,14,0.008033333
y_true_train,Ammonium-N,14,0.094333333
y_true_train,Ammonium-N,14,0.001266667
y_true_train,Ammonium-N,14,0.0311
y_true_train,Ammonium-N,14,0.122533333
y_true_train,Ammonium-N,14,0.174233333
y_true_train,Ammonium-N,14,0.103817696
y_true_train,Ammonium-N,14,0.3012
y_true_train,Ammonium-N,14,0.090733333
y_true_train,Ammonium-N,14,0.113816043
y_true_train,Ammonium-N,14,0.017273802
y_true_train,Ammonium-N,14,0.023441081
y_true_train,Ammonium-N,14,0.014438093
y_true_train,Ammonium-N,14,0.102719052
y_true_train,Ammonium-N,14,0.025966667
y_true_train,Ammonium-N,14,0.0393
y_true_train,Ammonium-N,14,0.026887548
y_true_train,Ammonium-N,14,0.253366667
y_true_train,Ammonium-N,14,0.044766667
y_true_train,Ammonium-N,14,0.018033333
y_true_train,Ammonium-N,14,0.0142
y_true_train,Ammonium-N,14,0.262866667
y_true_train,Ammonium-N,14,0.0198
y_true_train,Ammonium-N,14,0.011876873
y_true_train,Ammonium-N,14,0.007166791
y_true_train,Ammonium-N,14,0.020366667
y_true_train,Ammonium-N,14,0.0221
y_true_train,Ammonium-N,14,0.012570289
y_true_train,Ammonium-N,14,0.4519
y_true_train,Ammonium-N,14,0.034066667
y_true_train,Ammonium-N,14,0.0673
y_true_train,Ammonium-N,14,0.0149
y_true_train,Ammonium-N,14,0.110066667
y_true_train,Ammonium-N,14,0.006266667
y_true_train,Ammonium-N,14,0.011766667
y_true_train,Ammonium-N,14,0.0191
y_true_train,Ammonium-N,14,0.004
y_true_train,Ammonium-N,14,0.004922582
y_true_train,Ammonium-N,14,0.110989659
y_true_train,Ammonium-N,14,0.0067
y_true_train,Ammonium-N,14,0.012433333
y_true_train,Ammonium-N,14,0.0235
y_true_train,Ammonium-N,14,0.130166667
y_true_train,Ammonium-N,14,0.01610167
y_true_train,Ammonium-N,14,0.332333333
y_true_train,Ammonium-N,14,0.026266667
y_true_train,Ammonium-N,14,0.030166667
y_true_train,Ammonium-N,14,0.217466667
y_true_train,Ammonium-N,14,0.043166667
y_true_train,Ammonium-N,14,0.015166667
y_true_train,Ammonium-N,14,0.0255
y_true_train,Ammonium-N,14,0.007646588
y_true_train,Ammonium-N,14,0.035366667
y_true_train,Ammonium-N,14,0.0189
y_true_train,Ammonium-N,14,0.035133333
y_true_train,Ammonium-N,14,0.298466667
y_true_train,Ammonium-N,14,0.116224337
y_true_train,Ammonium-N,14,0.015833333
y_true_test,Ammonium-N,14,0.021233333
y_true_test,Ammonium-N,14,0.016837803
y_true_test,Ammonium-N,14,0.7161
y_true_test,Ammonium-N,14,0.0175
y_true_test,Ammonium-N,14,0.027433333
y_true_test,Ammonium-N,14,0.014438093
y_true_test,Ammonium-N,14,0.139659083
y_true_test,Ammonium-N,14,0.036566667
y_true_test,Ammonium-N,14,0.0216
y_true_test,Ammonium-N,14,0.039266667
y_true_test,Ammonium-N,14,0.007433333
y_true_test,Ammonium-N,14,0.013333333
y_true_test,Ammonium-N,14,0.018166667
y_true_test,Ammonium-N,14,0.011533333
y_true_test,Ammonium-N,14,0.0164
y_true_test,Ammonium-N,14,0.08343562
y_true_test,Ammonium-N,14,0.041333333
y_true_test,Ammonium-N,14,0.006433333
y_true_test,Ammonium-N,14,0.067433333
y_true_test,Ammonium-N,14,0.044866667
y_true_test,Ammonium-N,14,0.289433333
y_true_test,Ammonium-N,14,0.0184
y_true_test,Ammonium-N,14,0.318833333
y_true_test,Ammonium-N,14,0.0175
y_true_test,Ammonium-N,14,0.007133357
y_true_test,Ammonium-N,14,0.042333333
y_true_test,Ammonium-N,14,0.380266667
y_true_test,Ammonium-N,14,0.004
y_true_test,Ammonium-N,14,0.012937725
y_true_test,Ammonium-N,14,0.020533333
y_true_test,Ammonium-N,14,0.139659083
y_true_test,Ammonium-N,14,0.0377
y_true_test,Ammonium-N,14,0.11883142
y_true_test,Ammonium-N,14,0.019033333
y_true_test,Ammonium-N,14,0.022549305
y_true_test,Ammonium-N,14,0.0235
y_true_test,Ammonium-N,14,0.033733333
y_true_test,Ammonium-N,14,0.174233333
y_true_test,Ammonium-N,14,0.0301
y_true_test,Ammonium-N,14,0.017890737
y_true_test,Ammonium-N,14,0.0046
y_true_test,Ammonium-N,14,0.03337575
y_true_test,Ammonium-N,14,0.013033333
y_true_test,Ammonium-N,14,0.10513478
y_true_test,Ammonium-N,14,0.0249
y_true_test,Ammonium-N,14,0.101033333
test_ind,Ammonium-N,14,49.0
test_ind,Ammonium-N,14,80.0
test_ind,Ammonium-N,14,12.0
test_ind,Ammonium-N,14,121.0
test_ind,Ammonium-N,14,270.0
test_ind,Ammonium-N,14,126.0
test_ind,Ammonium-N,14,78.0
test_ind,Ammonium-N,14,237.0
test_ind,Ammonium-N,14,48.0
test_ind,Ammonium-N,14,238.0
test_ind,Ammonium-N,14,258.0
test_ind,Ammonium-N,14,38.0
test_ind,Ammonium-N,14,250.0
test_ind,Ammonium-N,14,382.0
test_ind,Ammonium-N,14,41.0
test_ind,Ammonium-N,14,218.0
test_ind,Ammonium-N,14,59.0
test_ind,Ammonium-N,14,269.0
test_ind,Ammonium-N,14,395.0
test_ind,Ammonium-N,14,236.0
test_ind,Ammonium-N,14,11.0
test_ind,Ammonium-N,14,43.0
test_ind,Ammonium-N,14,14.0
test_ind,Ammonium-N,14,122.0
test_ind,Ammonium-N,14,95.0
test_ind,Ammonium-N,14,262.0
test_ind,Ammonium-N,14,6.0
test_ind,Ammonium-N,14,231.0
test_ind,Ammonium-N,14,145.0
test_ind,Ammonium-N,14,100.0
test_ind,Ammonium-N,14,77.0
test_ind,Ammonium-N,14,232.0
test_ind,Ammonium-N,14,172.0
test_ind,Ammonium-N,14,28.0
test_ind,Ammonium-N,14,167.0
test_ind,Ammonium-N,14,74.0
test_ind,Ammonium-N,14,398.0
test_ind,Ammonium-N,14,191.0
test_ind,Ammonium-N,14,284.0
test_ind,Ammonium-N,14,104.0
test_ind,Ammonium-N,14,298.0
test_ind,Ammonium-N,14,99.0
test_ind,Ammonium-N,14,29.0
test_ind,Ammonium-N,14,193.0
test_ind,Ammonium-N,14,268.0
test_ind,Ammonium-N,14,315.0
train_ind,Ammonium-N,14,69.0
train_ind,Ammonium-N,14,15.0
train_ind,Ammonium-N,14,76.0
train_ind,Ammonium-N,14,216.0
train_ind,Ammonium-N,14,102.0
train_ind,Ammonium-N,14,52.0
train_ind,Ammonium-N,14,292.0
train_ind,Ammonium-N,14,390.0
train_ind,Ammonium-N,14,215.0
train_ind,Ammonium-N,14,370.0
train_ind,Ammonium-N,14,385.0
train_ind,Ammonium-N,14,67.0
train_ind,Ammonium-N,14,123.0
train_ind,Ammonium-N,14,279.0
train_ind,Ammonium-N,14,143.0
train_ind,Ammonium-N,14,220.0
train_ind,Ammonium-N,14,300.0
train_ind,Ammonium-N,14,213.0
train_ind,Ammonium-N,14,243.0
train_ind,Ammonium-N,14,304.0
train_ind,Ammonium-N,14,168.0
train_ind,Ammonium-N,14,175.0
train_ind,Ammonium-N,14,244.0
train_ind,Ammonium-N,14,233.0
train_ind,Ammonium-N,14,171.0
train_ind,Ammonium-N,14,141.0
train_ind,Ammonium-N,14,194.0
train_ind,Ammonium-N,14,266.0
train_ind,Ammonium-N,14,381.0
train_ind,Ammonium-N,14,72.0
train_ind,Ammonium-N,14,101.0
train_ind,Ammonium-N,14,299.0
train_ind,Ammonium-N,14,57.0
train_ind,Ammonium-N,14,392.0
train_ind,Ammonium-N,14,8.0
train_ind,Ammonium-N,14,20.0
train_ind,Ammonium-N,14,278.0
train_ind,Ammonium-N,14,119.0
train_ind,Ammonium-N,14,34.0
train_ind,Ammonium-N,14,103.0
train_ind,Ammonium-N,14,378.0
train_ind,Ammonium-N,14,295.0
train_ind,Ammonium-N,14,291.0
train_ind,Ammonium-N,14,138.0
train_ind,Ammonium-N,14,188.0
train_ind,Ammonium-N,14,257.0
train_ind,Ammonium-N,14,173.0
train_ind,Ammonium-N,14,386.0
train_ind,Ammonium-N,14,305.0
train_ind,Ammonium-N,14,247.0
train_ind,Ammonium-N,14,42.0
train_ind,Ammonium-N,14,306.0
train_ind,Ammonium-N,14,190.0
train_ind,Ammonium-N,14,124.0
train_ind,Ammonium-N,14,27.0
train_ind,Ammonium-N,14,311.0
train_ind,Ammonium-N,14,192.0
train_ind,Ammonium-N,14,187.0
train_ind,Ammonium-N,14,174.0
train_ind,Ammonium-N,14,125.0
train_ind,Ammonium-N,14,144.0
train_ind,Ammonium-N,14,39.0
train_ind,Ammonium-N,14,61.0
train_ind,Ammonium-N,14,98.0
train_ind,Ammonium-N,14,17.0
train_ind,Ammonium-N,14,142.0
train_ind,Ammonium-N,14,252.0
train_ind,Ammonium-N,14,391.0
train_ind,Ammonium-N,14,3.0
train_ind,Ammonium-N,14,274.0
train_ind,Ammonium-N,14,94.0
train_ind,Ammonium-N,14,219.0
train_ind,Ammonium-N,14,280.0
train_ind,Ammonium-N,14,55.0
train_ind,Ammonium-N,14,136.0
train_ind,Ammonium-N,14,16.0
train_ind,Ammonium-N,14,64.0
train_ind,Ammonium-N,14,372.0
train_ind,Ammonium-N,14,281.0
train_ind,Ammonium-N,14,302.0
train_ind,Ammonium-N,14,36.0
train_ind,Ammonium-N,14,361.0
train_ind,Ammonium-N,14,293.0
train_ind,Ammonium-N,14,165.0
train_ind,Ammonium-N,14,164.0
train_ind,Ammonium-N,14,79.0
train_ind,Ammonium-N,14,248.0
train_ind,Ammonium-N,14,287.0
train_ind,Ammonium-N,14,75.0
train_ind,Ammonium-N,14,312.0
train_ind,Ammonium-N,14,212.0
train_ind,Ammonium-N,14,2.0
train_ind,Ammonium-N,14,374.0
train_ind,Ammonium-N,14,389.0
train_ind,Ammonium-N,14,9.0
train_ind,Ammonium-N,14,65.0
train_ind,Ammonium-N,14,51.0
train_ind,Ammonium-N,14,265.0
train_ind,Ammonium-N,14,139.0
train_ind,Ammonium-N,14,373.0
train_ind,Ammonium-N,14,249.0
train_ind,Ammonium-N,14,170.0
train_ind,Ammonium-N,14,23.0
train_ind,Ammonium-N,14,217.0
train_ind,Ammonium-N,14,260.0
test_rsq,Ammonium-N,14,-0.05503614695031911
train_rsq,Ammonium-N,14,0.08241915365163455
test_rmse,Ammonium-N,14,0.12959395681497152
train_rmse,Ammonium-N,14,0.08254406380080695
test_mape,Ammonium-N,14,278.4035057381816
train_mape,Ammonium-N,14,272.9720058409251
n_comp,Ammonium-N,14,4.0
y_hat_test,Ammonium-N,15,0.10580879131178314
y_hat_test,Ammonium-N,15,0.04341449731225851
y_hat_test,Ammonium-N,15,-0.11479580075472354
y_hat_test,Ammonium-N,15,0.024246815244641895
y_hat_test,Ammonium-N,15,0.06816569002869322
y_hat_test,Ammonium-N,15,0.08463003743424127
y_hat_test,Ammonium-N,15,0.07620086205730212
y_hat_test,Ammonium-N,15,0.06336165336206065
y_hat_test,Ammonium-N,15,0.05398814876433988
y_hat_test,Ammonium-N,15,-0.043816921947610735
y_hat_test,Ammonium-N,15,-0.013630291630809782
y_hat_test,Ammonium-N,15,0.047838729493537305
y_hat_test,Ammonium-N,15,0.0905146611855461
y_hat_test,Ammonium-N,15,0.02139373398232486
y_hat_test,Ammonium-N,15,-0.011112762413275357
y_hat_test,Ammonium-N,15,0.04450788632651902
y_hat_test,Ammonium-N,15,-0.04240324081701423
y_hat_test,Ammonium-N,15,-0.002614254191339732
y_hat_test,Ammonium-N,15,0.14222136087709403
y_hat_test,Ammonium-N,15,0.0735097203496688
y_hat_test,Ammonium-N,15,0.09814847794399639
y_hat_test,Ammonium-N,15,0.07423877262384744
y_hat_test,Ammonium-N,15,0.005983321679777331
y_hat_test,Ammonium-N,15,0.006891106745530957
y_hat_test,Ammonium-N,15,0.10525788753632709
y_hat_test,Ammonium-N,15,0.12567882743686418
y_hat_test,Ammonium-N,15,0.06818362351739399
y_hat_test,Ammonium-N,15,0.0002890097667093
y_hat_test,Ammonium-N,15,0.0441357204271587
y_hat_test,Ammonium-N,15,0.2054129281538006
y_hat_test,Ammonium-N,15,0.07878309685871629
y_hat_test,Ammonium-N,15,0.0167510972700734
y_hat_test,Ammonium-N,15,0.08651443156937656
y_hat_test,Ammonium-N,15,0.020827142440602395
y_hat_test,Ammonium-N,15,0.0016741204835112322
y_hat_test,Ammonium-N,15,0.0354765842269603
y_hat_test,Ammonium-N,15,0.011613795374870395
y_hat_test,Ammonium-N,15,0.119685260216598
y_hat_test,Ammonium-N,15,0.06615313904041577
y_hat_test,Ammonium-N,15,0.0813425762728938
y_hat_test,Ammonium-N,15,0.02241757244420138
y_hat_test,Ammonium-N,15,0.11308869144080172
y_hat_test,Ammonium-N,15,0.18864721069696452
y_hat_test,Ammonium-N,15,0.07644612741986503
y_hat_test,Ammonium-N,15,-0.013220303889498186
y_hat_test,Ammonium-N,15,0.11379580753811697
y_hat_train,Ammonium-N,15,0.27534148101647404
y_hat_train,Ammonium-N,15,0.029007340002826662
y_hat_train,Ammonium-N,15,0.02386859515856308
y_hat_train,Ammonium-N,15,0.0020843017926025498
y_hat_train,Ammonium-N,15,0.026495264586910566
y_hat_train,Ammonium-N,15,0.01321750038673633
y_hat_train,Ammonium-N,15,0.02178234522813899
y_hat_train,Ammonium-N,15,0.019745096852321606
y_hat_train,Ammonium-N,15,0.10765791630413454
y_hat_train,Ammonium-N,15,0.17450300046644981
y_hat_train,Ammonium-N,15,0.016506388986603435
y_hat_train,Ammonium-N,15,0.11346674443927722
y_hat_train,Ammonium-N,15,0.060548028618502225
y_hat_train,Ammonium-N,15,0.07401272131107058
y_hat_train,Ammonium-N,15,0.20576894237850885
y_hat_train,Ammonium-N,15,0.04434591002793084
y_hat_train,Ammonium-N,15,0.27000001032352744
y_hat_train,Ammonium-N,15,0.03634642800045402
y_hat_train,Ammonium-N,15,0.0025974798906320262
y_hat_train,Ammonium-N,15,0.016913251874885786
y_hat_train,Ammonium-N,15,0.009692544710554425
y_hat_train,Ammonium-N,15,0.013481074976840507
y_hat_train,Ammonium-N,15,0.011801118443832581
y_hat_train,Ammonium-N,15,0.028615890380882386
y_hat_train,Ammonium-N,15,0.029142534954396004
y_hat_train,Ammonium-N,15,0.02699041379277508
y_hat_train,Ammonium-N,15,0.10275051621551773
y_hat_train,Ammonium-N,15,0.019281229130088264
y_hat_train,Ammonium-N,15,0.0227127063582059
y_hat_train,Ammonium-N,15,0.012181788285153865
y_hat_train,Ammonium-N,15,0.012286922147107526
y_hat_train,Ammonium-N,15,0.01227096325237581
y_hat_train,Ammonium-N,15,0.02956577881674867
y_hat_train,Ammonium-N,15,-0.001584893522679022
y_hat_train,Ammonium-N,15,0.044348674013757125
y_hat_train,Ammonium-N,15,0.01321317959343589
y_hat_train,Ammonium-N,15,0.008222190420517035
y_hat_train,Ammonium-N,15,0.01269515571070657
y_hat_train,Ammonium-N,15,0.07336267331953888
y_hat_train,Ammonium-N,15,0.011831027137495953
y_hat_train,Ammonium-N,15,0.027338240545158154
y_hat_train,Ammonium-N,15,0.10821356880804817
y_hat_train,Ammonium-N,15,0.0203139654004669
y_hat_train,Ammonium-N,15,0.03685499355658781
y_hat_train,Ammonium-N,15,0.36963049183920993
y_hat_train,Ammonium-N,15,0.04834853656170565
y_hat_train,Ammonium-N,15,0.02881163933395487
y_hat_train,Ammonium-N,15,0.11709089767894515
y_hat_train,Ammonium-N,15,0.016432743882153197
y_hat_train,Ammonium-N,15,0.03901781033278459
y_hat_train,Ammonium-N,15,0.018726551466967924
y_hat_train,Ammonium-N,15,0.09871497549507849
y_hat_train,Ammonium-N,15,0.014058814334553478
y_hat_train,Ammonium-N,15,0.042170329494884654
y_hat_train,Ammonium-N,15,0.0026128654808206045
y_hat_train,Ammonium-N,15,0.11973382612665948
y_hat_train,Ammonium-N,15,0.024606176567352596
y_hat_train,Ammonium-N,15,0.02422618370206242
y_hat_train,Ammonium-N,15,0.0076632324924302345
y_hat_train,Ammonium-N,15,0.15776422538458917
y_hat_train,Ammonium-N,15,0.007275676605166016
y_hat_train,Ammonium-N,15,0.0011362976789926066
y_hat_train,Ammonium-N,15,0.29059857794359945
y_hat_train,Ammonium-N,15,0.2218529387273606
y_hat_train,Ammonium-N,15,0.04918276681795686
y_hat_train,Ammonium-N,15,0.07713483138931106
y_hat_train,Ammonium-N,15,0.09584363229130714
y_hat_train,Ammonium-N,15,0.005961066642667406
y_hat_train,Ammonium-N,15,0.033699792136755086
y_hat_train,Ammonium-N,15,0.03857890559866449
y_hat_train,Ammonium-N,15,0.023330349486474347
y_hat_train,Ammonium-N,15,0.1363090162513193
y_hat_train,Ammonium-N,15,0.04244776810803115
y_hat_train,Ammonium-N,15,0.11263814417589184
y_hat_train,Ammonium-N,15,0.016869078886860456
y_hat_train,Ammonium-N,15,0.001415803425806085
y_hat_train,Ammonium-N,15,0.008371981770748993
y_hat_train,Ammonium-N,15,0.11292946328523806
y_hat_train,Ammonium-N,15,0.1184319937873354
y_hat_train,Ammonium-N,15,0.023337751283224482
y_hat_train,Ammonium-N,15,0.057372917399362525
y_hat_train,Ammonium-N,15,0.03425221241535114
y_hat_train,Ammonium-N,15,0.02491059684060451
y_hat_train,Ammonium-N,15,0.04635821772911351
y_hat_train,Ammonium-N,15,0.27285777184528365
y_hat_train,Ammonium-N,15,0.0310776354383099
y_hat_train,Ammonium-N,15,0.09851965599047019
y_hat_train,Ammonium-N,15,0.012214210553426377
y_hat_train,Ammonium-N,15,0.0186055581308628
y_hat_train,Ammonium-N,15,0.18573871019479044
y_hat_train,Ammonium-N,15,-0.009384862227275678
y_hat_train,Ammonium-N,15,0.031221171589204105
y_hat_train,Ammonium-N,15,0.02577441511324015
y_hat_train,Ammonium-N,15,0.12533627409397774
y_hat_train,Ammonium-N,15,0.018827643231237895
y_hat_train,Ammonium-N,15,0.23994820350096188
y_hat_train,Ammonium-N,15,0.035977992868827656
y_hat_train,Ammonium-N,15,0.018586970370282105
y_hat_train,Ammonium-N,15,0.010349599582072287
y_hat_train,Ammonium-N,15,0.005352258508113078
y_hat_train,Ammonium-N,15,0.01190284344384096
y_hat_train,Ammonium-N,15,0.10870085630794883
y_hat_train,Ammonium-N,15,0.03195150924058658
y_hat_train,Ammonium-N,15,0.1381027193227775
y_hat_train,Ammonium-N,15,0.05359244595573609
y_true_train,Ammonium-N,15,0.270233333
y_true_train,Ammonium-N,15,0.01610167
y_true_train,Ammonium-N,15,0.0235
y_true_train,Ammonium-N,15,0.0046
y_true_train,Ammonium-N,15,0.033733333
y_true_train,Ammonium-N,15,0.019933333
y_true_train,Ammonium-N,15,0.030166667
y_true_train,Ammonium-N,15,0.007166791
y_true_train,Ammonium-N,15,0.11883142
y_true_train,Ammonium-N,15,0.174233333
y_true_train,Ammonium-N,15,0.011876873
y_true_train,Ammonium-N,15,0.10513478
y_true_train,Ammonium-N,15,0.067433333
y_true_train,Ammonium-N,15,0.0673
y_true_train,Ammonium-N,15,0.1929
y_true_train,Ammonium-N,15,0.035366667
y_true_train,Ammonium-N,15,0.2686
y_true_train,Ammonium-N,15,0.015833333
y_true_train,Ammonium-N,15,0.004
y_true_train,Ammonium-N,15,0.013633333
y_true_train,Ammonium-N,15,0.008786351
y_true_train,Ammonium-N,15,0.019033333
y_true_train,Ammonium-N,15,0.004
y_true_train,Ammonium-N,15,0.0235
y_true_train,Ammonium-N,15,0.03337575
y_true_train,Ammonium-N,15,0.006433333
y_true_train,Ammonium-N,15,0.089046085
y_true_train,Ammonium-N,15,0.0175
y_true_train,Ammonium-N,15,0.022549305
y_true_train,Ammonium-N,15,0.025666667
y_true_train,Ammonium-N,15,0.017558316
y_true_train,Ammonium-N,15,0.0249
y_true_train,Ammonium-N,15,0.0255
y_true_train,Ammonium-N,15,0.012433333
y_true_train,Ammonium-N,15,0.043166667
y_true_train,Ammonium-N,15,0.017273802
y_true_train,Ammonium-N,15,0.0148
y_true_train,Ammonium-N,15,0.013333333
y_true_train,Ammonium-N,15,0.064266667
y_true_train,Ammonium-N,15,0.011533333
y_true_train,Ammonium-N,15,0.017890737
y_true_train,Ammonium-N,15,0.113816043
y_true_train,Ammonium-N,15,0.007433333
y_true_train,Ammonium-N,15,0.0377
y_true_train,Ammonium-N,15,0.380266667
y_true_train,Ammonium-N,15,0.042633333
y_true_train,Ammonium-N,15,0.0491
y_true_train,Ammonium-N,15,0.116224337
y_true_train,Ammonium-N,15,0.023441081
y_true_train,Ammonium-N,15,0.041333333
y_true_train,Ammonium-N,15,0.0134
y_true_train,Ammonium-N,15,0.107070292
y_true_train,Ammonium-N,15,0.018225094
y_true_train,Ammonium-N,15,0.026887548
y_true_train,Ammonium-N,15,0.010354731
y_true_train,Ammonium-N,15,0.122533333
y_true_train,Ammonium-N,15,0.021233333
y_true_train,Ammonium-N,15,0.042333333
y_true_train,Ammonium-N,15,0.0067
y_true_train,Ammonium-N,15,0.1658
y_true_train,Ammonium-N,15,0.016837803
y_true_train,Ammonium-N,15,0.012937725
y_true_train,Ammonium-N,15,0.318833333
y_true_train,Ammonium-N,15,0.217466667
y_true_train,Ammonium-N,15,0.049066667
y_true_train,Ammonium-N,15,0.067166667
y_true_train,Ammonium-N,15,0.090733333
y_true_train,Ammonium-N,15,0.011766667
y_true_train,Ammonium-N,15,0.040266667
y_true_train,Ammonium-N,15,0.044766667
y_true_train,Ammonium-N,15,0.0184
y_true_train,Ammonium-N,15,0.139659083
y_true_train,Ammonium-N,15,0.041933333
y_true_train,Ammonium-N,15,0.110989659
y_true_train,Ammonium-N,15,0.007810801
y_true_train,Ammonium-N,15,0.0175
y_true_train,Ammonium-N,15,0.018033333
y_true_train,Ammonium-N,15,0.102719052
y_true_train,Ammonium-N,15,0.104686248
y_true_train,Ammonium-N,15,0.023441081
y_true_train,Ammonium-N,15,0.049
y_true_train,Ammonium-N,15,0.030533333
y_true_train,Ammonium-N,15,0.0229
y_true_train,Ammonium-N,15,0.036566667
y_true_train,Ammonium-N,15,0.262866667
y_true_train,Ammonium-N,15,0.0198
y_true_train,Ammonium-N,15,0.103817696
y_true_train,Ammonium-N,15,0.013033333
y_true_train,Ammonium-N,15,0.0189
y_true_train,Ammonium-N,15,0.174233333
y_true_train,Ammonium-N,15,0.007133357
y_true_train,Ammonium-N,15,0.025966667
y_true_train,Ammonium-N,15,0.0235
y_true_train,Ammonium-N,15,0.139659083
y_true_train,Ammonium-N,15,0.0064
y_true_train,Ammonium-N,15,0.253366667
y_true_train,Ammonium-N,15,0.044766667
y_true_train,Ammonium-N,15,0.0216
y_true_train,Ammonium-N,15,0.006266667
y_true_train,Ammonium-N,15,0.0149
y_true_train,Ammonium-N,15,0.004291076
y_true_train,Ammonium-N,15,0.110066667
y_true_train,Ammonium-N,15,0.0301
y_true_train,Ammonium-N,15,0.130166667
y_true_train,Ammonium-N,15,0.050433333
y_true_test,Ammonium-N,15,0.7161
y_true_test,Ammonium-N,15,0.007646588
y_true_test,Ammonium-N,15,0.007166791
y_true_test,Ammonium-N,15,0.0393
y_true_test,Ammonium-N,15,0.034066667
y_true_test,Ammonium-N,15,0.099783572
y_true_test,Ammonium-N,15,0.022166667
y_true_test,Ammonium-N,15,0.050533333
y_true_test,Ammonium-N,15,0.012570289
y_true_test,Ammonium-N,15,0.101033333
y_true_test,Ammonium-N,15,0.015666667
y_true_test,Ammonium-N,15,0.039266667
y_true_test,Ammonium-N,15,0.101468935
y_true_test,Ammonium-N,15,0.004922582
y_true_test,Ammonium-N,15,0.042033333
y_true_test,Ammonium-N,15,0.015166667
y_true_test,Ammonium-N,15,0.044866667
y_true_test,Ammonium-N,15,0.001266667
y_true_test,Ammonium-N,15,0.4519
y_true_test,Ammonium-N,15,0.094333333
y_true_test,Ammonium-N,15,0.035133333
y_true_test,Ammonium-N,15,0.020533333
y_true_test,Ammonium-N,15,0.025666667
y_true_test,Ammonium-N,15,0.014438093
y_true_test,Ammonium-N,15,0.020533333
y_true_test,Ammonium-N,15,0.289433333
y_true_test,Ammonium-N,15,0.027433333
y_true_test,Ammonium-N,15,0.018166667
y_true_test,Ammonium-N,15,0.0191
y_true_test,Ammonium-N,15,0.013835059
y_true_test,Ammonium-N,15,0.332333333
y_true_test,Ammonium-N,15,0.008033333
y_true_test,Ammonium-N,15,0.035133333
y_true_test,Ammonium-N,15,0.020366667
y_true_test,Ammonium-N,15,0.0164
y_true_test,Ammonium-N,15,0.0221
y_true_test,Ammonium-N,15,0.0142
y_true_test,Ammonium-N,15,0.298466667
y_true_test,Ammonium-N,15,0.0311
y_true_test,Ammonium-N,15,0.014438093
y_true_test,Ammonium-N,15,0.0254
y_true_test,Ammonium-N,15,0.3012
y_true_test,Ammonium-N,15,0.2993
y_true_test,Ammonium-N,15,0.08343562
y_true_test,Ammonium-N,15,0.017633333
y_true_test,Ammonium-N,15,0.026266667
test_ind,Ammonium-N,15,12.0
test_ind,Ammonium-N,15,139.0
test_ind,Ammonium-N,15,219.0
test_ind,Ammonium-N,15,61.0
test_ind,Ammonium-N,15,64.0
test_ind,Ammonium-N,15,123.0
test_ind,Ammonium-N,15,266.0
test_ind,Ammonium-N,15,243.0
test_ind,Ammonium-N,15,136.0
test_ind,Ammonium-N,15,315.0
test_ind,Ammonium-N,15,300.0
test_ind,Ammonium-N,15,238.0
test_ind,Ammonium-N,15,173.0
test_ind,Ammonium-N,15,164.0
test_ind,Ammonium-N,15,279.0
test_ind,Ammonium-N,15,51.0
test_ind,Ammonium-N,15,236.0
test_ind,Ammonium-N,15,247.0
test_ind,Ammonium-N,15,16.0
test_ind,Ammonium-N,15,305.0
test_ind,Ammonium-N,15,170.0
test_ind,Ammonium-N,15,100.0
test_ind,Ammonium-N,15,215.0
test_ind,Ammonium-N,15,125.0
test_ind,Ammonium-N,15,101.0
test_ind,Ammonium-N,15,11.0
test_ind,Ammonium-N,15,270.0
test_ind,Ammonium-N,15,250.0
test_ind,Ammonium-N,15,293.0
test_ind,Ammonium-N,15,188.0
test_ind,Ammonium-N,15,2.0
test_ind,Ammonium-N,15,386.0
test_ind,Ammonium-N,15,171.0
test_ind,Ammonium-N,15,280.0
test_ind,Ammonium-N,15,41.0
test_ind,Ammonium-N,15,55.0
test_ind,Ammonium-N,15,391.0
test_ind,Ammonium-N,15,23.0
test_ind,Ammonium-N,15,42.0
test_ind,Ammonium-N,15,126.0
test_ind,Ammonium-N,15,278.0
test_ind,Ammonium-N,15,27.0
test_ind,Ammonium-N,15,20.0
test_ind,Ammonium-N,15,218.0
test_ind,Ammonium-N,15,381.0
test_ind,Ammonium-N,15,374.0
train_ind,Ammonium-N,15,15.0
train_ind,Ammonium-N,15,212.0
train_ind,Ammonium-N,15,74.0
train_ind,Ammonium-N,15,298.0
train_ind,Ammonium-N,15,398.0
train_ind,Ammonium-N,15,295.0
train_ind,Ammonium-N,15,389.0
train_ind,Ammonium-N,15,220.0
train_ind,Ammonium-N,15,172.0
train_ind,Ammonium-N,15,191.0
train_ind,Ammonium-N,15,94.0
train_ind,Ammonium-N,15,193.0
train_ind,Ammonium-N,15,395.0
train_ind,Ammonium-N,15,372.0
train_ind,Ammonium-N,15,370.0
train_ind,Ammonium-N,15,373.0
train_ind,Ammonium-N,15,8.0
train_ind,Ammonium-N,15,260.0
train_ind,Ammonium-N,15,165.0
train_ind,Ammonium-N,15,392.0
train_ind,Ammonium-N,15,119.0
train_ind,Ammonium-N,15,28.0
train_ind,Ammonium-N,15,231.0
train_ind,Ammonium-N,15,76.0
train_ind,Ammonium-N,15,99.0
train_ind,Ammonium-N,15,269.0
train_ind,Ammonium-N,15,143.0
train_ind,Ammonium-N,15,122.0
train_ind,Ammonium-N,15,167.0
train_ind,Ammonium-N,15,216.0
train_ind,Ammonium-N,15,72.0
train_ind,Ammonium-N,15,268.0
train_ind,Ammonium-N,15,265.0
train_ind,Ammonium-N,15,287.0
train_ind,Ammonium-N,15,65.0
train_ind,Ammonium-N,15,187.0
train_ind,Ammonium-N,15,34.0
train_ind,Ammonium-N,15,38.0
train_ind,Ammonium-N,15,385.0
train_ind,Ammonium-N,15,382.0
train_ind,Ammonium-N,15,104.0
train_ind,Ammonium-N,15,192.0
train_ind,Ammonium-N,15,258.0
train_ind,Ammonium-N,15,232.0
train_ind,Ammonium-N,15,6.0
train_ind,Ammonium-N,15,67.0
train_ind,Ammonium-N,15,233.0
train_ind,Ammonium-N,15,217.0
train_ind,Ammonium-N,15,175.0
train_ind,Ammonium-N,15,59.0
train_ind,Ammonium-N,15,291.0
train_ind,Ammonium-N,15,102.0
train_ind,Ammonium-N,15,194.0
train_ind,Ammonium-N,15,98.0
train_ind,Ammonium-N,15,138.0
train_ind,Ammonium-N,15,306.0
train_ind,Ammonium-N,15,49.0
train_ind,Ammonium-N,15,262.0
train_ind,Ammonium-N,15,248.0
train_ind,Ammonium-N,15,304.0
train_ind,Ammonium-N,15,80.0
train_ind,Ammonium-N,15,145.0
train_ind,Ammonium-N,15,14.0
train_ind,Ammonium-N,15,9.0
train_ind,Ammonium-N,15,244.0
train_ind,Ammonium-N,15,57.0
train_ind,Ammonium-N,15,311.0
train_ind,Ammonium-N,15,361.0
train_ind,Ammonium-N,15,292.0
train_ind,Ammonium-N,15,142.0
train_ind,Ammonium-N,15,43.0
train_ind,Ammonium-N,15,78.0
train_ind,Ammonium-N,15,299.0
train_ind,Ammonium-N,15,79.0
train_ind,Ammonium-N,15,168.0
train_ind,Ammonium-N,15,121.0
train_ind,Ammonium-N,15,252.0
train_ind,Ammonium-N,15,144.0
train_ind,Ammonium-N,15,103.0
train_ind,Ammonium-N,15,174.0
train_ind,Ammonium-N,15,69.0
train_ind,Ammonium-N,15,52.0
train_ind,Ammonium-N,15,390.0
train_ind,Ammonium-N,15,237.0
train_ind,Ammonium-N,15,3.0
train_ind,Ammonium-N,15,274.0
train_ind,Ammonium-N,15,124.0
train_ind,Ammonium-N,15,29.0
train_ind,Ammonium-N,15,249.0
train_ind,Ammonium-N,15,190.0
train_ind,Ammonium-N,15,95.0
train_ind,Ammonium-N,15,39.0
train_ind,Ammonium-N,15,75.0
train_ind,Ammonium-N,15,77.0
train_ind,Ammonium-N,15,257.0
train_ind,Ammonium-N,15,17.0
train_ind,Ammonium-N,15,141.0
train_ind,Ammonium-N,15,48.0
train_ind,Ammonium-N,15,36.0
train_ind,Ammonium-N,15,281.0
train_ind,Ammonium-N,15,213.0
train_ind,Ammonium-N,15,302.0
train_ind,Ammonium-N,15,284.0
train_ind,Ammonium-N,15,312.0
train_ind,Ammonium-N,15,378.0
test_rsq,Ammonium-N,15,0.15983157094253786
train_rsq,Ammonium-N,15,0.985354150496218
test_rmse,Ammonium-N,15,0.12912426177946007
train_rmse,Ammonium-N,15,0.009005083134083856
test_mape,Ammonium-N,15,199.63937533056665
train_mape,Ammonium-N,15,36.429245460000665
n_comp,Ammonium-N,15,18.0
y_hat_test,Ammonium-N,16,0.08457637646336766
y_hat_test,Ammonium-N,16,0.12180293739327078
y_hat_test,Ammonium-N,16,0.06089952038997112
y_hat_test,Ammonium-N,16,0.012003515397337898
y_hat_test,Ammonium-N,16,0.07125873646895602
y_hat_test,Ammonium-N,16,0.07383821321196693
y_hat_test,Ammonium-N,16,0.04335606305831086
y_hat_test,Ammonium-N,16,0.07438866399550052
y_hat_test,Ammonium-N,16,0.048540798694517315
y_hat_test,Ammonium-N,16,0.017504908203102874
y_hat_test,Ammonium-N,16,0.13468643802242738
y_hat_test,Ammonium-N,16,0.15595944990863397
y_hat_test,Ammonium-N,16,0.07317703826966614
y_hat_test,Ammonium-N,16,0.028725589026858525
y_hat_test,Ammonium-N,16,0.11637955706384395
y_hat_test,Ammonium-N,16,0.04864113751293922
y_hat_test,Ammonium-N,16,0.044400113880888825
y_hat_test,Ammonium-N,16,0.037730359523447575
y_hat_test,Ammonium-N,16,0.07875925560715762
y_hat_test,Ammonium-N,16,0.048036165711121535
y_hat_test,Ammonium-N,16,0.06362974922057166
y_hat_test,Ammonium-N,16,0.13790554729025134
y_hat_test,Ammonium-N,16,0.06411583915026903
y_hat_test,Ammonium-N,16,0.08081032707642338
y_hat_test,Ammonium-N,16,0.04440945140077571
y_hat_test,Ammonium-N,16,0.030497241966082132
y_hat_test,Ammonium-N,16,0.03790416741111467
y_hat_test,Ammonium-N,16,0.04411949787159444
y_hat_test,Ammonium-N,16,0.07110726672307126
y_hat_test,Ammonium-N,16,0.06643180943538493
y_hat_test,Ammonium-N,16,0.04969329971138432
y_hat_test,Ammonium-N,16,0.03238850632976828
y_hat_test,Ammonium-N,16,0.09706897702498965
y_hat_test,Ammonium-N,16,0.06499009145197004
y_hat_test,Ammonium-N,16,0.08176141904840865
y_hat_test,Ammonium-N,16,0.09242934392620017
y_hat_test,Ammonium-N,16,0.022940364334571084
y_hat_test,Ammonium-N,16,0.08165907301251857
y_hat_test,Ammonium-N,16,0.18233476456231484
y_hat_test,Ammonium-N,16,0.023454162239498914
y_hat_test,Ammonium-N,16,0.1328843205853055
y_hat_test,Ammonium-N,16,0.07486682345469009
y_hat_test,Ammonium-N,16,0.03520772683647865
y_hat_test,Ammonium-N,16,0.02763566148932843
y_hat_test,Ammonium-N,16,0.07468040394505832
y_hat_test,Ammonium-N,16,0.061182668240148855
y_hat_train,Ammonium-N,16,0.05073516576874697
y_hat_train,Ammonium-N,16,0.09948735501463268
y_hat_train,Ammonium-N,16,0.08798629126834073
y_hat_train,Ammonium-N,16,0.06830268555458167
y_hat_train,Ammonium-N,16,0.02218606343401075
y_hat_train,Ammonium-N,16,0.011500519104858699
y_hat_train,Ammonium-N,16,0.028410661769833208
y_hat_train,Ammonium-N,16,0.04425265917030996
y_hat_train,Ammonium-N,16,0.12660710294245753
y_hat_train,Ammonium-N,16,0.059721915995237324
y_hat_train,Ammonium-N,16,0.09730426167615444
y_hat_train,Ammonium-N,16,0.029531572954906875
y_hat_train,Ammonium-N,16,0.1194663394083614
y_hat_train,Ammonium-N,16,0.06940348971620082
y_hat_train,Ammonium-N,16,0.05031978810373836
y_hat_train,Ammonium-N,16,0.09152399436199579
y_hat_train,Ammonium-N,16,0.03590977927090277
y_hat_train,Ammonium-N,16,0.031459831855481624
y_hat_train,Ammonium-N,16,0.08217320154598567
y_hat_train,Ammonium-N,16,0.049236141423223606
y_hat_train,Ammonium-N,16,0.0678948219386941
y_hat_train,Ammonium-N,16,0.02372407203366128
y_hat_train,Ammonium-N,16,0.14414024892801403
y_hat_train,Ammonium-N,16,0.12227859140072357
y_hat_train,Ammonium-N,16,0.11730388920529522
y_hat_train,Ammonium-N,16,0.04743367164884413
y_hat_train,Ammonium-N,16,0.10954224589071841
y_hat_train,Ammonium-N,16,0.12405200581583409
y_hat_train,Ammonium-N,16,0.07787180817008023
y_hat_train,Ammonium-N,16,0.06979111406898375
y_hat_train,Ammonium-N,16,0.12081263639863404
y_hat_train,Ammonium-N,16,0.11208027406742699
y_hat_train,Ammonium-N,16,-0.004983511377428584
y_hat_train,Ammonium-N,16,0.03898903897196743
y_hat_train,Ammonium-N,16,0.16598625393621325
y_hat_train,Ammonium-N,16,0.06388407580357224
y_hat_train,Ammonium-N,16,0.09602956197129434
y_hat_train,Ammonium-N,16,0.13577280072779302
y_hat_train,Ammonium-N,16,0.07696163915084045
y_hat_train,Ammonium-N,16,0.07744506652965553
y_hat_train,Ammonium-N,16,0.038410889416769504
y_hat_train,Ammonium-N,16,0.032301295321270754
y_hat_train,Ammonium-N,16,0.04028705138934227
y_hat_train,Ammonium-N,16,0.03913054630421404
y_hat_train,Ammonium-N,16,0.05235204224251941
y_hat_train,Ammonium-N,16,0.08673602595766887
y_hat_train,Ammonium-N,16,0.06545140816542469
y_hat_train,Ammonium-N,16,0.11763068140684646
y_hat_train,Ammonium-N,16,0.10430040436624391
y_hat_train,Ammonium-N,16,0.08623504328233765
y_hat_train,Ammonium-N,16,0.014450135534157527
y_hat_train,Ammonium-N,16,0.09586710325663167
y_hat_train,Ammonium-N,16,0.1160943998956497
y_hat_train,Ammonium-N,16,0.050383886888425725
y_hat_train,Ammonium-N,16,0.11917751317974751
y_hat_train,Ammonium-N,16,0.03244381996386678
y_hat_train,Ammonium-N,16,0.044854906243638186
y_hat_train,Ammonium-N,16,0.0412099494926222
y_hat_train,Ammonium-N,16,0.0502223403555144
y_hat_train,Ammonium-N,16,0.040400979245809154
y_hat_train,Ammonium-N,16,0.08960540384517175
y_hat_train,Ammonium-N,16,0.03639841485628932
y_hat_train,Ammonium-N,16,-0.005972516860333399
y_hat_train,Ammonium-N,16,0.02267544199426015
y_hat_train,Ammonium-N,16,0.1192628181121203
y_hat_train,Ammonium-N,16,0.049068111438194895
y_hat_train,Ammonium-N,16,-0.017376934457713003
y_hat_train,Ammonium-N,16,0.08366690756654138
y_hat_train,Ammonium-N,16,0.033028051425264125
y_hat_train,Ammonium-N,16,0.04943809830222733
y_hat_train,Ammonium-N,16,0.02658904150319042
y_hat_train,Ammonium-N,16,0.006903190434412426
y_hat_train,Ammonium-N,16,0.05141625580059279
y_hat_train,Ammonium-N,16,0.01589471658654735
y_hat_train,Ammonium-N,16,0.034078276325616254
y_hat_train,Ammonium-N,16,0.09142039731854235
y_hat_train,Ammonium-N,16,0.10711201509110121
y_hat_train,Ammonium-N,16,0.027840094280700493
y_hat_train,Ammonium-N,16,0.100427183990799
y_hat_train,Ammonium-N,16,0.01185426558194122
y_hat_train,Ammonium-N,16,0.04272307374685084
y_hat_train,Ammonium-N,16,0.07364508581128612
y_hat_train,Ammonium-N,16,0.03731580016692779
y_hat_train,Ammonium-N,16,0.09612158750969935
y_hat_train,Ammonium-N,16,0.0727588065309499
y_hat_train,Ammonium-N,16,0.043432821771468295
y_hat_train,Ammonium-N,16,0.05656642318328363
y_hat_train,Ammonium-N,16,0.0545093373830126
y_hat_train,Ammonium-N,16,0.034901125275148215
y_hat_train,Ammonium-N,16,0.07935911902272273
y_hat_train,Ammonium-N,16,0.10692419476100197
y_hat_train,Ammonium-N,16,0.0652626607925225
y_hat_train,Ammonium-N,16,0.05694994911669282
y_hat_train,Ammonium-N,16,0.02034836259764162
y_hat_train,Ammonium-N,16,0.0543203070627644
y_hat_train,Ammonium-N,16,0.02424298373774543
y_hat_train,Ammonium-N,16,0.08759467361774227
y_hat_train,Ammonium-N,16,0.024462940016387796
y_hat_train,Ammonium-N,16,0.04613478885831623
y_hat_train,Ammonium-N,16,0.10476043833583662
y_hat_train,Ammonium-N,16,0.034438880204063896
y_hat_train,Ammonium-N,16,0.04830076653157188
y_hat_train,Ammonium-N,16,0.05694611183143777
y_hat_train,Ammonium-N,16,0.052243454748885275
y_hat_train,Ammonium-N,16,0.03258874972109606
y_true_train,Ammonium-N,16,0.090733333
y_true_train,Ammonium-N,16,0.099783572
y_true_train,Ammonium-N,16,0.103817696
y_true_train,Ammonium-N,16,0.0189
y_true_train,Ammonium-N,16,0.067433333
y_true_train,Ammonium-N,16,0.033733333
y_true_train,Ammonium-N,16,0.023441081
y_true_train,Ammonium-N,16,0.0491
y_true_train,Ammonium-N,16,0.289433333
y_true_train,Ammonium-N,16,0.107070292
y_true_train,Ammonium-N,16,0.08343562
y_true_train,Ammonium-N,16,0.0142
y_true_train,Ammonium-N,16,0.035133333
y_true_train,Ammonium-N,16,0.049
y_true_train,Ammonium-N,16,0.10513478
y_true_train,Ammonium-N,16,0.044766667
y_true_train,Ammonium-N,16,0.0149
y_true_train,Ammonium-N,16,0.015166667
y_true_train,Ammonium-N,16,0.253366667
y_true_train,Ammonium-N,16,0.050533333
y_true_train,Ammonium-N,16,0.0393
y_true_train,Ammonium-N,16,0.036566667
y_true_train,Ammonium-N,16,0.019933333
y_true_train,Ammonium-N,16,0.2686
y_true_train,Ammonium-N,16,0.004
y_true_train,Ammonium-N,16,0.020366667
y_true_train,Ammonium-N,16,0.025666667
y_true_train,Ammonium-N,16,0.042633333
y_true_train,Ammonium-N,16,0.0235
y_true_train,Ammonium-N,16,0.01610167
y_true_train,Ammonium-N,16,0.089046085
y_true_train,Ammonium-N,16,0.025666667
y_true_train,Ammonium-N,16,0.025966667
y_true_train,Ammonium-N,16,0.101033333
y_true_train,Ammonium-N,16,0.380266667
y_true_train,Ammonium-N,16,0.030166667
y_true_train,Ammonium-N,16,0.0235
y_true_train,Ammonium-N,16,0.174233333
y_true_train,Ammonium-N,16,0.0221
y_true_train,Ammonium-N,16,0.007166791
y_true_train,Ammonium-N,16,0.0184
y_true_train,Ammonium-N,16,0.007433333
y_true_train,Ammonium-N,16,0.001266667
y_true_train,Ammonium-N,16,0.007810801
y_true_train,Ammonium-N,16,0.0216
y_true_train,Ammonium-N,16,0.044766667
y_true_train,Ammonium-N,16,0.021233333
y_true_train,Ammonium-N,16,0.004922582
y_true_train,Ammonium-N,16,0.262866667
y_true_train,Ammonium-N,16,0.298466667
y_true_train,Ammonium-N,16,0.006266667
y_true_train,Ammonium-N,16,0.7161
y_true_train,Ammonium-N,16,0.011876873
y_true_train,Ammonium-N,16,0.03337575
y_true_train,Ammonium-N,16,0.0301
y_true_train,Ammonium-N,16,0.008033333
y_true_train,Ammonium-N,16,0.116224337
y_true_train,Ammonium-N,16,0.026266667
y_true_train,Ammonium-N,16,0.041933333
y_true_train,Ammonium-N,16,0.027433333
y_true_train,Ammonium-N,16,0.014438093
y_true_train,Ammonium-N,16,0.0164
y_true_train,Ammonium-N,16,0.013333333
y_true_train,Ammonium-N,16,0.0311
y_true_train,Ammonium-N,16,0.035133333
y_true_train,Ammonium-N,16,0.040266667
y_true_train,Ammonium-N,16,0.0148
y_true_train,Ammonium-N,16,0.007133357
y_true_train,Ammonium-N,16,0.011766667
y_true_train,Ammonium-N,16,0.050433333
y_true_train,Ammonium-N,16,0.017633333
y_true_train,Ammonium-N,16,0.013033333
y_true_train,Ammonium-N,16,0.004291076
y_true_train,Ammonium-N,16,0.018166667
y_true_train,Ammonium-N,16,0.0249
y_true_train,Ammonium-N,16,0.012570289
y_true_train,Ammonium-N,16,0.0175
y_true_train,Ammonium-N,16,0.044866667
y_true_train,Ammonium-N,16,0.0235
y_true_train,Ammonium-N,16,0.019033333
y_true_train,Ammonium-N,16,0.042333333
y_true_train,Ammonium-N,16,0.008786351
y_true_train,Ammonium-N,16,0.139659083
y_true_train,Ammonium-N,16,0.270233333
y_true_train,Ammonium-N,16,0.0254
y_true_train,Ammonium-N,16,0.0198
y_true_train,Ammonium-N,16,0.130166667
y_true_train,Ammonium-N,16,0.067166667
y_true_train,Ammonium-N,16,0.0067
y_true_train,Ammonium-N,16,0.110066667
y_true_train,Ammonium-N,16,0.0377
y_true_train,Ammonium-N,16,0.101468935
y_true_train,Ammonium-N,16,0.034066667
y_true_train,Ammonium-N,16,0.013633333
y_true_train,Ammonium-N,16,0.042033333
y_true_train,Ammonium-N,16,0.022166667
y_true_train,Ammonium-N,16,0.014438093
y_true_train,Ammonium-N,16,0.012433333
y_true_train,Ammonium-N,16,0.110989659
y_true_train,Ammonium-N,16,0.217466667
y_true_train,Ammonium-N,16,0.0046
y_true_train,Ammonium-N,16,0.0191
y_true_train,Ammonium-N,16,0.102719052
y_true_train,Ammonium-N,16,0.022549305
y_true_train,Ammonium-N,16,0.0134
y_true_test,Ammonium-N,16,0.104686248
y_true_test,Ammonium-N,16,0.004
y_true_test,Ammonium-N,16,0.113816043
y_true_test,Ammonium-N,16,0.11883142
y_true_test,Ammonium-N,16,0.4519
y_true_test,Ammonium-N,16,0.1658
y_true_test,Ammonium-N,16,0.035366667
y_true_test,Ammonium-N,16,0.0255
y_true_test,Ammonium-N,16,0.015833333
y_true_test,Ammonium-N,16,0.0064
y_true_test,Ammonium-N,16,0.020533333
y_true_test,Ammonium-N,16,0.013835059
y_true_test,Ammonium-N,16,0.041333333
y_true_test,Ammonium-N,16,0.023441081
y_true_test,Ammonium-N,16,0.0175
y_true_test,Ammonium-N,16,0.094333333
y_true_test,Ammonium-N,16,0.015666667
y_true_test,Ammonium-N,16,0.139659083
y_true_test,Ammonium-N,16,0.010354731
y_true_test,Ammonium-N,16,0.049066667
y_true_test,Ammonium-N,16,0.012937725
y_true_test,Ammonium-N,16,0.174233333
y_true_test,Ammonium-N,16,0.318833333
y_true_test,Ammonium-N,16,0.018225094
y_true_test,Ammonium-N,16,0.0673
y_true_test,Ammonium-N,16,0.018033333
y_true_test,Ammonium-N,16,0.011533333
y_true_test,Ammonium-N,16,0.122533333
y_true_test,Ammonium-N,16,0.007646588
y_true_test,Ammonium-N,16,0.043166667
y_true_test,Ammonium-N,16,0.016837803
y_true_test,Ammonium-N,16,0.0229
y_true_test,Ammonium-N,16,0.026887548
y_true_test,Ammonium-N,16,0.030533333
y_true_test,Ammonium-N,16,0.017890737
y_true_test,Ammonium-N,16,0.332333333
y_true_test,Ammonium-N,16,0.1929
y_true_test,Ammonium-N,16,0.3012
y_true_test,Ammonium-N,16,0.017273802
y_true_test,Ammonium-N,16,0.064266667
y_true_test,Ammonium-N,16,0.020533333
y_true_test,Ammonium-N,16,0.2993
y_true_test,Ammonium-N,16,0.039266667
y_true_test,Ammonium-N,16,0.006433333
y_true_test,Ammonium-N,16,0.017558316
y_true_test,Ammonium-N,16,0.007166791
test_ind,Ammonium-N,16,103.0
test_ind,Ammonium-N,16,231.0
test_ind,Ammonium-N,16,192.0
test_ind,Ammonium-N,16,172.0
test_ind,Ammonium-N,16,16.0
test_ind,Ammonium-N,16,304.0
test_ind,Ammonium-N,16,373.0
test_ind,Ammonium-N,16,265.0
test_ind,Ammonium-N,16,260.0
test_ind,Ammonium-N,16,257.0
test_ind,Ammonium-N,16,101.0
test_ind,Ammonium-N,16,188.0
test_ind,Ammonium-N,16,59.0
test_ind,Ammonium-N,16,175.0
test_ind,Ammonium-N,16,121.0
test_ind,Ammonium-N,16,305.0
test_ind,Ammonium-N,16,300.0
test_ind,Ammonium-N,16,77.0
test_ind,Ammonium-N,16,138.0
test_ind,Ammonium-N,16,244.0
test_ind,Ammonium-N,16,145.0
test_ind,Ammonium-N,16,190.0
test_ind,Ammonium-N,16,14.0
test_ind,Ammonium-N,16,194.0
test_ind,Ammonium-N,16,372.0
test_ind,Ammonium-N,16,252.0
test_ind,Ammonium-N,16,382.0
test_ind,Ammonium-N,16,306.0
test_ind,Ammonium-N,16,139.0
test_ind,Ammonium-N,16,65.0
test_ind,Ammonium-N,16,80.0
test_ind,Ammonium-N,16,390.0
test_ind,Ammonium-N,16,98.0
test_ind,Ammonium-N,16,52.0
test_ind,Ammonium-N,16,104.0
test_ind,Ammonium-N,16,2.0
test_ind,Ammonium-N,16,370.0
test_ind,Ammonium-N,16,27.0
test_ind,Ammonium-N,16,187.0
test_ind,Ammonium-N,16,385.0
test_ind,Ammonium-N,16,100.0
test_ind,Ammonium-N,16,20.0
test_ind,Ammonium-N,16,238.0
test_ind,Ammonium-N,16,269.0
test_ind,Ammonium-N,16,72.0
test_ind,Ammonium-N,16,219.0
train_ind,Ammonium-N,16,311.0
train_ind,Ammonium-N,16,123.0
train_ind,Ammonium-N,16,124.0
train_ind,Ammonium-N,16,249.0
train_ind,Ammonium-N,16,395.0
train_ind,Ammonium-N,16,398.0
train_ind,Ammonium-N,16,174.0
train_ind,Ammonium-N,16,233.0
train_ind,Ammonium-N,16,11.0
train_ind,Ammonium-N,16,102.0
train_ind,Ammonium-N,16,218.0
train_ind,Ammonium-N,16,391.0
train_ind,Ammonium-N,16,170.0
train_ind,Ammonium-N,16,69.0
train_ind,Ammonium-N,16,193.0
train_ind,Ammonium-N,16,142.0
train_ind,Ammonium-N,16,281.0
train_ind,Ammonium-N,16,51.0
train_ind,Ammonium-N,16,17.0
train_ind,Ammonium-N,16,243.0
train_ind,Ammonium-N,16,61.0
train_ind,Ammonium-N,16,237.0
train_ind,Ammonium-N,16,295.0
train_ind,Ammonium-N,16,8.0
train_ind,Ammonium-N,16,165.0
train_ind,Ammonium-N,16,280.0
train_ind,Ammonium-N,16,216.0
train_ind,Ammonium-N,16,67.0
train_ind,Ammonium-N,16,76.0
train_ind,Ammonium-N,16,212.0
train_ind,Ammonium-N,16,143.0
train_ind,Ammonium-N,16,215.0
train_ind,Ammonium-N,16,39.0
train_ind,Ammonium-N,16,315.0
train_ind,Ammonium-N,16,6.0
train_ind,Ammonium-N,16,389.0
train_ind,Ammonium-N,16,74.0
train_ind,Ammonium-N,16,191.0
train_ind,Ammonium-N,16,55.0
train_ind,Ammonium-N,16,220.0
train_ind,Ammonium-N,16,43.0
train_ind,Ammonium-N,16,258.0
train_ind,Ammonium-N,16,247.0
train_ind,Ammonium-N,16,168.0
train_ind,Ammonium-N,16,48.0
train_ind,Ammonium-N,16,141.0
train_ind,Ammonium-N,16,49.0
train_ind,Ammonium-N,16,164.0
train_ind,Ammonium-N,16,3.0
train_ind,Ammonium-N,16,23.0
train_ind,Ammonium-N,16,36.0
train_ind,Ammonium-N,16,12.0
train_ind,Ammonium-N,16,94.0
train_ind,Ammonium-N,16,99.0
train_ind,Ammonium-N,16,284.0
train_ind,Ammonium-N,16,386.0
train_ind,Ammonium-N,16,217.0
train_ind,Ammonium-N,16,374.0
train_ind,Ammonium-N,16,299.0
train_ind,Ammonium-N,16,270.0
train_ind,Ammonium-N,16,125.0
train_ind,Ammonium-N,16,41.0
train_ind,Ammonium-N,16,38.0
train_ind,Ammonium-N,16,42.0
train_ind,Ammonium-N,16,171.0
train_ind,Ammonium-N,16,292.0
train_ind,Ammonium-N,16,34.0
train_ind,Ammonium-N,16,95.0
train_ind,Ammonium-N,16,361.0
train_ind,Ammonium-N,16,378.0
train_ind,Ammonium-N,16,381.0
train_ind,Ammonium-N,16,29.0
train_ind,Ammonium-N,16,213.0
train_ind,Ammonium-N,16,250.0
train_ind,Ammonium-N,16,268.0
train_ind,Ammonium-N,16,136.0
train_ind,Ammonium-N,16,122.0
train_ind,Ammonium-N,16,236.0
train_ind,Ammonium-N,16,75.0
train_ind,Ammonium-N,16,28.0
train_ind,Ammonium-N,16,262.0
train_ind,Ammonium-N,16,119.0
train_ind,Ammonium-N,16,78.0
train_ind,Ammonium-N,16,15.0
train_ind,Ammonium-N,16,278.0
train_ind,Ammonium-N,16,274.0
train_ind,Ammonium-N,16,312.0
train_ind,Ammonium-N,16,57.0
train_ind,Ammonium-N,16,248.0
train_ind,Ammonium-N,16,302.0
train_ind,Ammonium-N,16,232.0
train_ind,Ammonium-N,16,173.0
train_ind,Ammonium-N,16,64.0
train_ind,Ammonium-N,16,392.0
train_ind,Ammonium-N,16,279.0
train_ind,Ammonium-N,16,266.0
train_ind,Ammonium-N,16,126.0
train_ind,Ammonium-N,16,287.0
train_ind,Ammonium-N,16,79.0
train_ind,Ammonium-N,16,9.0
train_ind,Ammonium-N,16,298.0
train_ind,Ammonium-N,16,293.0
train_ind,Ammonium-N,16,144.0
train_ind,Ammonium-N,16,167.0
train_ind,Ammonium-N,16,291.0
test_rsq,Ammonium-N,16,-0.14326350795876386
train_rsq,Ammonium-N,16,0.14101817417923235
test_rmse,Ammonium-N,16,0.11198295623813723
train_rmse,Ammonium-N,16,0.09045616331288936
test_mape,Ammonium-N,16,291.87924856689784
train_mape,Ammonium-N,16,252.90038889796898
n_comp,Ammonium-N,16,5.0
y_hat_test,Ammonium-N,17,0.06979539632780808
y_hat_test,Ammonium-N,17,0.07258192267658439
y_hat_test,Ammonium-N,17,0.07006167334616016
y_hat_test,Ammonium-N,17,0.06279341771644935
y_hat_test,Ammonium-N,17,0.08925178896025938
y_hat_test,Ammonium-N,17,0.06645322354910847
y_hat_test,Ammonium-N,17,0.08888298172239922
y_hat_test,Ammonium-N,17,0.0721143660800992
y_hat_test,Ammonium-N,17,0.05735902074307797
y_hat_test,Ammonium-N,17,0.05786784887922269
y_hat_test,Ammonium-N,17,0.05449572217492486
y_hat_test,Ammonium-N,17,0.06575021527411698
y_hat_test,Ammonium-N,17,0.08666008917311699
y_hat_test,Ammonium-N,17,0.05721798404093388
y_hat_test,Ammonium-N,17,0.07624682708606313
y_hat_test,Ammonium-N,17,0.06697308417063061
y_hat_test,Ammonium-N,17,0.055087326123822486
y_hat_test,Ammonium-N,17,0.07903075228418724
y_hat_test,Ammonium-N,17,0.05833820410538198
y_hat_test,Ammonium-N,17,0.05981719431755792
y_hat_test,Ammonium-N,17,0.06723633869116553
y_hat_test,Ammonium-N,17,0.08883283268469565
y_hat_test,Ammonium-N,17,0.08335357678006798
y_hat_test,Ammonium-N,17,0.062190018145248833
y_hat_test,Ammonium-N,17,0.06615857888050355
y_hat_test,Ammonium-N,17,0.08144866815738751
y_hat_test,Ammonium-N,17,0.09008085267684765
y_hat_test,Ammonium-N,17,0.04444421457232444
y_hat_test,Ammonium-N,17,0.08035316035822225
y_hat_test,Ammonium-N,17,0.10171401780186742
y_hat_test,Ammonium-N,17,0.06464229311979136
y_hat_test,Ammonium-N,17,0.054912395966528145
y_hat_test,Ammonium-N,17,0.06096540684987886
y_hat_test,Ammonium-N,17,0.07271455767365297
y_hat_test,Ammonium-N,17,0.0412311853487238
y_hat_test,Ammonium-N,17,0.07359182347291562
y_hat_test,Ammonium-N,17,0.0809827518565001
y_hat_test,Ammonium-N,17,0.06080317652850433
y_hat_test,Ammonium-N,17,0.0901387761629476
y_hat_test,Ammonium-N,17,0.07552350996596308
y_hat_test,Ammonium-N,17,0.06494483960092985
y_hat_test,Ammonium-N,17,0.06059820442010262
y_hat_test,Ammonium-N,17,0.08911500835504342
y_hat_test,Ammonium-N,17,0.10895885691863716
y_hat_test,Ammonium-N,17,0.06021825312662911
y_hat_test,Ammonium-N,17,0.10096757566230122
y_hat_train,Ammonium-N,17,0.06766763660831202
y_hat_train,Ammonium-N,17,0.07175754201197236
y_hat_train,Ammonium-N,17,0.10370240046394093
y_hat_train,Ammonium-N,17,0.06715611725143264
y_hat_train,Ammonium-N,17,0.0640997553372267
y_hat_train,Ammonium-N,17,0.07365203123742166
y_hat_train,Ammonium-N,17,0.02855101637014467
y_hat_train,Ammonium-N,17,0.08854677027181697
y_hat_train,Ammonium-N,17,0.061719489288519905
y_hat_train,Ammonium-N,17,0.07603107594824829
y_hat_train,Ammonium-N,17,0.07231402926672106
y_hat_train,Ammonium-N,17,0.04716833581904576
y_hat_train,Ammonium-N,17,0.07373716348141501
y_hat_train,Ammonium-N,17,0.05149219132008517
y_hat_train,Ammonium-N,17,0.09390033133501853
y_hat_train,Ammonium-N,17,0.051859616716168525
y_hat_train,Ammonium-N,17,0.09308070513357986
y_hat_train,Ammonium-N,17,0.0815277296464937
y_hat_train,Ammonium-N,17,0.06598353742062278
y_hat_train,Ammonium-N,17,0.05250225676271322
y_hat_train,Ammonium-N,17,0.053090863030072794
y_hat_train,Ammonium-N,17,0.06443904640231332
y_hat_train,Ammonium-N,17,0.03757651071924251
y_hat_train,Ammonium-N,17,0.07539206804064154
y_hat_train,Ammonium-N,17,0.04367910375015627
y_hat_train,Ammonium-N,17,0.09154655602314221
y_hat_train,Ammonium-N,17,0.06775270722782196
y_hat_train,Ammonium-N,17,0.07089782069351218
y_hat_train,Ammonium-N,17,0.07623283771858512
y_hat_train,Ammonium-N,17,0.05926816254474971
y_hat_train,Ammonium-N,17,0.03646053120863562
y_hat_train,Ammonium-N,17,0.08898754072153073
y_hat_train,Ammonium-N,17,0.05239438513911515
y_hat_train,Ammonium-N,17,0.06934222941630436
y_hat_train,Ammonium-N,17,0.08963196244739026
y_hat_train,Ammonium-N,17,0.055916052744743955
y_hat_train,Ammonium-N,17,0.104061120760577
y_hat_train,Ammonium-N,17,0.08121646402527759
y_hat_train,Ammonium-N,17,0.04700316515881192
y_hat_train,Ammonium-N,17,0.06460908820119922
y_hat_train,Ammonium-N,17,0.05996277823991768
y_hat_train,Ammonium-N,17,0.05769294521148224
y_hat_train,Ammonium-N,17,0.07538693658626187
y_hat_train,Ammonium-N,17,0.08358629087335667
y_hat_train,Ammonium-N,17,0.08001047535475848
y_hat_train,Ammonium-N,17,0.07801185716898386
y_hat_train,Ammonium-N,17,0.06339463540669063
y_hat_train,Ammonium-N,17,0.042335354394417164
y_hat_train,Ammonium-N,17,0.06379912475714566
y_hat_train,Ammonium-N,17,0.10209541829707183
y_hat_train,Ammonium-N,17,0.039087571101783666
y_hat_train,Ammonium-N,17,0.034316565111342914
y_hat_train,Ammonium-N,17,0.05810573340337874
y_hat_train,Ammonium-N,17,0.09849284786022645
y_hat_train,Ammonium-N,17,0.09098743173287126
y_hat_train,Ammonium-N,17,0.07540143511723241
y_hat_train,Ammonium-N,17,0.0493992108097254
y_hat_train,Ammonium-N,17,0.051857653975489026
y_hat_train,Ammonium-N,17,0.07423097042489846
y_hat_train,Ammonium-N,17,0.07033037608988227
y_hat_train,Ammonium-N,17,0.058287955480114104
y_hat_train,Ammonium-N,17,0.06753465289279038
y_hat_train,Ammonium-N,17,0.05092765488533534
y_hat_train,Ammonium-N,17,0.09602164702664395
y_hat_train,Ammonium-N,17,0.05818399823124399
y_hat_train,Ammonium-N,17,0.06770540607700133
y_hat_train,Ammonium-N,17,0.05976278826000191
y_hat_train,Ammonium-N,17,0.10266941776891128
y_hat_train,Ammonium-N,17,0.08422136689838614
y_hat_train,Ammonium-N,17,0.09063577330934991
y_hat_train,Ammonium-N,17,0.08150125303343138
y_hat_train,Ammonium-N,17,0.06447935017040884
y_hat_train,Ammonium-N,17,0.06550731469466725
y_hat_train,Ammonium-N,17,0.06904800965570979
y_hat_train,Ammonium-N,17,0.08523054318481318
y_hat_train,Ammonium-N,17,0.057533508016449436
y_hat_train,Ammonium-N,17,0.04959222917520771
y_hat_train,Ammonium-N,17,0.047918025044120634
y_hat_train,Ammonium-N,17,0.09160687169104784
y_hat_train,Ammonium-N,17,0.06633283799612971
y_hat_train,Ammonium-N,17,0.07905492102755451
y_hat_train,Ammonium-N,17,0.08917887254000206
y_hat_train,Ammonium-N,17,0.07740832503491085
y_hat_train,Ammonium-N,17,0.06544647625225304
y_hat_train,Ammonium-N,17,0.0744914737080242
y_hat_train,Ammonium-N,17,0.07458641007059667
y_hat_train,Ammonium-N,17,0.047298686635708874
y_hat_train,Ammonium-N,17,0.07121846972030645
y_hat_train,Ammonium-N,17,0.05115870740215402
y_hat_train,Ammonium-N,17,0.09424690401711433
y_hat_train,Ammonium-N,17,0.07651345598852456
y_hat_train,Ammonium-N,17,0.06807687301560511
y_hat_train,Ammonium-N,17,0.06538224057676294
y_hat_train,Ammonium-N,17,0.05924114723329544
y_hat_train,Ammonium-N,17,0.04259931254013402
y_hat_train,Ammonium-N,17,0.0639000740718565
y_hat_train,Ammonium-N,17,0.09272571832774033
y_hat_train,Ammonium-N,17,0.051340400628691704
y_hat_train,Ammonium-N,17,0.08751875361285721
y_hat_train,Ammonium-N,17,0.07217345638770378
y_hat_train,Ammonium-N,17,0.060467309846479744
y_hat_train,Ammonium-N,17,0.07392559309630564
y_hat_train,Ammonium-N,17,0.07579093711353814
y_hat_train,Ammonium-N,17,0.06760906298808125
y_hat_train,Ammonium-N,17,0.07269972409039471
y_true_train,Ammonium-N,17,0.007810801
y_true_train,Ammonium-N,17,0.067433333
y_true_train,Ammonium-N,17,0.025666667
y_true_train,Ammonium-N,17,0.0216
y_true_train,Ammonium-N,17,0.008033333
y_true_train,Ammonium-N,17,0.014438093
y_true_train,Ammonium-N,17,0.10513478
y_true_train,Ammonium-N,17,0.017273802
y_true_train,Ammonium-N,17,0.0491
y_true_train,Ammonium-N,17,0.016837803
y_true_train,Ammonium-N,17,0.008786351
y_true_train,Ammonium-N,17,0.0067
y_true_train,Ammonium-N,17,0.018033333
y_true_train,Ammonium-N,17,0.139659083
y_true_train,Ammonium-N,17,0.217466667
y_true_train,Ammonium-N,17,0.0673
y_true_train,Ammonium-N,17,0.262866667
y_true_train,Ammonium-N,17,0.012433333
y_true_train,Ammonium-N,17,0.042333333
y_true_train,Ammonium-N,17,0.013333333
y_true_train,Ammonium-N,17,0.035366667
y_true_train,Ammonium-N,17,0.021233333
y_true_train,Ammonium-N,17,0.019033333
y_true_train,Ammonium-N,17,0.044766667
y_true_train,Ammonium-N,17,0.0255
y_true_train,Ammonium-N,17,0.011876873
y_true_train,Ammonium-N,17,0.03337575
y_true_train,Ammonium-N,17,0.102719052
y_true_train,Ammonium-N,17,0.026887548
y_true_train,Ammonium-N,17,0.011766667
y_true_train,Ammonium-N,17,0.0189
y_true_train,Ammonium-N,17,0.020533333
y_true_train,Ammonium-N,17,0.042633333
y_true_train,Ammonium-N,17,0.012570289
y_true_train,Ammonium-N,17,0.094333333
y_true_train,Ammonium-N,17,0.0064
y_true_train,Ammonium-N,17,0.2686
y_true_train,Ammonium-N,17,0.015166667
y_true_train,Ammonium-N,17,0.090733333
y_true_train,Ammonium-N,17,0.298466667
y_true_train,Ammonium-N,17,0.0311
y_true_train,Ammonium-N,17,0.011533333
y_true_train,Ammonium-N,17,0.0046
y_true_train,Ammonium-N,17,0.041933333
y_true_train,Ammonium-N,17,0.042033333
y_true_train,Ammonium-N,17,0.017558316
y_true_train,Ammonium-N,17,0.0254
y_true_train,Ammonium-N,17,0.0377
y_true_train,Ammonium-N,17,0.0235
y_true_train,Ammonium-N,17,0.007166791
y_true_train,Ammonium-N,17,0.013033333
y_true_train,Ammonium-N,17,0.0164
y_true_train,Ammonium-N,17,0.023441081
y_true_train,Ammonium-N,17,0.089046085
y_true_train,Ammonium-N,17,0.035133333
y_true_train,Ammonium-N,17,0.018166667
y_true_train,Ammonium-N,17,0.116224337
y_true_train,Ammonium-N,17,0.0301
y_true_train,Ammonium-N,17,0.017633333
y_true_train,Ammonium-N,17,0.101468935
y_true_train,Ammonium-N,17,0.174233333
y_true_train,Ammonium-N,17,0.0142
y_true_train,Ammonium-N,17,0.019933333
y_true_train,Ammonium-N,17,0.007166791
y_true_train,Ammonium-N,17,0.030533333
y_true_train,Ammonium-N,17,0.015833333
y_true_train,Ammonium-N,17,0.1929
y_true_train,Ammonium-N,17,0.025666667
y_true_train,Ammonium-N,17,0.0198
y_true_train,Ammonium-N,17,0.0191
y_true_train,Ammonium-N,17,0.017890737
y_true_train,Ammonium-N,17,0.270233333
y_true_train,Ammonium-N,17,0.010354731
y_true_train,Ammonium-N,17,0.107070292
y_true_train,Ammonium-N,17,0.104686248
y_true_train,Ammonium-N,17,0.018225094
y_true_train,Ammonium-N,17,0.007433333
y_true_train,Ammonium-N,17,0.0221
y_true_train,Ammonium-N,17,0.103817696
y_true_train,Ammonium-N,17,0.3012
y_true_train,Ammonium-N,17,0.0134
y_true_train,Ammonium-N,17,0.0175
y_true_train,Ammonium-N,17,0.007133357
y_true_train,Ammonium-N,17,0.380266667
y_true_train,Ammonium-N,17,0.007646588
y_true_train,Ammonium-N,17,0.043166667
y_true_train,Ammonium-N,17,0.050433333
y_true_train,Ammonium-N,17,0.0393
y_true_train,Ammonium-N,17,0.026266667
y_true_train,Ammonium-N,17,0.7161
y_true_train,Ammonium-N,17,0.044766667
y_true_train,Ammonium-N,17,0.122533333
y_true_train,Ammonium-N,17,0.253366667
y_true_train,Ammonium-N,17,0.110989659
y_true_train,Ammonium-N,17,0.006266667
y_true_train,Ammonium-N,17,0.1658
y_true_train,Ammonium-N,17,0.318833333
y_true_train,Ammonium-N,17,0.139659083
y_true_train,Ammonium-N,17,0.004
y_true_train,Ammonium-N,17,0.034066667
y_true_train,Ammonium-N,17,0.0184
y_true_train,Ammonium-N,17,0.014438093
y_true_train,Ammonium-N,17,0.101033333
y_true_train,Ammonium-N,17,0.064266667
y_true_train,Ammonium-N,17,0.0249
y_true_test,Ammonium-N,17,0.0148
y_true_test,Ammonium-N,17,0.013835059
y_true_test,Ammonium-N,17,0.0229
y_true_test,Ammonium-N,17,0.049066667
y_true_test,Ammonium-N,17,0.015666667
y_true_test,Ammonium-N,17,0.110066667
y_true_test,Ammonium-N,17,0.01610167
y_true_test,Ammonium-N,17,0.0149
y_true_test,Ammonium-N,17,0.174233333
y_true_test,Ammonium-N,17,0.027433333
y_true_test,Ammonium-N,17,0.030166667
y_true_test,Ammonium-N,17,0.4519
y_true_test,Ammonium-N,17,0.099783572
y_true_test,Ammonium-N,17,0.2993
y_true_test,Ammonium-N,17,0.022166667
y_true_test,Ammonium-N,17,0.025966667
y_true_test,Ammonium-N,17,0.0235
y_true_test,Ammonium-N,17,0.020366667
y_true_test,Ammonium-N,17,0.001266667
y_true_test,Ammonium-N,17,0.130166667
y_true_test,Ammonium-N,17,0.013633333
y_true_test,Ammonium-N,17,0.067166667
y_true_test,Ammonium-N,17,0.033733333
y_true_test,Ammonium-N,17,0.022549305
y_true_test,Ammonium-N,17,0.012937725
y_true_test,Ammonium-N,17,0.004291076
y_true_test,Ammonium-N,17,0.0175
y_true_test,Ammonium-N,17,0.11883142
y_true_test,Ammonium-N,17,0.332333333
y_true_test,Ammonium-N,17,0.004
y_true_test,Ammonium-N,17,0.041333333
y_true_test,Ammonium-N,17,0.050533333
y_true_test,Ammonium-N,17,0.0235
y_true_test,Ammonium-N,17,0.289433333
y_true_test,Ammonium-N,17,0.113816043
y_true_test,Ammonium-N,17,0.039266667
y_true_test,Ammonium-N,17,0.036566667
y_true_test,Ammonium-N,17,0.040266667
y_true_test,Ammonium-N,17,0.035133333
y_true_test,Ammonium-N,17,0.049
y_true_test,Ammonium-N,17,0.044866667
y_true_test,Ammonium-N,17,0.023441081
y_true_test,Ammonium-N,17,0.020533333
y_true_test,Ammonium-N,17,0.004922582
y_true_test,Ammonium-N,17,0.006433333
y_true_test,Ammonium-N,17,0.08343562
test_ind,Ammonium-N,17,34.0
test_ind,Ammonium-N,17,188.0
test_ind,Ammonium-N,17,390.0
test_ind,Ammonium-N,17,244.0
test_ind,Ammonium-N,17,300.0
test_ind,Ammonium-N,17,302.0
test_ind,Ammonium-N,17,212.0
test_ind,Ammonium-N,17,281.0
test_ind,Ammonium-N,17,191.0
test_ind,Ammonium-N,17,270.0
test_ind,Ammonium-N,17,389.0
test_ind,Ammonium-N,17,16.0
test_ind,Ammonium-N,17,123.0
test_ind,Ammonium-N,17,20.0
test_ind,Ammonium-N,17,266.0
test_ind,Ammonium-N,17,39.0
test_ind,Ammonium-N,17,76.0
test_ind,Ammonium-N,17,280.0
test_ind,Ammonium-N,17,247.0
test_ind,Ammonium-N,17,312.0
test_ind,Ammonium-N,17,392.0
test_ind,Ammonium-N,17,57.0
test_ind,Ammonium-N,17,398.0
test_ind,Ammonium-N,17,167.0
test_ind,Ammonium-N,17,145.0
test_ind,Ammonium-N,17,213.0
test_ind,Ammonium-N,17,121.0
test_ind,Ammonium-N,17,172.0
test_ind,Ammonium-N,17,2.0
test_ind,Ammonium-N,17,231.0
test_ind,Ammonium-N,17,59.0
test_ind,Ammonium-N,17,243.0
test_ind,Ammonium-N,17,75.0
test_ind,Ammonium-N,17,11.0
test_ind,Ammonium-N,17,192.0
test_ind,Ammonium-N,17,238.0
test_ind,Ammonium-N,17,237.0
test_ind,Ammonium-N,17,292.0
test_ind,Ammonium-N,17,170.0
test_ind,Ammonium-N,17,69.0
test_ind,Ammonium-N,17,236.0
test_ind,Ammonium-N,17,174.0
test_ind,Ammonium-N,17,101.0
test_ind,Ammonium-N,17,164.0
test_ind,Ammonium-N,17,269.0
test_ind,Ammonium-N,17,218.0
train_ind,Ammonium-N,17,168.0
train_ind,Ammonium-N,17,395.0
train_ind,Ammonium-N,17,215.0
train_ind,Ammonium-N,17,48.0
train_ind,Ammonium-N,17,386.0
train_ind,Ammonium-N,17,126.0
train_ind,Ammonium-N,17,193.0
train_ind,Ammonium-N,17,187.0
train_ind,Ammonium-N,17,233.0
train_ind,Ammonium-N,17,80.0
train_ind,Ammonium-N,17,119.0
train_ind,Ammonium-N,17,248.0
train_ind,Ammonium-N,17,252.0
train_ind,Ammonium-N,17,78.0
train_ind,Ammonium-N,17,9.0
train_ind,Ammonium-N,17,372.0
train_ind,Ammonium-N,17,3.0
train_ind,Ammonium-N,17,287.0
train_ind,Ammonium-N,17,262.0
train_ind,Ammonium-N,17,38.0
train_ind,Ammonium-N,17,373.0
train_ind,Ammonium-N,17,49.0
train_ind,Ammonium-N,17,28.0
train_ind,Ammonium-N,17,141.0
train_ind,Ammonium-N,17,265.0
train_ind,Ammonium-N,17,94.0
train_ind,Ammonium-N,17,99.0
train_ind,Ammonium-N,17,144.0
train_ind,Ammonium-N,17,98.0
train_ind,Ammonium-N,17,361.0
train_ind,Ammonium-N,17,249.0
train_ind,Ammonium-N,17,100.0
train_ind,Ammonium-N,17,67.0
train_ind,Ammonium-N,17,136.0
train_ind,Ammonium-N,17,305.0
train_ind,Ammonium-N,17,257.0
train_ind,Ammonium-N,17,8.0
train_ind,Ammonium-N,17,51.0
train_ind,Ammonium-N,17,311.0
train_ind,Ammonium-N,17,23.0
train_ind,Ammonium-N,17,42.0
train_ind,Ammonium-N,17,382.0
train_ind,Ammonium-N,17,298.0
train_ind,Ammonium-N,17,299.0
train_ind,Ammonium-N,17,279.0
train_ind,Ammonium-N,17,72.0
train_ind,Ammonium-N,17,278.0
train_ind,Ammonium-N,17,232.0
train_ind,Ammonium-N,17,74.0
train_ind,Ammonium-N,17,219.0
train_ind,Ammonium-N,17,29.0
train_ind,Ammonium-N,17,41.0
train_ind,Ammonium-N,17,175.0
train_ind,Ammonium-N,17,143.0
train_ind,Ammonium-N,17,171.0
train_ind,Ammonium-N,17,250.0
train_ind,Ammonium-N,17,217.0
train_ind,Ammonium-N,17,284.0
train_ind,Ammonium-N,17,381.0
train_ind,Ammonium-N,17,173.0
train_ind,Ammonium-N,17,190.0
train_ind,Ammonium-N,17,391.0
train_ind,Ammonium-N,17,295.0
train_ind,Ammonium-N,17,220.0
train_ind,Ammonium-N,17,52.0
train_ind,Ammonium-N,17,260.0
train_ind,Ammonium-N,17,370.0
train_ind,Ammonium-N,17,216.0
train_ind,Ammonium-N,17,274.0
train_ind,Ammonium-N,17,293.0
train_ind,Ammonium-N,17,104.0
train_ind,Ammonium-N,17,15.0
train_ind,Ammonium-N,17,138.0
train_ind,Ammonium-N,17,102.0
train_ind,Ammonium-N,17,103.0
train_ind,Ammonium-N,17,194.0
train_ind,Ammonium-N,17,258.0
train_ind,Ammonium-N,17,55.0
train_ind,Ammonium-N,17,124.0
train_ind,Ammonium-N,17,27.0
train_ind,Ammonium-N,17,291.0
train_ind,Ammonium-N,17,122.0
train_ind,Ammonium-N,17,95.0
train_ind,Ammonium-N,17,6.0
train_ind,Ammonium-N,17,139.0
train_ind,Ammonium-N,17,65.0
train_ind,Ammonium-N,17,378.0
train_ind,Ammonium-N,17,61.0
train_ind,Ammonium-N,17,374.0
train_ind,Ammonium-N,17,12.0
train_ind,Ammonium-N,17,142.0
train_ind,Ammonium-N,17,306.0
train_ind,Ammonium-N,17,17.0
train_ind,Ammonium-N,17,79.0
train_ind,Ammonium-N,17,36.0
train_ind,Ammonium-N,17,304.0
train_ind,Ammonium-N,17,14.0
train_ind,Ammonium-N,17,77.0
train_ind,Ammonium-N,17,165.0
train_ind,Ammonium-N,17,64.0
train_ind,Ammonium-N,17,43.0
train_ind,Ammonium-N,17,125.0
train_ind,Ammonium-N,17,315.0
train_ind,Ammonium-N,17,385.0
train_ind,Ammonium-N,17,268.0
test_rsq,Ammonium-N,17,-0.07956409623737759
train_rsq,Ammonium-N,17,0.026643976740019948
test_rmse,Ammonium-N,17,0.09858927251539264
train_rmse,Ammonium-N,17,0.10094746058645211
test_mape,Ammonium-N,17,402.01986298989
train_mape,Ammonium-N,17,270.75890456831104
n_comp,Ammonium-N,17,3.0
y_hat_test,Ammonium-N,18,0.05768780497784007
y_hat_test,Ammonium-N,18,0.06285876086867916
y_hat_test,Ammonium-N,18,0.057244302995043655
y_hat_test,Ammonium-N,18,0.06237863891400555
y_hat_test,Ammonium-N,18,0.061849232210752475
y_hat_test,Ammonium-N,18,0.06404200040367902
y_hat_test,Ammonium-N,18,0.057117986217833955
y_hat_test,Ammonium-N,18,0.0832600774373382
y_hat_test,Ammonium-N,18,0.05641085641424724
y_hat_test,Ammonium-N,18,0.06145868951767224
y_hat_test,Ammonium-N,18,0.07352901876425179
y_hat_test,Ammonium-N,18,0.07231716212782302
y_hat_test,Ammonium-N,18,0.08630802011925813
y_hat_test,Ammonium-N,18,0.0635673227433147
y_hat_test,Ammonium-N,18,0.0607936053399754
y_hat_test,Ammonium-N,18,0.05701096614071968
y_hat_test,Ammonium-N,18,0.06722966673940708
y_hat_test,Ammonium-N,18,0.060521094138719186
y_hat_test,Ammonium-N,18,0.060197080773959105
y_hat_test,Ammonium-N,18,0.08290138579620901
y_hat_test,Ammonium-N,18,0.07014200120446741
y_hat_test,Ammonium-N,18,0.05877081089393918
y_hat_test,Ammonium-N,18,0.06580146477443427
y_hat_test,Ammonium-N,18,0.06213848649815599
y_hat_test,Ammonium-N,18,0.08133757433533716
y_hat_test,Ammonium-N,18,0.06869641284402017
y_hat_test,Ammonium-N,18,0.06379166759720231
y_hat_test,Ammonium-N,18,0.06529394546597303
y_hat_test,Ammonium-N,18,0.0623523397666943
y_hat_test,Ammonium-N,18,0.07025891280994775
y_hat_test,Ammonium-N,18,0.05939278524880607
y_hat_test,Ammonium-N,18,0.05701607244796958
y_hat_test,Ammonium-N,18,0.0687338499966536
y_hat_test,Ammonium-N,18,0.06380788369734877
y_hat_test,Ammonium-N,18,0.0623397533686888
y_hat_test,Ammonium-N,18,0.055847337683025154
y_hat_test,Ammonium-N,18,0.057198851124690385
y_hat_test,Ammonium-N,18,0.08125250429736514
y_hat_test,Ammonium-N,18,0.06243109692171104
y_hat_test,Ammonium-N,18,0.06431670418386269
y_hat_test,Ammonium-N,18,0.06272294523189505
y_hat_test,Ammonium-N,18,0.08221195609113269
y_hat_test,Ammonium-N,18,0.058505592201306876
y_hat_test,Ammonium-N,18,0.06299797875734428
y_hat_test,Ammonium-N,18,0.06577963586325439
y_hat_test,Ammonium-N,18,0.051643856143384126
y_hat_train,Ammonium-N,18,0.06339481794690023
y_hat_train,Ammonium-N,18,0.05799696001506132
y_hat_train,Ammonium-N,18,0.05721499536101439
y_hat_train,Ammonium-N,18,0.0660526838700629
y_hat_train,Ammonium-N,18,0.062169139557846774
y_hat_train,Ammonium-N,18,0.07279775091162512
y_hat_train,Ammonium-N,18,0.06048493912920731
y_hat_train,Ammonium-N,18,0.0625068498963774
y_hat_train,Ammonium-N,18,0.06679048846906292
y_hat_train,Ammonium-N,18,0.0562624033538153
y_hat_train,Ammonium-N,18,0.07742268667078062
y_hat_train,Ammonium-N,18,0.06409220649943659
y_hat_train,Ammonium-N,18,0.07490958335059406
y_hat_train,Ammonium-N,18,0.058897914621471315
y_hat_train,Ammonium-N,18,0.06951561734240988
y_hat_train,Ammonium-N,18,0.06400780686344425
y_hat_train,Ammonium-N,18,0.06240090230591115
y_hat_train,Ammonium-N,18,0.06976459763598399
y_hat_train,Ammonium-N,18,0.07725490868018038
y_hat_train,Ammonium-N,18,0.058211171804940946
y_hat_train,Ammonium-N,18,0.05841125511859961
y_hat_train,Ammonium-N,18,0.07437433570253141
y_hat_train,Ammonium-N,18,0.08018223775132287
y_hat_train,Ammonium-N,18,0.06537921945688908
y_hat_train,Ammonium-N,18,0.07542279521120739
y_hat_train,Ammonium-N,18,0.061958887283087925
y_hat_train,Ammonium-N,18,0.05897100256798357
y_hat_train,Ammonium-N,18,0.0676389893105368
y_hat_train,Ammonium-N,18,0.059181717769849214
y_hat_train,Ammonium-N,18,0.06277994111516624
y_hat_train,Ammonium-N,18,0.0607775478159625
y_hat_train,Ammonium-N,18,0.08053053763335893
y_hat_train,Ammonium-N,18,0.06554096980786192
y_hat_train,Ammonium-N,18,0.06384792384755922
y_hat_train,Ammonium-N,18,0.05774263993682603
y_hat_train,Ammonium-N,18,0.08395267797879845
y_hat_train,Ammonium-N,18,0.057451879449016335
y_hat_train,Ammonium-N,18,0.05844567232794695
y_hat_train,Ammonium-N,18,0.06262169440092469
y_hat_train,Ammonium-N,18,0.05607530016715663
y_hat_train,Ammonium-N,18,0.056998106458216916
y_hat_train,Ammonium-N,18,0.062277084770487816
y_hat_train,Ammonium-N,18,0.058604366204209966
y_hat_train,Ammonium-N,18,0.06174040919215473
y_hat_train,Ammonium-N,18,0.06067284888497166
y_hat_train,Ammonium-N,18,0.06306943488178186
y_hat_train,Ammonium-N,18,0.06383416119954385
y_hat_train,Ammonium-N,18,0.06288159385831098
y_hat_train,Ammonium-N,18,0.0892869297085997
y_hat_train,Ammonium-N,18,0.06314533214565907
y_hat_train,Ammonium-N,18,0.06124679307525654
y_hat_train,Ammonium-N,18,0.06883898534738413
y_hat_train,Ammonium-N,18,0.06423884766071732
y_hat_train,Ammonium-N,18,0.05959960399197421
y_hat_train,Ammonium-N,18,0.07861072300771545
y_hat_train,Ammonium-N,18,0.06200344055434304
y_hat_train,Ammonium-N,18,0.0852954253251498
y_hat_train,Ammonium-N,18,0.0602178892775243
y_hat_train,Ammonium-N,18,0.07677251405551552
y_hat_train,Ammonium-N,18,0.08213839453303719
y_hat_train,Ammonium-N,18,0.07164903634224891
y_hat_train,Ammonium-N,18,0.08652026038176536
y_hat_train,Ammonium-N,18,0.08259303427434284
y_hat_train,Ammonium-N,18,0.0634005397158708
y_hat_train,Ammonium-N,18,0.06579100302938565
y_hat_train,Ammonium-N,18,0.06653257296386969
y_hat_train,Ammonium-N,18,0.06045845884593345
y_hat_train,Ammonium-N,18,0.05521639008544806
y_hat_train,Ammonium-N,18,0.08520636261189182
y_hat_train,Ammonium-N,18,0.08273941193624576
y_hat_train,Ammonium-N,18,0.05813863192831477
y_hat_train,Ammonium-N,18,0.08026899621413108
y_hat_train,Ammonium-N,18,0.06199584362349568
y_hat_train,Ammonium-N,18,0.06955117528653484
y_hat_train,Ammonium-N,18,0.06011862388072117
y_hat_train,Ammonium-N,18,0.06266844908725559
y_hat_train,Ammonium-N,18,0.06037213564375996
y_hat_train,Ammonium-N,18,0.058580706392907314
y_hat_train,Ammonium-N,18,0.057373355929415115
y_hat_train,Ammonium-N,18,0.060996741439780525
y_hat_train,Ammonium-N,18,0.05745943248990713
y_hat_train,Ammonium-N,18,0.06787741727154921
y_hat_train,Ammonium-N,18,0.06857759003709744
y_hat_train,Ammonium-N,18,0.06274615733805759
y_hat_train,Ammonium-N,18,0.0575217868304926
y_hat_train,Ammonium-N,18,0.06707669921252066
y_hat_train,Ammonium-N,18,0.06228079295281572
y_hat_train,Ammonium-N,18,0.08363534623921438
y_hat_train,Ammonium-N,18,0.06230533264218547
y_hat_train,Ammonium-N,18,0.07546773980997218
y_hat_train,Ammonium-N,18,0.06528793473918883
y_hat_train,Ammonium-N,18,0.06687191405045227
y_hat_train,Ammonium-N,18,0.062099943165469754
y_hat_train,Ammonium-N,18,0.07151460928221666
y_hat_train,Ammonium-N,18,0.06312976750259357
y_hat_train,Ammonium-N,18,0.07213307644544678
y_hat_train,Ammonium-N,18,0.061214163193712014
y_hat_train,Ammonium-N,18,0.06147069742247366
y_hat_train,Ammonium-N,18,0.0688066714670759
y_hat_train,Ammonium-N,18,0.07322179429944906
y_hat_train,Ammonium-N,18,0.06658645795404589
y_hat_train,Ammonium-N,18,0.06385705959104257
y_hat_train,Ammonium-N,18,0.05729327683182954
y_hat_train,Ammonium-N,18,0.05916585314472659
y_hat_train,Ammonium-N,18,0.08291134440187896
y_true_train,Ammonium-N,18,0.0189
y_true_train,Ammonium-N,18,0.020366667
y_true_train,Ammonium-N,18,0.025666667
y_true_train,Ammonium-N,18,0.001266667
y_true_train,Ammonium-N,18,0.006433333
y_true_train,Ammonium-N,18,0.0067
y_true_train,Ammonium-N,18,0.380266667
y_true_train,Ammonium-N,18,0.174233333
y_true_train,Ammonium-N,18,0.007646588
y_true_train,Ammonium-N,18,0.0046
y_true_train,Ammonium-N,18,0.0254
y_true_train,Ammonium-N,18,0.042333333
y_true_train,Ammonium-N,18,0.116224337
y_true_train,Ammonium-N,18,0.018033333
y_true_train,Ammonium-N,18,0.110066667
y_true_train,Ammonium-N,18,0.044766667
y_true_train,Ammonium-N,18,0.0216
y_true_train,Ammonium-N,18,0.298466667
y_true_train,Ammonium-N,18,0.0673
y_true_train,Ammonium-N,18,0.036566667
y_true_train,Ammonium-N,18,0.0198
y_true_train,Ammonium-N,18,0.289433333
y_true_train,Ammonium-N,18,0.0235
y_true_train,Ammonium-N,18,0.050433333
y_true_train,Ammonium-N,18,0.026266667
y_true_train,Ammonium-N,18,0.0164
y_true_train,Ammonium-N,18,0.017633333
y_true_train,Ammonium-N,18,0.253366667
y_true_train,Ammonium-N,18,0.262866667
y_true_train,Ammonium-N,18,0.011766667
y_true_train,Ammonium-N,18,0.101033333
y_true_train,Ammonium-N,18,0.067433333
y_true_train,Ammonium-N,18,0.020533333
y_true_train,Ammonium-N,18,0.004
y_true_train,Ammonium-N,18,0.0148
y_true_train,Ammonium-N,18,0.027433333
y_true_train,Ammonium-N,18,0.018166667
y_true_train,Ammonium-N,18,0.022166667
y_true_train,Ammonium-N,18,0.0221
y_true_train,Ammonium-N,18,0.015666667
y_true_train,Ammonium-N,18,0.318833333
y_true_train,Ammonium-N,18,0.174233333
y_true_train,Ammonium-N,18,0.017273802
y_true_train,Ammonium-N,18,0.017890737
y_true_train,Ammonium-N,18,0.018225094
y_true_train,Ammonium-N,18,0.013835059
y_true_train,Ammonium-N,18,0.0175
y_true_train,Ammonium-N,18,0.0142
y_true_train,Ammonium-N,18,0.122533333
y_true_train,Ammonium-N,18,0.049
y_true_train,Ammonium-N,18,0.090733333
y_true_train,Ammonium-N,18,0.007133357
y_true_train,Ammonium-N,18,0.03337575
y_true_train,Ammonium-N,18,0.007166791
y_true_train,Ammonium-N,18,0.011533333
y_true_train,Ammonium-N,18,0.043166667
y_true_train,Ammonium-N,18,0.4519
y_true_train,Ammonium-N,18,0.013633333
y_true_train,Ammonium-N,18,0.0235
y_true_train,Ammonium-N,18,0.017558316
y_true_train,Ammonium-N,18,0.030533333
y_true_train,Ammonium-N,18,0.0064
y_true_train,Ammonium-N,18,0.1929
y_true_train,Ammonium-N,18,0.044766667
y_true_train,Ammonium-N,18,0.049066667
y_true_train,Ammonium-N,18,0.008786351
y_true_train,Ammonium-N,18,0.004922582
y_true_train,Ammonium-N,18,0.08343562
y_true_train,Ammonium-N,18,0.0184
y_true_train,Ammonium-N,18,0.041333333
y_true_train,Ammonium-N,18,0.015166667
y_true_train,Ammonium-N,18,0.050533333
y_true_train,Ammonium-N,18,0.099783572
y_true_train,Ammonium-N,18,0.007433333
y_true_train,Ammonium-N,18,0.2993
y_true_train,Ammonium-N,18,0.0311
y_true_train,Ammonium-N,18,0.034066667
y_true_train,Ammonium-N,18,0.041933333
y_true_train,Ammonium-N,18,0.067166667
y_true_train,Ammonium-N,18,0.104686248
y_true_train,Ammonium-N,18,0.2686
y_true_train,Ammonium-N,18,0.012570289
y_true_train,Ammonium-N,18,0.013033333
y_true_train,Ammonium-N,18,0.0377
y_true_train,Ammonium-N,18,0.089046085
y_true_train,Ammonium-N,18,0.3012
y_true_train,Ammonium-N,18,0.019933333
y_true_train,Ammonium-N,18,0.064266667
y_true_train,Ammonium-N,18,0.007810801
y_true_train,Ammonium-N,18,0.019033333
y_true_train,Ammonium-N,18,0.008033333
y_true_train,Ammonium-N,18,0.11883142
y_true_train,Ammonium-N,18,0.015833333
y_true_train,Ammonium-N,18,0.004
y_true_train,Ammonium-N,18,0.023441081
y_true_train,Ammonium-N,18,0.035366667
y_true_train,Ammonium-N,18,0.0249
y_true_train,Ammonium-N,18,0.004291076
y_true_train,Ammonium-N,18,0.130166667
y_true_train,Ammonium-N,18,0.270233333
y_true_train,Ammonium-N,18,0.012937725
y_true_train,Ammonium-N,18,0.022549305
y_true_train,Ammonium-N,18,0.012433333
y_true_train,Ammonium-N,18,0.025966667
y_true_train,Ammonium-N,18,0.016837803
y_true_test,Ammonium-N,18,0.0149
y_true_test,Ammonium-N,18,0.332333333
y_true_test,Ammonium-N,18,0.217466667
y_true_test,Ammonium-N,18,0.042633333
y_true_test,Ammonium-N,18,0.102719052
y_true_test,Ammonium-N,18,0.0393
y_true_test,Ammonium-N,18,0.025666667
y_true_test,Ammonium-N,18,0.139659083
y_true_test,Ammonium-N,18,0.103817696
y_true_test,Ammonium-N,18,0.039266667
y_true_test,Ammonium-N,18,0.010354731
y_true_test,Ammonium-N,18,0.006266667
y_true_test,Ammonium-N,18,0.013333333
y_true_test,Ammonium-N,18,0.101468935
y_true_test,Ammonium-N,18,0.030166667
y_true_test,Ammonium-N,18,0.094333333
y_true_test,Ammonium-N,18,0.021233333
y_true_test,Ammonium-N,18,0.0301
y_true_test,Ammonium-N,18,0.044866667
y_true_test,Ammonium-N,18,0.139659083
y_true_test,Ammonium-N,18,0.011876873
y_true_test,Ammonium-N,18,0.7161
y_true_test,Ammonium-N,18,0.026887548
y_true_test,Ammonium-N,18,0.0255
y_true_test,Ammonium-N,18,0.110989659
y_true_test,Ammonium-N,18,0.014438093
y_true_test,Ammonium-N,18,0.0229
y_true_test,Ammonium-N,18,0.020533333
y_true_test,Ammonium-N,18,0.035133333
y_true_test,Ammonium-N,18,0.1658
y_true_test,Ammonium-N,18,0.042033333
y_true_test,Ammonium-N,18,0.0134
y_true_test,Ammonium-N,18,0.014438093
y_true_test,Ammonium-N,18,0.0175
y_true_test,Ammonium-N,18,0.113816043
y_true_test,Ammonium-N,18,0.033733333
y_true_test,Ammonium-N,18,0.0191
y_true_test,Ammonium-N,18,0.040266667
y_true_test,Ammonium-N,18,0.10513478
y_true_test,Ammonium-N,18,0.023441081
y_true_test,Ammonium-N,18,0.035133333
y_true_test,Ammonium-N,18,0.0235
y_true_test,Ammonium-N,18,0.01610167
y_true_test,Ammonium-N,18,0.107070292
y_true_test,Ammonium-N,18,0.0491
y_true_test,Ammonium-N,18,0.007166791
test_ind,Ammonium-N,18,281.0
test_ind,Ammonium-N,18,2.0
test_ind,Ammonium-N,18,9.0
test_ind,Ammonium-N,18,67.0
test_ind,Ammonium-N,18,144.0
test_ind,Ammonium-N,18,61.0
test_ind,Ammonium-N,18,215.0
test_ind,Ammonium-N,18,77.0
test_ind,Ammonium-N,18,124.0
test_ind,Ammonium-N,18,238.0
test_ind,Ammonium-N,18,138.0
test_ind,Ammonium-N,18,36.0
test_ind,Ammonium-N,18,38.0
test_ind,Ammonium-N,18,173.0
test_ind,Ammonium-N,18,389.0
test_ind,Ammonium-N,18,305.0
test_ind,Ammonium-N,18,49.0
test_ind,Ammonium-N,18,284.0
test_ind,Ammonium-N,18,236.0
test_ind,Ammonium-N,18,78.0
test_ind,Ammonium-N,18,94.0
test_ind,Ammonium-N,18,12.0
test_ind,Ammonium-N,18,98.0
test_ind,Ammonium-N,18,265.0
test_ind,Ammonium-N,18,79.0
test_ind,Ammonium-N,18,125.0
test_ind,Ammonium-N,18,390.0
test_ind,Ammonium-N,18,101.0
test_ind,Ammonium-N,18,171.0
test_ind,Ammonium-N,18,304.0
test_ind,Ammonium-N,18,279.0
test_ind,Ammonium-N,18,291.0
test_ind,Ammonium-N,18,126.0
test_ind,Ammonium-N,18,122.0
test_ind,Ammonium-N,18,192.0
test_ind,Ammonium-N,18,398.0
test_ind,Ammonium-N,18,293.0
test_ind,Ammonium-N,18,292.0
test_ind,Ammonium-N,18,193.0
test_ind,Ammonium-N,18,175.0
test_ind,Ammonium-N,18,170.0
test_ind,Ammonium-N,18,75.0
test_ind,Ammonium-N,18,212.0
test_ind,Ammonium-N,18,102.0
test_ind,Ammonium-N,18,233.0
test_ind,Ammonium-N,18,219.0
train_ind,Ammonium-N,18,249.0
train_ind,Ammonium-N,18,280.0
train_ind,Ammonium-N,18,216.0
train_ind,Ammonium-N,18,247.0
train_ind,Ammonium-N,18,269.0
train_ind,Ammonium-N,18,248.0
train_ind,Ammonium-N,18,6.0
train_ind,Ammonium-N,18,191.0
train_ind,Ammonium-N,18,139.0
train_ind,Ammonium-N,18,298.0
train_ind,Ammonium-N,18,278.0
train_ind,Ammonium-N,18,262.0
train_ind,Ammonium-N,18,217.0
train_ind,Ammonium-N,18,252.0
train_ind,Ammonium-N,18,302.0
train_ind,Ammonium-N,18,141.0
train_ind,Ammonium-N,18,48.0
train_ind,Ammonium-N,18,23.0
train_ind,Ammonium-N,18,372.0
train_ind,Ammonium-N,18,237.0
train_ind,Ammonium-N,18,274.0
train_ind,Ammonium-N,18,11.0
train_ind,Ammonium-N,18,74.0
train_ind,Ammonium-N,18,378.0
train_ind,Ammonium-N,18,374.0
train_ind,Ammonium-N,18,41.0
train_ind,Ammonium-N,18,381.0
train_ind,Ammonium-N,18,17.0
train_ind,Ammonium-N,18,3.0
train_ind,Ammonium-N,18,361.0
train_ind,Ammonium-N,18,315.0
train_ind,Ammonium-N,18,395.0
train_ind,Ammonium-N,18,100.0
train_ind,Ammonium-N,18,231.0
train_ind,Ammonium-N,18,34.0
train_ind,Ammonium-N,18,270.0
train_ind,Ammonium-N,18,250.0
train_ind,Ammonium-N,18,266.0
train_ind,Ammonium-N,18,55.0
train_ind,Ammonium-N,18,300.0
train_ind,Ammonium-N,18,14.0
train_ind,Ammonium-N,18,190.0
train_ind,Ammonium-N,18,187.0
train_ind,Ammonium-N,18,104.0
train_ind,Ammonium-N,18,194.0
train_ind,Ammonium-N,18,188.0
train_ind,Ammonium-N,18,121.0
train_ind,Ammonium-N,18,391.0
train_ind,Ammonium-N,18,306.0
train_ind,Ammonium-N,18,69.0
train_ind,Ammonium-N,18,311.0
train_ind,Ammonium-N,18,95.0
train_ind,Ammonium-N,18,99.0
train_ind,Ammonium-N,18,220.0
train_ind,Ammonium-N,18,382.0
train_ind,Ammonium-N,18,65.0
train_ind,Ammonium-N,18,16.0
train_ind,Ammonium-N,18,392.0
train_ind,Ammonium-N,18,76.0
train_ind,Ammonium-N,18,72.0
train_ind,Ammonium-N,18,52.0
train_ind,Ammonium-N,18,257.0
train_ind,Ammonium-N,18,370.0
train_ind,Ammonium-N,18,142.0
train_ind,Ammonium-N,18,244.0
train_ind,Ammonium-N,18,119.0
train_ind,Ammonium-N,18,164.0
train_ind,Ammonium-N,18,218.0
train_ind,Ammonium-N,18,43.0
train_ind,Ammonium-N,18,59.0
train_ind,Ammonium-N,18,51.0
train_ind,Ammonium-N,18,243.0
train_ind,Ammonium-N,18,123.0
train_ind,Ammonium-N,18,258.0
train_ind,Ammonium-N,18,20.0
train_ind,Ammonium-N,18,42.0
train_ind,Ammonium-N,18,64.0
train_ind,Ammonium-N,18,299.0
train_ind,Ammonium-N,18,57.0
train_ind,Ammonium-N,18,103.0
train_ind,Ammonium-N,18,8.0
train_ind,Ammonium-N,18,136.0
train_ind,Ammonium-N,18,29.0
train_ind,Ammonium-N,18,232.0
train_ind,Ammonium-N,18,143.0
train_ind,Ammonium-N,18,27.0
train_ind,Ammonium-N,18,295.0
train_ind,Ammonium-N,18,385.0
train_ind,Ammonium-N,18,168.0
train_ind,Ammonium-N,18,28.0
train_ind,Ammonium-N,18,386.0
train_ind,Ammonium-N,18,172.0
train_ind,Ammonium-N,18,260.0
train_ind,Ammonium-N,18,165.0
train_ind,Ammonium-N,18,174.0
train_ind,Ammonium-N,18,373.0
train_ind,Ammonium-N,18,268.0
train_ind,Ammonium-N,18,213.0
train_ind,Ammonium-N,18,312.0
train_ind,Ammonium-N,18,15.0
train_ind,Ammonium-N,18,145.0
train_ind,Ammonium-N,18,167.0
train_ind,Ammonium-N,18,287.0
train_ind,Ammonium-N,18,39.0
train_ind,Ammonium-N,18,80.0
test_rsq,Ammonium-N,18,-0.019589441382217077
train_rsq,Ammonium-N,18,0.008056853109509321
test_rmse,Ammonium-N,18,0.11577825667586836
train_rmse,Ammonium-N,18,0.0925824598535601
test_mape,Ammonium-N,18,181.85516305151998
train_mape,Ammonium-N,18,328.35046348461634
n_comp,Ammonium-N,18,1.0
y_hat_test,Ammonium-N,19,0.051857622224703796
y_hat_test,Ammonium-N,19,0.06107531376872409
y_hat_test,Ammonium-N,19,0.061222934855430455
y_hat_test,Ammonium-N,19,0.03588933891509136
y_hat_test,Ammonium-N,19,0.061165395958767375
y_hat_test,Ammonium-N,19,0.04460810262398214
y_hat_test,Ammonium-N,19,0.0744813550568311
y_hat_test,Ammonium-N,19,0.09844866193975321
y_hat_test,Ammonium-N,19,0.05552921527799695
y_hat_test,Ammonium-N,19,0.08602338965447376
y_hat_test,Ammonium-N,19,0.06175189124312932
y_hat_test,Ammonium-N,19,0.05702950924886365
y_hat_test,Ammonium-N,19,0.030641567639405856
y_hat_test,Ammonium-N,19,0.06086377179376606
y_hat_test,Ammonium-N,19,0.07646971805219216
y_hat_test,Ammonium-N,19,0.0849216142571704
y_hat_test,Ammonium-N,19,0.08272229135966834
y_hat_test,Ammonium-N,19,0.08188151727685643
y_hat_test,Ammonium-N,19,0.04130097760016482
y_hat_test,Ammonium-N,19,0.09641429546691367
y_hat_test,Ammonium-N,19,0.07002950717098055
y_hat_test,Ammonium-N,19,0.05424529509392225
y_hat_test,Ammonium-N,19,0.06265213376982548
y_hat_test,Ammonium-N,19,0.051430783149934385
y_hat_test,Ammonium-N,19,0.09719156725757702
y_hat_test,Ammonium-N,19,0.04644843146764715
y_hat_test,Ammonium-N,19,0.08751976189321706
y_hat_test,Ammonium-N,19,0.05732297191263238
y_hat_test,Ammonium-N,19,0.0707500340197092
y_hat_test,Ammonium-N,19,0.0816630933201666
y_hat_test,Ammonium-N,19,0.06595912829493406
y_hat_test,Ammonium-N,19,0.04939505137078235
y_hat_test,Ammonium-N,19,0.06748114667086595
y_hat_test,Ammonium-N,19,0.0564491976836245
y_hat_test,Ammonium-N,19,0.028756994376616017
y_hat_test,Ammonium-N,19,0.04832394647388582
y_hat_test,Ammonium-N,19,0.05085295605190788
y_hat_test,Ammonium-N,19,0.04876427859233597
y_hat_test,Ammonium-N,19,0.0477279576703429
y_hat_test,Ammonium-N,19,0.08967225773837531
y_hat_test,Ammonium-N,19,0.05121580472971655
y_hat_test,Ammonium-N,19,0.04173923062616344
y_hat_test,Ammonium-N,19,0.05970405893614059
y_hat_test,Ammonium-N,19,0.06720460209246842
y_hat_test,Ammonium-N,19,0.05904562263575354
y_hat_test,Ammonium-N,19,0.05923384555465207
y_hat_train,Ammonium-N,19,0.06463840744550271
y_hat_train,Ammonium-N,19,0.059965703768564964
y_hat_train,Ammonium-N,19,0.059731579985251256
y_hat_train,Ammonium-N,19,0.05762398782641004
y_hat_train,Ammonium-N,19,0.09086567853282652
y_hat_train,Ammonium-N,19,0.0686250299659738
y_hat_train,Ammonium-N,19,0.0589771767706595
y_hat_train,Ammonium-N,19,0.0799175003703941
y_hat_train,Ammonium-N,19,0.06455660252353405
y_hat_train,Ammonium-N,19,0.050647112905611524
y_hat_train,Ammonium-N,19,0.042723469334197774
y_hat_train,Ammonium-N,19,0.08607532295169783
y_hat_train,Ammonium-N,19,0.09168872876064796
y_hat_train,Ammonium-N,19,0.05872862482906749
y_hat_train,Ammonium-N,19,0.04783399308173023
y_hat_train,Ammonium-N,19,0.057662937642773235
y_hat_train,Ammonium-N,19,0.05715222184194452
y_hat_train,Ammonium-N,19,0.07738659979547045
y_hat_train,Ammonium-N,19,0.059245965623391184
y_hat_train,Ammonium-N,19,0.08823636336652016
y_hat_train,Ammonium-N,19,0.04741056832385972
y_hat_train,Ammonium-N,19,0.08283000490528332
y_hat_train,Ammonium-N,19,0.05841479543832498
y_hat_train,Ammonium-N,19,0.05631025064503992
y_hat_train,Ammonium-N,19,0.05236710290137882
y_hat_train,Ammonium-N,19,0.09199704111808805
y_hat_train,Ammonium-N,19,0.0564063006280275
y_hat_train,Ammonium-N,19,0.1013310814019368
y_hat_train,Ammonium-N,19,0.05793222487111583
y_hat_train,Ammonium-N,19,0.04696909258567586
y_hat_train,Ammonium-N,19,0.058700410147068297
y_hat_train,Ammonium-N,19,0.07462153982761349
y_hat_train,Ammonium-N,19,0.06277306039199561
y_hat_train,Ammonium-N,19,0.05462289103680322
y_hat_train,Ammonium-N,19,0.054071298680276283
y_hat_train,Ammonium-N,19,0.056918426029356234
y_hat_train,Ammonium-N,19,0.08882153924104073
y_hat_train,Ammonium-N,19,0.06550922438517567
y_hat_train,Ammonium-N,19,0.06713056862576366
y_hat_train,Ammonium-N,19,0.031220775110241517
y_hat_train,Ammonium-N,19,0.058208207623621146
y_hat_train,Ammonium-N,19,0.07096434317677003
y_hat_train,Ammonium-N,19,0.04347401719710482
y_hat_train,Ammonium-N,19,0.06502838130822408
y_hat_train,Ammonium-N,19,0.05267480054684853
y_hat_train,Ammonium-N,19,0.049518169442549935
y_hat_train,Ammonium-N,19,0.05446926886729103
y_hat_train,Ammonium-N,19,0.05650814405571356
y_hat_train,Ammonium-N,19,0.04426263812359639
y_hat_train,Ammonium-N,19,0.05596841700027604
y_hat_train,Ammonium-N,19,0.045274915153089304
y_hat_train,Ammonium-N,19,0.05900164732065891
y_hat_train,Ammonium-N,19,0.04448982515231523
y_hat_train,Ammonium-N,19,0.053214113093096996
y_hat_train,Ammonium-N,19,0.0832767390113562
y_hat_train,Ammonium-N,19,0.04468518147779172
y_hat_train,Ammonium-N,19,0.05099846899735001
y_hat_train,Ammonium-N,19,0.042187297821785555
y_hat_train,Ammonium-N,19,0.050125317531477726
y_hat_train,Ammonium-N,19,0.05453501902500406
y_hat_train,Ammonium-N,19,0.056261095151322
y_hat_train,Ammonium-N,19,0.07742662659975945
y_hat_train,Ammonium-N,19,0.04895219464112713
y_hat_train,Ammonium-N,19,0.06066489864185179
y_hat_train,Ammonium-N,19,0.047636312192735036
y_hat_train,Ammonium-N,19,0.05389300203758921
y_hat_train,Ammonium-N,19,0.07066208957929543
y_hat_train,Ammonium-N,19,0.06897572093843946
y_hat_train,Ammonium-N,19,0.05124278787132679
y_hat_train,Ammonium-N,19,0.05840491860772973
y_hat_train,Ammonium-N,19,0.07177064600315598
y_hat_train,Ammonium-N,19,0.05734638605281085
y_hat_train,Ammonium-N,19,0.05560422888338925
y_hat_train,Ammonium-N,19,0.05852025292361563
y_hat_train,Ammonium-N,19,0.04553536964386852
y_hat_train,Ammonium-N,19,0.07519885728205586
y_hat_train,Ammonium-N,19,0.04944185177232563
y_hat_train,Ammonium-N,19,0.05384527946987448
y_hat_train,Ammonium-N,19,0.06689219499790985
y_hat_train,Ammonium-N,19,0.0891840576817786
y_hat_train,Ammonium-N,19,0.058546688783916785
y_hat_train,Ammonium-N,19,0.06175373456563862
y_hat_train,Ammonium-N,19,0.09343556388901428
y_hat_train,Ammonium-N,19,0.05813927198047353
y_hat_train,Ammonium-N,19,0.07573065883493779
y_hat_train,Ammonium-N,19,0.05732940656855799
y_hat_train,Ammonium-N,19,0.044924346150236424
y_hat_train,Ammonium-N,19,0.096525519509
y_hat_train,Ammonium-N,19,0.05358461102051196
y_hat_train,Ammonium-N,19,0.09176562544725624
y_hat_train,Ammonium-N,19,0.07125783982168538
y_hat_train,Ammonium-N,19,0.061777102455000274
y_hat_train,Ammonium-N,19,0.05610151839789898
y_hat_train,Ammonium-N,19,0.04345709020215589
y_hat_train,Ammonium-N,19,0.06575144589913916
y_hat_train,Ammonium-N,19,0.057334825462803954
y_hat_train,Ammonium-N,19,0.06982135377090477
y_hat_train,Ammonium-N,19,0.09537306888418311
y_hat_train,Ammonium-N,19,0.06322374377417266
y_hat_train,Ammonium-N,19,0.059586103193643145
y_hat_train,Ammonium-N,19,0.06777982417074782
y_hat_train,Ammonium-N,19,0.05259272885078072
y_hat_train,Ammonium-N,19,0.08889356574123744
y_hat_train,Ammonium-N,19,0.050550699940792324
y_hat_train,Ammonium-N,19,0.06236828517119382
y_true_train,Ammonium-N,19,0.011876873
y_true_train,Ammonium-N,19,0.0255
y_true_train,Ammonium-N,19,0.0164
y_true_train,Ammonium-N,19,0.020533333
y_true_train,Ammonium-N,19,0.139659083
y_true_train,Ammonium-N,19,0.007646588
y_true_train,Ammonium-N,19,0.174233333
y_true_train,Ammonium-N,19,0.0235
y_true_train,Ammonium-N,19,0.3012
y_true_train,Ammonium-N,19,0.042033333
y_true_train,Ammonium-N,19,0.2686
y_true_train,Ammonium-N,19,0.116224337
y_true_train,Ammonium-N,19,0.0235
y_true_train,Ammonium-N,19,0.042633333
y_true_train,Ammonium-N,19,0.018166667
y_true_train,Ammonium-N,19,0.019933333
y_true_train,Ammonium-N,19,0.090733333
y_true_train,Ammonium-N,19,0.289433333
y_true_train,Ammonium-N,19,0.03337575
y_true_train,Ammonium-N,19,0.040266667
y_true_train,Ammonium-N,19,0.067166667
y_true_train,Ammonium-N,19,0.026266667
y_true_train,Ammonium-N,19,0.013835059
y_true_train,Ammonium-N,19,0.0142
y_true_train,Ammonium-N,19,0.035133333
y_true_train,Ammonium-N,19,0.041333333
y_true_train,Ammonium-N,19,0.007810801
y_true_train,Ammonium-N,19,0.122533333
y_true_train,Ammonium-N,19,0.0229
y_true_train,Ammonium-N,19,0.012433333
y_true_train,Ammonium-N,19,0.049
y_true_train,Ammonium-N,19,0.030533333
y_true_train,Ammonium-N,19,0.001266667
y_true_train,Ammonium-N,19,0.102719052
y_true_train,Ammonium-N,19,0.101033333
y_true_train,Ammonium-N,19,0.020533333
y_true_train,Ammonium-N,19,0.110989659
y_true_train,Ammonium-N,19,0.049066667
y_true_train,Ammonium-N,19,0.014438093
y_true_train,Ammonium-N,19,0.004922582
y_true_train,Ammonium-N,19,0.0311
y_true_train,Ammonium-N,19,0.007133357
y_true_train,Ammonium-N,19,0.025666667
y_true_train,Ammonium-N,19,0.050433333
y_true_train,Ammonium-N,19,0.013633333
y_true_train,Ammonium-N,19,0.0149
y_true_train,Ammonium-N,19,0.034066667
y_true_train,Ammonium-N,19,0.044766667
y_true_train,Ammonium-N,19,0.0046
y_true_train,Ammonium-N,19,0.332333333
y_true_train,Ammonium-N,19,0.0134
y_true_train,Ammonium-N,19,0.044766667
y_true_train,Ammonium-N,19,0.033733333
y_true_train,Ammonium-N,19,0.2993
y_true_train,Ammonium-N,19,0.011533333
y_true_train,Ammonium-N,19,0.0191
y_true_train,Ammonium-N,19,0.007166791
y_true_train,Ammonium-N,19,0.017890737
y_true_train,Ammonium-N,19,0.015166667
y_true_train,Ammonium-N,19,0.0301
y_true_train,Ammonium-N,19,0.0249
y_true_train,Ammonium-N,19,0.006266667
y_true_train,Ammonium-N,19,0.01610167
y_true_train,Ammonium-N,19,0.026887548
y_true_train,Ammonium-N,19,0.020366667
y_true_train,Ammonium-N,19,0.018225094
y_true_train,Ammonium-N,19,0.298466667
y_true_train,Ammonium-N,19,0.1658
y_true_train,Ammonium-N,19,0.004
y_true_train,Ammonium-N,19,0.0175
y_true_train,Ammonium-N,19,0.004
y_true_train,Ammonium-N,19,0.107070292
y_true_train,Ammonium-N,19,0.043166667
y_true_train,Ammonium-N,19,0.022549305
y_true_train,Ammonium-N,19,0.094333333
y_true_train,Ammonium-N,19,0.010354731
y_true_train,Ammonium-N,19,0.018033333
y_true_train,Ammonium-N,19,0.099783572
y_true_train,Ammonium-N,19,0.014438093
y_true_train,Ammonium-N,19,0.017558316
y_true_train,Ammonium-N,19,0.0175
y_true_train,Ammonium-N,19,0.008033333
y_true_train,Ammonium-N,19,0.027433333
y_true_train,Ammonium-N,19,0.113816043
y_true_train,Ammonium-N,19,0.0067
y_true_train,Ammonium-N,19,0.004291076
y_true_train,Ammonium-N,19,0.217466667
y_true_train,Ammonium-N,19,0.4519
y_true_train,Ammonium-N,19,0.035133333
y_true_train,Ammonium-N,19,0.139659083
y_true_train,Ammonium-N,19,0.013033333
y_true_train,Ammonium-N,19,0.042333333
y_true_train,Ammonium-N,19,0.104686248
y_true_train,Ammonium-N,19,0.025666667
y_true_train,Ammonium-N,19,0.253366667
y_true_train,Ammonium-N,19,0.039266667
y_true_train,Ammonium-N,19,0.130166667
y_true_train,Ammonium-N,19,0.0184
y_true_train,Ammonium-N,19,0.012937725
y_true_train,Ammonium-N,19,0.101468935
y_true_train,Ammonium-N,19,0.008786351
y_true_train,Ammonium-N,19,0.025966667
y_true_train,Ammonium-N,19,0.050533333
y_true_train,Ammonium-N,19,0.022166667
y_true_train,Ammonium-N,19,0.0377
y_true_test,Ammonium-N,19,0.380266667
y_true_test,Ammonium-N,19,0.10513478
y_true_test,Ammonium-N,19,0.0189
y_true_test,Ammonium-N,19,0.08343562
y_true_test,Ammonium-N,19,0.0221
y_true_test,Ammonium-N,19,0.318833333
y_true_test,Ammonium-N,19,0.270233333
y_true_test,Ammonium-N,19,0.0235
y_true_test,Ammonium-N,19,0.044866667
y_true_test,Ammonium-N,19,0.0673
y_true_test,Ammonium-N,19,0.012570289
y_true_test,Ammonium-N,19,0.0216
y_true_test,Ammonium-N,19,0.103817696
y_true_test,Ammonium-N,19,0.0393
y_true_test,Ammonium-N,19,0.035366667
y_true_test,Ammonium-N,19,0.016837803
y_true_test,Ammonium-N,19,0.067433333
y_true_test,Ammonium-N,19,0.019033333
y_true_test,Ammonium-N,19,0.089046085
y_true_test,Ammonium-N,19,0.013333333
y_true_test,Ammonium-N,19,0.110066667
y_true_test,Ammonium-N,19,0.030166667
y_true_test,Ammonium-N,19,0.023441081
y_true_test,Ammonium-N,19,0.017633333
y_true_test,Ammonium-N,19,0.0064
y_true_test,Ammonium-N,19,0.017273802
y_true_test,Ammonium-N,19,0.064266667
y_true_test,Ammonium-N,19,0.011766667
y_true_test,Ammonium-N,19,0.007433333
y_true_test,Ammonium-N,19,0.0254
y_true_test,Ammonium-N,19,0.021233333
y_true_test,Ammonium-N,19,0.0198
y_true_test,Ammonium-N,19,0.11883142
y_true_test,Ammonium-N,19,0.015833333
y_true_test,Ammonium-N,19,0.007166791
y_true_test,Ammonium-N,19,0.7161
y_true_test,Ammonium-N,19,0.0148
y_true_test,Ammonium-N,19,0.262866667
y_true_test,Ammonium-N,19,0.041933333
y_true_test,Ammonium-N,19,0.1929
y_true_test,Ammonium-N,19,0.036566667
y_true_test,Ammonium-N,19,0.015666667
y_true_test,Ammonium-N,19,0.174233333
y_true_test,Ammonium-N,19,0.0491
y_true_test,Ammonium-N,19,0.023441081
y_true_test,Ammonium-N,19,0.006433333
test_ind,Ammonium-N,19,6.0
test_ind,Ammonium-N,19,193.0
test_ind,Ammonium-N,19,249.0
test_ind,Ammonium-N,19,218.0
test_ind,Ammonium-N,19,55.0
test_ind,Ammonium-N,19,14.0
test_ind,Ammonium-N,19,15.0
test_ind,Ammonium-N,19,75.0
test_ind,Ammonium-N,19,236.0
test_ind,Ammonium-N,19,372.0
test_ind,Ammonium-N,19,136.0
test_ind,Ammonium-N,19,48.0
test_ind,Ammonium-N,19,124.0
test_ind,Ammonium-N,19,61.0
test_ind,Ammonium-N,19,373.0
test_ind,Ammonium-N,19,80.0
test_ind,Ammonium-N,19,395.0
test_ind,Ammonium-N,19,28.0
test_ind,Ammonium-N,19,143.0
test_ind,Ammonium-N,19,38.0
test_ind,Ammonium-N,19,302.0
test_ind,Ammonium-N,19,389.0
test_ind,Ammonium-N,19,175.0
test_ind,Ammonium-N,19,381.0
test_ind,Ammonium-N,19,257.0
test_ind,Ammonium-N,19,187.0
test_ind,Ammonium-N,19,385.0
test_ind,Ammonium-N,19,361.0
test_ind,Ammonium-N,19,258.0
test_ind,Ammonium-N,19,278.0
test_ind,Ammonium-N,19,49.0
test_ind,Ammonium-N,19,274.0
test_ind,Ammonium-N,19,172.0
test_ind,Ammonium-N,19,260.0
test_ind,Ammonium-N,19,219.0
test_ind,Ammonium-N,19,12.0
test_ind,Ammonium-N,19,34.0
test_ind,Ammonium-N,19,3.0
test_ind,Ammonium-N,19,299.0
test_ind,Ammonium-N,19,370.0
test_ind,Ammonium-N,19,237.0
test_ind,Ammonium-N,19,300.0
test_ind,Ammonium-N,19,191.0
test_ind,Ammonium-N,19,233.0
test_ind,Ammonium-N,19,174.0
test_ind,Ammonium-N,19,269.0
train_ind,Ammonium-N,19,94.0
train_ind,Ammonium-N,19,265.0
train_ind,Ammonium-N,19,41.0
train_ind,Ammonium-N,19,100.0
train_ind,Ammonium-N,19,78.0
train_ind,Ammonium-N,19,139.0
train_ind,Ammonium-N,19,190.0
train_ind,Ammonium-N,19,76.0
train_ind,Ammonium-N,19,27.0
train_ind,Ammonium-N,19,279.0
train_ind,Ammonium-N,19,8.0
train_ind,Ammonium-N,19,217.0
train_ind,Ammonium-N,19,74.0
train_ind,Ammonium-N,19,67.0
train_ind,Ammonium-N,19,250.0
train_ind,Ammonium-N,19,295.0
train_ind,Ammonium-N,19,311.0
train_ind,Ammonium-N,19,11.0
train_ind,Ammonium-N,19,99.0
train_ind,Ammonium-N,19,292.0
train_ind,Ammonium-N,19,57.0
train_ind,Ammonium-N,19,374.0
train_ind,Ammonium-N,19,188.0
train_ind,Ammonium-N,19,391.0
train_ind,Ammonium-N,19,171.0
train_ind,Ammonium-N,19,59.0
train_ind,Ammonium-N,19,168.0
train_ind,Ammonium-N,19,306.0
train_ind,Ammonium-N,19,390.0
train_ind,Ammonium-N,19,287.0
train_ind,Ammonium-N,19,69.0
train_ind,Ammonium-N,19,52.0
train_ind,Ammonium-N,19,247.0
train_ind,Ammonium-N,19,144.0
train_ind,Ammonium-N,19,315.0
train_ind,Ammonium-N,19,101.0
train_ind,Ammonium-N,19,79.0
train_ind,Ammonium-N,19,244.0
train_ind,Ammonium-N,19,126.0
train_ind,Ammonium-N,19,164.0
train_ind,Ammonium-N,19,42.0
train_ind,Ammonium-N,19,95.0
train_ind,Ammonium-N,19,216.0
train_ind,Ammonium-N,19,378.0
train_ind,Ammonium-N,19,392.0
train_ind,Ammonium-N,19,281.0
train_ind,Ammonium-N,19,64.0
train_ind,Ammonium-N,19,142.0
train_ind,Ammonium-N,19,298.0
train_ind,Ammonium-N,19,2.0
train_ind,Ammonium-N,19,291.0
train_ind,Ammonium-N,19,141.0
train_ind,Ammonium-N,19,398.0
train_ind,Ammonium-N,19,20.0
train_ind,Ammonium-N,19,382.0
train_ind,Ammonium-N,19,293.0
train_ind,Ammonium-N,19,220.0
train_ind,Ammonium-N,19,104.0
train_ind,Ammonium-N,19,51.0
train_ind,Ammonium-N,19,284.0
train_ind,Ammonium-N,19,268.0
train_ind,Ammonium-N,19,36.0
train_ind,Ammonium-N,19,212.0
train_ind,Ammonium-N,19,98.0
train_ind,Ammonium-N,19,280.0
train_ind,Ammonium-N,19,194.0
train_ind,Ammonium-N,19,23.0
train_ind,Ammonium-N,19,304.0
train_ind,Ammonium-N,19,231.0
train_ind,Ammonium-N,19,122.0
train_ind,Ammonium-N,19,165.0
train_ind,Ammonium-N,19,102.0
train_ind,Ammonium-N,19,65.0
train_ind,Ammonium-N,19,167.0
train_ind,Ammonium-N,19,305.0
train_ind,Ammonium-N,19,138.0
train_ind,Ammonium-N,19,252.0
train_ind,Ammonium-N,19,123.0
train_ind,Ammonium-N,19,125.0
train_ind,Ammonium-N,19,72.0
train_ind,Ammonium-N,19,121.0
train_ind,Ammonium-N,19,386.0
train_ind,Ammonium-N,19,270.0
train_ind,Ammonium-N,19,192.0
train_ind,Ammonium-N,19,248.0
train_ind,Ammonium-N,19,213.0
train_ind,Ammonium-N,19,9.0
train_ind,Ammonium-N,19,16.0
train_ind,Ammonium-N,19,170.0
train_ind,Ammonium-N,19,77.0
train_ind,Ammonium-N,19,29.0
train_ind,Ammonium-N,19,262.0
train_ind,Ammonium-N,19,103.0
train_ind,Ammonium-N,19,215.0
train_ind,Ammonium-N,19,17.0
train_ind,Ammonium-N,19,238.0
train_ind,Ammonium-N,19,312.0
train_ind,Ammonium-N,19,43.0
train_ind,Ammonium-N,19,145.0
train_ind,Ammonium-N,19,173.0
train_ind,Ammonium-N,19,119.0
train_ind,Ammonium-N,19,39.0
train_ind,Ammonium-N,19,243.0
train_ind,Ammonium-N,19,266.0
train_ind,Ammonium-N,19,232.0
test_rsq,Ammonium-N,19,-0.0873365539646267
train_rsq,Ammonium-N,19,0.02947271455066236
test_rmse,Ammonium-N,19,0.13332544559802118
train_rmse,Ammonium-N,19,0.08319411078188411
test_mape,Ammonium-N,19,209.42306107280797
train_mape,Ammonium-N,19,285.4886736027184
n_comp,Ammonium-N,19,2.0
y_hat_test,Nitrate-N,0,0.09883736186206893
y_hat_test,Nitrate-N,0,0.36477524367527625
y_hat_test,Nitrate-N,0,0.12514298692810677
y_hat_test,Nitrate-N,0,0.3282454490335017
y_hat_test,Nitrate-N,0,0.06904158082749667
y_hat_test,Nitrate-N,0,0.15042697630726543
y_hat_test,Nitrate-N,0,0.10772208359812663
y_hat_test,Nitrate-N,0,3.363207925939786
y_hat_test,Nitrate-N,0,2.5728171264439137
y_hat_test,Nitrate-N,0,3.6605357395914253
y_hat_test,Nitrate-N,0,0.2284277760495022
y_hat_test,Nitrate-N,0,2.3386203653328503
y_hat_test,Nitrate-N,0,0.10113908011325412
y_hat_test,Nitrate-N,0,0.05702610694941479
y_hat_test,Nitrate-N,0,0.03545299755350728
y_hat_test,Nitrate-N,0,0.12685711880991413
y_hat_test,Nitrate-N,0,0.03540630116965027
y_hat_test,Nitrate-N,0,0.27816560700180315
y_hat_test,Nitrate-N,0,0.7047201879703316
y_hat_test,Nitrate-N,0,0.0027802771466988174
y_hat_test,Nitrate-N,0,0.16566819856547954
y_hat_test,Nitrate-N,0,0.04448884888951865
y_hat_test,Nitrate-N,0,0.15991462622578873
y_hat_test,Nitrate-N,0,-0.18324840587834879
y_hat_test,Nitrate-N,0,0.37657481449325
y_hat_test,Nitrate-N,0,0.08391462871628419
y_hat_test,Nitrate-N,0,0.11889266915939645
y_hat_test,Nitrate-N,0,0.4917434274990948
y_hat_test,Nitrate-N,0,-0.21885924964868742
y_hat_test,Nitrate-N,0,0.16172382635996335
y_hat_test,Nitrate-N,0,0.006357843649712924
y_hat_test,Nitrate-N,0,0.22278769015488875
y_hat_test,Nitrate-N,0,0.10669589682240754
y_hat_test,Nitrate-N,0,0.3215593111689835
y_hat_test,Nitrate-N,0,-0.1175396090140588
y_hat_test,Nitrate-N,0,0.06548218051628868
y_hat_test,Nitrate-N,0,0.051140003269495304
y_hat_test,Nitrate-N,0,0.6938453479872972
y_hat_test,Nitrate-N,0,2.8760808831265114
y_hat_test,Nitrate-N,0,0.4242514432642548
y_hat_test,Nitrate-N,0,-0.13167406366729983
y_hat_test,Nitrate-N,0,0.4683789112125906
y_hat_test,Nitrate-N,0,0.20936320581817935
y_hat_test,Nitrate-N,0,0.09822284331028036
y_hat_test,Nitrate-N,0,0.20241256917129297
y_hat_test,Nitrate-N,0,2.4988125292440797
y_hat_test,Nitrate-N,0,1.2202867539053015
y_hat_test,Nitrate-N,0,2.758448887580758
y_hat_test,Nitrate-N,0,0.5351692733341922
y_hat_test,Nitrate-N,0,0.2761261644213943
y_hat_test,Nitrate-N,0,0.4227570366622724
y_hat_test,Nitrate-N,0,-0.2521260261894913
y_hat_train,Nitrate-N,0,-0.10674238706584083
y_hat_train,Nitrate-N,0,0.6500062909250226
y_hat_train,Nitrate-N,0,0.2134786305460981
y_hat_train,Nitrate-N,0,0.1365568056122467
y_hat_train,Nitrate-N,0,0.24867614932002496
y_hat_train,Nitrate-N,0,0.15024380786679775
y_hat_train,Nitrate-N,0,0.231394378199844
y_hat_train,Nitrate-N,0,0.07457812037163741
y_hat_train,Nitrate-N,0,0.2735966881998466
y_hat_train,Nitrate-N,0,-0.011907056514596781
y_hat_train,Nitrate-N,0,3.1490294918854786
y_hat_train,Nitrate-N,0,0.3041002822197122
y_hat_train,Nitrate-N,0,0.12373368753908431
y_hat_train,Nitrate-N,0,0.24504772732218633
y_hat_train,Nitrate-N,0,0.09508322956286142
y_hat_train,Nitrate-N,0,0.19190467997969418
y_hat_train,Nitrate-N,0,3.356827439900345
y_hat_train,Nitrate-N,0,0.07888339856865711
y_hat_train,Nitrate-N,0,-0.06052733875910399
y_hat_train,Nitrate-N,0,0.4126018909633937
y_hat_train,Nitrate-N,0,0.298906542547958
y_hat_train,Nitrate-N,0,1.4493869694583061
y_hat_train,Nitrate-N,0,0.10488083089795297
y_hat_train,Nitrate-N,0,2.548674542535876
y_hat_train,Nitrate-N,0,2.315443719526814
y_hat_train,Nitrate-N,0,0.02335118002577552
y_hat_train,Nitrate-N,0,0.35267121309061367
y_hat_train,Nitrate-N,0,0.2418218002958728
y_hat_train,Nitrate-N,0,0.3230135818748653
y_hat_train,Nitrate-N,0,-0.013164367087485362
y_hat_train,Nitrate-N,0,0.22943134033512136
y_hat_train,Nitrate-N,0,0.5485388528719691
y_hat_train,Nitrate-N,0,0.17404682512057612
y_hat_train,Nitrate-N,0,0.2419731709672347
y_hat_train,Nitrate-N,0,4.858751650623924
y_hat_train,Nitrate-N,0,0.34484880907366644
y_hat_train,Nitrate-N,0,0.4450295011682359
y_hat_train,Nitrate-N,0,0.20574091989618498
y_hat_train,Nitrate-N,0,0.18495822288857366
y_hat_train,Nitrate-N,0,0.22727998683935552
y_hat_train,Nitrate-N,0,-0.015977217123529175
y_hat_train,Nitrate-N,0,0.2964524879603654
y_hat_train,Nitrate-N,0,0.14530609581575188
y_hat_train,Nitrate-N,0,0.09579906202455257
y_hat_train,Nitrate-N,0,0.14747720797091313
y_hat_train,Nitrate-N,0,0.15091553789400342
y_hat_train,Nitrate-N,0,2.729776126131877
y_hat_train,Nitrate-N,0,0.1625539708560183
y_hat_train,Nitrate-N,0,3.4030388415649426
y_hat_train,Nitrate-N,0,0.07931537553399043
y_hat_train,Nitrate-N,0,0.16653825325703453
y_hat_train,Nitrate-N,0,0.20764440454950145
y_hat_train,Nitrate-N,0,-0.006657027989316444
y_hat_train,Nitrate-N,0,0.23518849754502746
y_hat_train,Nitrate-N,0,3.482226674796652
y_hat_train,Nitrate-N,0,0.24564217576210046
y_hat_train,Nitrate-N,0,0.14232461595875406
y_hat_train,Nitrate-N,0,0.31054260513504894
y_hat_train,Nitrate-N,0,0.3720819663619799
y_hat_train,Nitrate-N,0,0.05506302661416612
y_hat_train,Nitrate-N,0,0.42386079540244564
y_hat_train,Nitrate-N,0,0.25170221512218416
y_hat_train,Nitrate-N,0,0.6349401119007809
y_hat_train,Nitrate-N,0,0.05792963766947917
y_hat_train,Nitrate-N,0,0.2770361607823767
y_hat_train,Nitrate-N,0,-0.04152854297890618
y_hat_train,Nitrate-N,0,0.22224364114842438
y_hat_train,Nitrate-N,0,-0.08887802697698943
y_hat_train,Nitrate-N,0,0.2848516958093553
y_hat_train,Nitrate-N,0,0.22820886672105534
y_hat_train,Nitrate-N,0,0.19430479232632092
y_hat_train,Nitrate-N,0,0.4111670742906148
y_hat_train,Nitrate-N,0,0.3145986588416278
y_hat_train,Nitrate-N,0,0.8774478920393275
y_hat_train,Nitrate-N,0,1.472467586276459
y_hat_train,Nitrate-N,0,0.13308560389450863
y_hat_train,Nitrate-N,0,0.23321450767856733
y_hat_train,Nitrate-N,0,0.29024313996411055
y_hat_train,Nitrate-N,0,0.3350202592673545
y_hat_train,Nitrate-N,0,0.21728491447948767
y_hat_train,Nitrate-N,0,0.12955423066342397
y_hat_train,Nitrate-N,0,-0.22790171317787655
y_hat_train,Nitrate-N,0,0.0466203310034935
y_hat_train,Nitrate-N,0,-0.0190534936306318
y_hat_train,Nitrate-N,0,0.049079416933746955
y_hat_train,Nitrate-N,0,-0.11728262486989838
y_hat_train,Nitrate-N,0,0.22360170032143328
y_hat_train,Nitrate-N,0,3.3668246044619745
y_hat_train,Nitrate-N,0,3.1838363412403115
y_hat_train,Nitrate-N,0,0.48151896604903077
y_hat_train,Nitrate-N,0,1.6905961365031401
y_hat_train,Nitrate-N,0,0.1304972068949259
y_hat_train,Nitrate-N,0,0.17670343101352398
y_hat_train,Nitrate-N,0,0.18000634396476461
y_hat_train,Nitrate-N,0,0.5512675982423971
y_hat_train,Nitrate-N,0,0.18944695783141124
y_hat_train,Nitrate-N,0,0.11510726664463028
y_hat_train,Nitrate-N,0,2.0978423723978477
y_hat_train,Nitrate-N,0,0.15480269487889753
y_hat_train,Nitrate-N,0,0.15392155555381448
y_hat_train,Nitrate-N,0,0.13261597458315694
y_hat_train,Nitrate-N,0,0.19394283251550387
y_hat_train,Nitrate-N,0,2.5482294049016034
y_hat_train,Nitrate-N,0,1.769481565437761
y_hat_train,Nitrate-N,0,0.04507886433569802
y_hat_train,Nitrate-N,0,0.3596365275740049
y_hat_train,Nitrate-N,0,0.10130457334811294
y_hat_train,Nitrate-N,0,-0.04029058022748455
y_hat_train,Nitrate-N,0,0.15969966267029206
y_hat_train,Nitrate-N,0,0.12156078286583344
y_hat_train,Nitrate-N,0,0.33573008937024135
y_hat_train,Nitrate-N,0,0.014469836214335952
y_hat_train,Nitrate-N,0,0.21132408843586442
y_hat_train,Nitrate-N,0,0.02649929229877601
y_hat_train,Nitrate-N,0,0.3377601364071958
y_hat_train,Nitrate-N,0,0.09889711715372862
y_hat_train,Nitrate-N,0,0.20618111293731506
y_hat_train,Nitrate-N,0,0.24178753818011905
y_hat_train,Nitrate-N,0,0.008458331004810082
y_hat_train,Nitrate-N,0,0.1857218971996351
y_true_train,Nitrate-N,0,0.014086754
y_true_train,Nitrate-N,0,0.468666667
y_true_train,Nitrate-N,0,0.137333333
y_true_train,Nitrate-N,0,0.110666667
y_true_train,Nitrate-N,0,0.206
y_true_train,Nitrate-N,0,0.192666667
y_true_train,Nitrate-N,0,0.272591332
y_true_train,Nitrate-N,0,0.091
y_true_train,Nitrate-N,0,0.368333333
y_true_train,Nitrate-N,0,0.014333333
y_true_train,Nitrate-N,0,3.665666667
y_true_train,Nitrate-N,0,0.249333333
y_true_train,Nitrate-N,0,0.023
y_true_train,Nitrate-N,0,0.387333333
y_true_train,Nitrate-N,0,0.128214103
y_true_train,Nitrate-N,0,0.361757248
y_true_train,Nitrate-N,0,3.498
y_true_train,Nitrate-N,0,0.011
y_true_train,Nitrate-N,0,0.028666667
y_true_train,Nitrate-N,0,0.178
y_true_train,Nitrate-N,0,0.13339733
y_true_train,Nitrate-N,0,1.501333333
y_true_train,Nitrate-N,0,0.108333333
y_true_train,Nitrate-N,0,2.611691805
y_true_train,Nitrate-N,0,2.438333333
y_true_train,Nitrate-N,0,0.029
y_true_train,Nitrate-N,0,0.160333333
y_true_train,Nitrate-N,0,0.273
y_true_train,Nitrate-N,0,0.275
y_true_train,Nitrate-N,0,0.219
y_true_train,Nitrate-N,0,0.077
y_true_train,Nitrate-N,0,0.994
y_true_train,Nitrate-N,0,0.023333333
y_true_train,Nitrate-N,0,0.216533333
y_true_train,Nitrate-N,0,5.165333333
y_true_train,Nitrate-N,0,0.248333333
y_true_train,Nitrate-N,0,0.336795488
y_true_train,Nitrate-N,0,0.077
y_true_train,Nitrate-N,0,0.146508959
y_true_train,Nitrate-N,0,0.206816238
y_true_train,Nitrate-N,0,0.150333333
y_true_train,Nitrate-N,0,0.196
y_true_train,Nitrate-N,0,0.203
y_true_train,Nitrate-N,0,0.088
y_true_train,Nitrate-N,0,0.141333333
y_true_train,Nitrate-N,0,0.171333333
y_true_train,Nitrate-N,0,2.539583346
y_true_train,Nitrate-N,0,0.284944721
y_true_train,Nitrate-N,0,3.455
y_true_train,Nitrate-N,0,0.16
y_true_train,Nitrate-N,0,0.235
y_true_train,Nitrate-N,0,0.152333333
y_true_train,Nitrate-N,0,0.084
y_true_train,Nitrate-N,0,0.113333333
y_true_train,Nitrate-N,0,3.455
y_true_train,Nitrate-N,0,0.237415705
y_true_train,Nitrate-N,0,0.103
y_true_train,Nitrate-N,0,0.244666667
y_true_train,Nitrate-N,0,0.41
y_true_train,Nitrate-N,0,0.104333333
y_true_train,Nitrate-N,0,0.361666667
y_true_train,Nitrate-N,0,0.287666667
y_true_train,Nitrate-N,0,0.630666667
y_true_train,Nitrate-N,0,0.227333333
y_true_train,Nitrate-N,0,0.290190215
y_true_train,Nitrate-N,0,0.011333333
y_true_train,Nitrate-N,0,0.337
y_true_train,Nitrate-N,0,0.012333333
y_true_train,Nitrate-N,0,0.351510981
y_true_train,Nitrate-N,0,0.162743322
y_true_train,Nitrate-N,0,0.323333333
y_true_train,Nitrate-N,0,0.294984357
y_true_train,Nitrate-N,0,0.326333333
y_true_train,Nitrate-N,0,0.789
y_true_train,Nitrate-N,0,1.549666667
y_true_train,Nitrate-N,0,0.155666667
y_true_train,Nitrate-N,0,0.046914199
y_true_train,Nitrate-N,0,0.172333333
y_true_train,Nitrate-N,0,0.192666667
y_true_train,Nitrate-N,0,0.002333333
y_true_train,Nitrate-N,0,0.148140528
y_true_train,Nitrate-N,0,0.029
y_true_train,Nitrate-N,0,0.153138762
y_true_train,Nitrate-N,0,0.08
y_true_train,Nitrate-N,0,0.122666667
y_true_train,Nitrate-N,0,0.012333333
y_true_train,Nitrate-N,0,0.264333333
y_true_train,Nitrate-N,0,2.810666667
y_true_train,Nitrate-N,0,3.105
y_true_train,Nitrate-N,0,0.558333333
y_true_train,Nitrate-N,0,1.687
y_true_train,Nitrate-N,0,0.141
y_true_train,Nitrate-N,0,0.140333333
y_true_train,Nitrate-N,0,0.054
y_true_train,Nitrate-N,0,0.557
y_true_train,Nitrate-N,0,0.157333333
y_true_train,Nitrate-N,0,0.108333333
y_true_train,Nitrate-N,0,1.965431456
y_true_train,Nitrate-N,0,0.188333333
y_true_train,Nitrate-N,0,0.044666667
y_true_train,Nitrate-N,0,0.054
y_true_train,Nitrate-N,0,0.272591332
y_true_train,Nitrate-N,0,2.524276858
y_true_train,Nitrate-N,0,1.42
y_true_train,Nitrate-N,0,0.006474193
y_true_train,Nitrate-N,0,0.283666667
y_true_train,Nitrate-N,0,0.044666667
y_true_train,Nitrate-N,0,0.052136398
y_true_train,Nitrate-N,0,0.011
y_true_train,Nitrate-N,0,0.17
y_true_train,Nitrate-N,0,0.242114912
y_true_train,Nitrate-N,0,0.273394835
y_true_train,Nitrate-N,0,0.128214103
y_true_train,Nitrate-N,0,0.012333333
y_true_train,Nitrate-N,0,0.471333333
y_true_train,Nitrate-N,0,0.215
y_true_train,Nitrate-N,0,0.215666667
y_true_train,Nitrate-N,0,0.113333333
y_true_train,Nitrate-N,0,0.013
y_true_train,Nitrate-N,0,0.05942377
y_true_test,Nitrate-N,0,0.153138762
y_true_test,Nitrate-N,0,0.138666667
y_true_test,Nitrate-N,0,0.198179175
y_true_test,Nitrate-N,0,0.131905178
y_true_test,Nitrate-N,0,0.166666667
y_true_test,Nitrate-N,0,0.090666667
y_true_test,Nitrate-N,0,0.129333333
y_true_test,Nitrate-N,0,4.182333333
y_true_test,Nitrate-N,0,2.243
y_true_test,Nitrate-N,0,2.861333333
y_true_test,Nitrate-N,0,0.233666667
y_true_test,Nitrate-N,0,2.28
y_true_test,Nitrate-N,0,0.167666667
y_true_test,Nitrate-N,0,0.046666667
y_true_test,Nitrate-N,0,0.131
y_true_test,Nitrate-N,0,0.116666667
y_true_test,Nitrate-N,0,0.037253617
y_true_test,Nitrate-N,0,0.132333333
y_true_test,Nitrate-N,0,0.636679275
y_true_test,Nitrate-N,0,0.401233963
y_true_test,Nitrate-N,0,0.08225616
y_true_test,Nitrate-N,0,0.148140528
y_true_test,Nitrate-N,0,0.605
y_true_test,Nitrate-N,0,0.080333333
y_true_test,Nitrate-N,0,0.647288174
y_true_test,Nitrate-N,0,0.142333333
y_true_test,Nitrate-N,0,0.04
y_true_test,Nitrate-N,0,0.110666667
y_true_test,Nitrate-N,0,0.075333333
y_true_test,Nitrate-N,0,0.322666667
y_true_test,Nitrate-N,0,0.182
y_true_test,Nitrate-N,0,0.439971979
y_true_test,Nitrate-N,0,0.011
y_true_test,Nitrate-N,0,0.325615728
y_true_test,Nitrate-N,0,0.002666667
y_true_test,Nitrate-N,0,0.040627835
y_true_test,Nitrate-N,0,0.205742231
y_true_test,Nitrate-N,0,0.564666667
y_true_test,Nitrate-N,0,2.544333333
y_true_test,Nitrate-N,0,0.632
y_true_test,Nitrate-N,0,0.197
y_true_test,Nitrate-N,0,0.217333333
y_true_test,Nitrate-N,0,0.17
y_true_test,Nitrate-N,0,0.265
y_true_test,Nitrate-N,0,0.101
y_true_test,Nitrate-N,0,2.300666667
y_true_test,Nitrate-N,0,1.146333333
y_true_test,Nitrate-N,0,3.177604111
y_true_test,Nitrate-N,0,0.318333333
y_true_test,Nitrate-N,0,0.061333333
y_true_test,Nitrate-N,0,0.128
y_true_test,Nitrate-N,0,0.038
test_ind,Nitrate-N,0,126.0
test_ind,Nitrate-N,0,346.0
test_ind,Nitrate-N,0,164.0
test_ind,Nitrate-N,0,136.0
test_ind,Nitrate-N,0,305.0
test_ind,Nitrate-N,0,252.0
test_ind,Nitrate-N,0,15.0
test_ind,Nitrate-N,0,365.0
test_ind,Nitrate-N,0,265.0
test_ind,Nitrate-N,0,232.0
test_ind,Nitrate-N,0,333.0
test_ind,Nitrate-N,0,343.0
test_ind,Nitrate-N,0,12.0
test_ind,Nitrate-N,0,248.0
test_ind,Nitrate-N,0,382.0
test_ind,Nitrate-N,0,238.0
test_ind,Nitrate-N,0,72.0
test_ind,Nitrate-N,0,39.0
test_ind,Nitrate-N,0,144.0
test_ind,Nitrate-N,0,123.0
test_ind,Nitrate-N,0,168.0
test_ind,Nitrate-N,0,77.0
test_ind,Nitrate-N,0,9.0
test_ind,Nitrate-N,0,293.0
test_ind,Nitrate-N,0,143.0
test_ind,Nitrate-N,0,274.0
test_ind,Nitrate-N,0,302.0
test_ind,Nitrate-N,0,338.0
test_ind,Nitrate-N,0,278.0
test_ind,Nitrate-N,0,373.0
test_ind,Nitrate-N,0,57.0
test_ind,Nitrate-N,0,138.0
test_ind,Nitrate-N,0,306.0
test_ind,Nitrate-N,0,102.0
test_ind,Nitrate-N,0,16.0
test_ind,Nitrate-N,0,99.0
test_ind,Nitrate-N,0,212.0
test_ind,Nitrate-N,0,269.0
test_ind,Nitrate-N,0,249.0
test_ind,Nitrate-N,0,392.0
test_ind,Nitrate-N,0,52.0
test_ind,Nitrate-N,0,65.0
test_ind,Nitrate-N,0,237.0
test_ind,Nitrate-N,0,279.0
test_ind,Nitrate-N,0,362.0
test_ind,Nitrate-N,0,41.0
test_ind,Nitrate-N,0,320.0
test_ind,Nitrate-N,0,188.0
test_ind,Nitrate-N,0,341.0
test_ind,Nitrate-N,0,36.0
test_ind,Nitrate-N,0,300.0
test_ind,Nitrate-N,0,395.0
train_ind,Nitrate-N,0,80.0
train_ind,Nitrate-N,0,361.0
train_ind,Nitrate-N,0,49.0
train_ind,Nitrate-N,0,268.0
train_ind,Nitrate-N,0,366.0
train_ind,Nitrate-N,0,304.0
train_ind,Nitrate-N,0,174.0
train_ind,Nitrate-N,0,372.0
train_ind,Nitrate-N,0,280.0
train_ind,Nitrate-N,0,59.0
train_ind,Nitrate-N,0,353.0
train_ind,Nitrate-N,0,319.0
train_ind,Nitrate-N,0,247.0
train_ind,Nitrate-N,0,291.0
train_ind,Nitrate-N,0,219.0
train_ind,Nitrate-N,0,145.0
train_ind,Nitrate-N,0,6.0
train_ind,Nitrate-N,0,142.0
train_ind,Nitrate-N,0,243.0
train_ind,Nitrate-N,0,244.0
train_ind,Nitrate-N,0,98.0
train_ind,Nitrate-N,0,20.0
train_ind,Nitrate-N,0,216.0
train_ind,Nitrate-N,0,187.0
train_ind,Nitrate-N,0,389.0
train_ind,Nitrate-N,0,270.0
train_ind,Nitrate-N,0,258.0
train_ind,Nitrate-N,0,233.0
train_ind,Nitrate-N,0,332.0
train_ind,Nitrate-N,0,386.0
train_ind,Nitrate-N,0,122.0
train_ind,Nitrate-N,0,281.0
train_ind,Nitrate-N,0,370.0
train_ind,Nitrate-N,0,165.0
train_ind,Nitrate-N,0,295.0
train_ind,Nitrate-N,0,299.0
train_ind,Nitrate-N,0,172.0
train_ind,Nitrate-N,0,121.0
train_ind,Nitrate-N,0,119.0
train_ind,Nitrate-N,0,218.0
train_ind,Nitrate-N,0,28.0
train_ind,Nitrate-N,0,318.0
train_ind,Nitrate-N,0,51.0
train_ind,Nitrate-N,0,345.0
train_ind,Nitrate-N,0,42.0
train_ind,Nitrate-N,0,34.0
train_ind,Nitrate-N,0,193.0
train_ind,Nitrate-N,0,124.0
train_ind,Nitrate-N,0,191.0
train_ind,Nitrate-N,0,8.0
train_ind,Nitrate-N,0,398.0
train_ind,Nitrate-N,0,315.0
train_ind,Nitrate-N,0,14.0
train_ind,Nitrate-N,0,171.0
train_ind,Nitrate-N,0,190.0
train_ind,Nitrate-N,0,217.0
train_ind,Nitrate-N,0,326.0
train_ind,Nitrate-N,0,27.0
train_ind,Nitrate-N,0,324.0
train_ind,Nitrate-N,0,347.0
train_ind,Nitrate-N,0,29.0
train_ind,Nitrate-N,0,2.0
train_ind,Nitrate-N,0,236.0
train_ind,Nitrate-N,0,358.0
train_ind,Nitrate-N,0,103.0
train_ind,Nitrate-N,0,23.0
train_ind,Nitrate-N,0,260.0
train_ind,Nitrate-N,0,75.0
train_ind,Nitrate-N,0,139.0
train_ind,Nitrate-N,0,94.0
train_ind,Nitrate-N,0,391.0
train_ind,Nitrate-N,0,167.0
train_ind,Nitrate-N,0,3.0
train_ind,Nitrate-N,0,298.0
train_ind,Nitrate-N,0,378.0
train_ind,Nitrate-N,0,374.0
train_ind,Nitrate-N,0,95.0
train_ind,Nitrate-N,0,266.0
train_ind,Nitrate-N,0,351.0
train_ind,Nitrate-N,0,38.0
train_ind,Nitrate-N,0,78.0
train_ind,Nitrate-N,0,323.0
train_ind,Nitrate-N,0,125.0
train_ind,Nitrate-N,0,329.0
train_ind,Nitrate-N,0,312.0
train_ind,Nitrate-N,0,74.0
train_ind,Nitrate-N,0,61.0
train_ind,Nitrate-N,0,284.0
train_ind,Nitrate-N,0,67.0
train_ind,Nitrate-N,0,344.0
train_ind,Nitrate-N,0,311.0
train_ind,Nitrate-N,0,359.0
train_ind,Nitrate-N,0,69.0
train_ind,Nitrate-N,0,342.0
train_ind,Nitrate-N,0,64.0
train_ind,Nitrate-N,0,250.0
train_ind,Nitrate-N,0,215.0
train_ind,Nitrate-N,0,194.0
train_ind,Nitrate-N,0,287.0
train_ind,Nitrate-N,0,349.0
train_ind,Nitrate-N,0,390.0
train_ind,Nitrate-N,0,175.0
train_ind,Nitrate-N,0,192.0
train_ind,Nitrate-N,0,55.0
train_ind,Nitrate-N,0,213.0
train_ind,Nitrate-N,0,381.0
train_ind,Nitrate-N,0,385.0
train_ind,Nitrate-N,0,79.0
train_ind,Nitrate-N,0,141.0
train_ind,Nitrate-N,0,339.0
train_ind,Nitrate-N,0,231.0
train_ind,Nitrate-N,0,173.0
train_ind,Nitrate-N,0,220.0
train_ind,Nitrate-N,0,76.0
train_ind,Nitrate-N,0,48.0
train_ind,Nitrate-N,0,17.0
train_ind,Nitrate-N,0,262.0
train_ind,Nitrate-N,0,170.0
train_ind,Nitrate-N,0,292.0
train_ind,Nitrate-N,0,104.0
test_rsq,Nitrate-N,0,0.9259648661785167
train_rsq,Nitrate-N,0,0.9793080147933562
test_rmse,Nitrate-N,0,0.25378515006244773
train_rmse,Nitrate-N,0,0.13503223920702398
test_mape,Nitrate-N,0,196.88777300518768
train_mape,Nitrate-N,0,188.88610372918288
n_comp,Nitrate-N,0,12.0
y_hat_test,Nitrate-N,1,0.24436110241494746
y_hat_test,Nitrate-N,1,0.2798977134592833
y_hat_test,Nitrate-N,1,2.5263151963797887
y_hat_test,Nitrate-N,1,0.3790717428122109
y_hat_test,Nitrate-N,1,0.08963740841767254
y_hat_test,Nitrate-N,1,0.4566084011183874
y_hat_test,Nitrate-N,1,-0.10243321573946707
y_hat_test,Nitrate-N,1,0.42617267077644444
y_hat_test,Nitrate-N,1,0.21127763210125283
y_hat_test,Nitrate-N,1,0.3969268667707739
y_hat_test,Nitrate-N,1,0.15516451602767461
y_hat_test,Nitrate-N,1,0.13114783200254027
y_hat_test,Nitrate-N,1,-0.1669038310715304
y_hat_test,Nitrate-N,1,0.5864343027456
y_hat_test,Nitrate-N,1,0.2792329975886009
y_hat_test,Nitrate-N,1,0.046925727557235786
y_hat_test,Nitrate-N,1,0.177277251255256
y_hat_test,Nitrate-N,1,-0.12449372147639559
y_hat_test,Nitrate-N,1,0.20407430549044459
y_hat_test,Nitrate-N,1,3.1226707183331084
y_hat_test,Nitrate-N,1,0.30410742281027503
y_hat_test,Nitrate-N,1,3.6393075290605355
y_hat_test,Nitrate-N,1,3.1015093166953807
y_hat_test,Nitrate-N,1,2.6802264668975035
y_hat_test,Nitrate-N,1,-0.23752367456664292
y_hat_test,Nitrate-N,1,0.32026460048426963
y_hat_test,Nitrate-N,1,0.02016439448380203
y_hat_test,Nitrate-N,1,0.3006917462879411
y_hat_test,Nitrate-N,1,0.19687214076704507
y_hat_test,Nitrate-N,1,0.10463389239156773
y_hat_test,Nitrate-N,1,0.20666668577126052
y_hat_test,Nitrate-N,1,0.26157819172418384
y_hat_test,Nitrate-N,1,-0.06701496060104561
y_hat_test,Nitrate-N,1,0.19351805192128813
y_hat_test,Nitrate-N,1,-0.14911310646843712
y_hat_test,Nitrate-N,1,3.6702083221080155
y_hat_test,Nitrate-N,1,0.16101092896115465
y_hat_test,Nitrate-N,1,2.0726770886897548
y_hat_test,Nitrate-N,1,-0.32278043208696916
y_hat_test,Nitrate-N,1,0.2846382599240697
y_hat_test,Nitrate-N,1,0.19544584472832383
y_hat_test,Nitrate-N,1,0.3005482813857517
y_hat_test,Nitrate-N,1,0.01644705182031503
y_hat_test,Nitrate-N,1,-0.08592998605134028
y_hat_test,Nitrate-N,1,0.445566347936088
y_hat_test,Nitrate-N,1,0.33149852830433746
y_hat_test,Nitrate-N,1,0.27370787581022865
y_hat_test,Nitrate-N,1,-0.009418000503864654
y_hat_test,Nitrate-N,1,0.33576054950460754
y_hat_test,Nitrate-N,1,0.49140180305187736
y_hat_test,Nitrate-N,1,0.13949653351312918
y_hat_test,Nitrate-N,1,-0.0716354451167851
y_hat_train,Nitrate-N,1,2.3169092497839006
y_hat_train,Nitrate-N,1,0.3224051919234915
y_hat_train,Nitrate-N,1,0.18101057567560197
y_hat_train,Nitrate-N,1,0.5550354295506554
y_hat_train,Nitrate-N,1,0.2090403408154366
y_hat_train,Nitrate-N,1,0.7344555871096613
y_hat_train,Nitrate-N,1,0.09136427048437795
y_hat_train,Nitrate-N,1,0.09395700959402176
y_hat_train,Nitrate-N,1,4.940597326092597
y_hat_train,Nitrate-N,1,0.22447573905839585
y_hat_train,Nitrate-N,1,3.351682877944792
y_hat_train,Nitrate-N,1,0.12477125084703217
y_hat_train,Nitrate-N,1,0.12752730039561444
y_hat_train,Nitrate-N,1,0.09817686313060126
y_hat_train,Nitrate-N,1,0.15774043233843127
y_hat_train,Nitrate-N,1,0.29731155516309576
y_hat_train,Nitrate-N,1,0.23904400608391146
y_hat_train,Nitrate-N,1,-0.02756538868060221
y_hat_train,Nitrate-N,1,0.2653474745915127
y_hat_train,Nitrate-N,1,0.24523400383150767
y_hat_train,Nitrate-N,1,0.2240577993173583
y_hat_train,Nitrate-N,1,0.5715927666620817
y_hat_train,Nitrate-N,1,3.291898140319428
y_hat_train,Nitrate-N,1,0.4268842099504737
y_hat_train,Nitrate-N,1,3.391355949315728
y_hat_train,Nitrate-N,1,0.059899830279289135
y_hat_train,Nitrate-N,1,1.7383046239799738
y_hat_train,Nitrate-N,1,0.1415026533740843
y_hat_train,Nitrate-N,1,0.333293245694425
y_hat_train,Nitrate-N,1,0.296124994621221
y_hat_train,Nitrate-N,1,1.1021603991145388
y_hat_train,Nitrate-N,1,2.543113086698798
y_hat_train,Nitrate-N,1,0.3316510369977298
y_hat_train,Nitrate-N,1,0.30136337704036653
y_hat_train,Nitrate-N,1,0.2909234742221686
y_hat_train,Nitrate-N,1,0.20047771958725458
y_hat_train,Nitrate-N,1,0.28143689065701954
y_hat_train,Nitrate-N,1,0.2505505128504886
y_hat_train,Nitrate-N,1,3.1187059111151525
y_hat_train,Nitrate-N,1,-0.09133342457557803
y_hat_train,Nitrate-N,1,0.21472585985230452
y_hat_train,Nitrate-N,1,0.1723453933919885
y_hat_train,Nitrate-N,1,0.12974699646698445
y_hat_train,Nitrate-N,1,0.114699957163023
y_hat_train,Nitrate-N,1,1.2694967224018945
y_hat_train,Nitrate-N,1,-0.08515964084360739
y_hat_train,Nitrate-N,1,0.18527436294045868
y_hat_train,Nitrate-N,1,-0.05020499032190118
y_hat_train,Nitrate-N,1,0.06643965893847437
y_hat_train,Nitrate-N,1,0.24926386932665467
y_hat_train,Nitrate-N,1,0.16583849177972732
y_hat_train,Nitrate-N,1,0.2762638174437833
y_hat_train,Nitrate-N,1,-0.09585630599454475
y_hat_train,Nitrate-N,1,0.15414732215049648
y_hat_train,Nitrate-N,1,0.232120793398364
y_hat_train,Nitrate-N,1,0.12570600803958426
y_hat_train,Nitrate-N,1,0.15651635297283584
y_hat_train,Nitrate-N,1,0.11636851247777041
y_hat_train,Nitrate-N,1,0.14752340489667026
y_hat_train,Nitrate-N,1,2.369928661371752
y_hat_train,Nitrate-N,1,0.021047391698149842
y_hat_train,Nitrate-N,1,3.8782532470115485
y_hat_train,Nitrate-N,1,0.09574493866603406
y_hat_train,Nitrate-N,1,0.2641517224021103
y_hat_train,Nitrate-N,1,2.7626005988394673
y_hat_train,Nitrate-N,1,0.05748516240607221
y_hat_train,Nitrate-N,1,1.5783319918631413
y_hat_train,Nitrate-N,1,0.6058974900665319
y_hat_train,Nitrate-N,1,0.1613762665716032
y_hat_train,Nitrate-N,1,0.18442542015868163
y_hat_train,Nitrate-N,1,0.23371303423115497
y_hat_train,Nitrate-N,1,0.315597284244745
y_hat_train,Nitrate-N,1,0.3303455421317387
y_hat_train,Nitrate-N,1,0.19978254965337744
y_hat_train,Nitrate-N,1,0.1977223619181992
y_hat_train,Nitrate-N,1,0.2573773961845126
y_hat_train,Nitrate-N,1,0.17772839940830715
y_hat_train,Nitrate-N,1,3.473439970239572
y_hat_train,Nitrate-N,1,0.19599557888297764
y_hat_train,Nitrate-N,1,0.022417136709627528
y_hat_train,Nitrate-N,1,0.06757327109479805
y_hat_train,Nitrate-N,1,0.057754474142586165
y_hat_train,Nitrate-N,1,0.22696121812670988
y_hat_train,Nitrate-N,1,0.25932926998233874
y_hat_train,Nitrate-N,1,0.08510341451673381
y_hat_train,Nitrate-N,1,0.3377294560285574
y_hat_train,Nitrate-N,1,0.3028954433146943
y_hat_train,Nitrate-N,1,0.17063859646053942
y_hat_train,Nitrate-N,1,-0.030703921425095704
y_hat_train,Nitrate-N,1,0.5647778673454752
y_hat_train,Nitrate-N,1,0.048571162679142854
y_hat_train,Nitrate-N,1,0.261495257992525
y_hat_train,Nitrate-N,1,0.3342894768295636
y_hat_train,Nitrate-N,1,0.14727094010404063
y_hat_train,Nitrate-N,1,0.6548877180937895
y_hat_train,Nitrate-N,1,0.29307972695505824
y_hat_train,Nitrate-N,1,0.08357860713391274
y_hat_train,Nitrate-N,1,0.19227852779694315
y_hat_train,Nitrate-N,1,0.37913561167529397
y_hat_train,Nitrate-N,1,0.04442805542247763
y_hat_train,Nitrate-N,1,0.140771208785554
y_hat_train,Nitrate-N,1,0.23973369158543245
y_hat_train,Nitrate-N,1,0.28700411953985244
y_hat_train,Nitrate-N,1,0.10623811414415069
y_hat_train,Nitrate-N,1,0.352309062994428
y_hat_train,Nitrate-N,1,0.2846385551921273
y_hat_train,Nitrate-N,1,0.31305242706874903
y_hat_train,Nitrate-N,1,0.3875083573786411
y_hat_train,Nitrate-N,1,0.07704258743308662
y_hat_train,Nitrate-N,1,1.9040171207693994
y_hat_train,Nitrate-N,1,0.3688572470528307
y_hat_train,Nitrate-N,1,0.21850632657038782
y_hat_train,Nitrate-N,1,0.08716665594797118
y_hat_train,Nitrate-N,1,0.40551437504968135
y_hat_train,Nitrate-N,1,1.8971969345830737
y_hat_train,Nitrate-N,1,-0.17163091083800053
y_hat_train,Nitrate-N,1,0.2986199621458913
y_hat_train,Nitrate-N,1,0.20903355224415976
y_hat_train,Nitrate-N,1,0.09924120875969766
y_hat_train,Nitrate-N,1,0.1086621472264489
y_true_train,Nitrate-N,1,2.28
y_true_train,Nitrate-N,1,0.244666667
y_true_train,Nitrate-N,1,0.116666667
y_true_train,Nitrate-N,1,0.630666667
y_true_train,Nitrate-N,1,0.264333333
y_true_train,Nitrate-N,1,0.789
y_true_train,Nitrate-N,1,0.103
y_true_train,Nitrate-N,1,0.08225616
y_true_train,Nitrate-N,1,5.165333333
y_true_train,Nitrate-N,1,0.002333333
y_true_train,Nitrate-N,1,3.665666667
y_true_train,Nitrate-N,1,0.227333333
y_true_train,Nitrate-N,1,0.141
y_true_train,Nitrate-N,1,0.150333333
y_true_train,Nitrate-N,1,0.337
y_true_train,Nitrate-N,1,0.325615728
y_true_train,Nitrate-N,1,0.273
y_true_train,Nitrate-N,1,0.012333333
y_true_train,Nitrate-N,1,0.192666667
y_true_train,Nitrate-N,1,0.155666667
y_true_train,Nitrate-N,1,0.196
y_true_train,Nitrate-N,1,0.632
y_true_train,Nitrate-N,1,2.810666667
y_true_train,Nitrate-N,1,0.471333333
y_true_train,Nitrate-N,1,3.498
y_true_train,Nitrate-N,1,0.273394835
y_true_train,Nitrate-N,1,1.687
y_true_train,Nitrate-N,1,0.084
y_true_train,Nitrate-N,1,0.322666667
y_true_train,Nitrate-N,1,0.287666667
y_true_train,Nitrate-N,1,1.146333333
y_true_train,Nitrate-N,1,2.524276858
y_true_train,Nitrate-N,1,0.294984357
y_true_train,Nitrate-N,1,0.131905178
y_true_train,Nitrate-N,1,0.178
y_true_train,Nitrate-N,1,0.387333333
y_true_train,Nitrate-N,1,0.290190215
y_true_train,Nitrate-N,1,0.361757248
y_true_train,Nitrate-N,1,3.177604111
y_true_train,Nitrate-N,1,0.08
y_true_train,Nitrate-N,1,0.368333333
y_true_train,Nitrate-N,1,0.192666667
y_true_train,Nitrate-N,1,0.233666667
y_true_train,Nitrate-N,1,0.110666667
y_true_train,Nitrate-N,1,1.501333333
y_true_train,Nitrate-N,1,0.012333333
y_true_train,Nitrate-N,1,0.140333333
y_true_train,Nitrate-N,1,0.038
y_true_train,Nitrate-N,1,0.148140528
y_true_train,Nitrate-N,1,0.108333333
y_true_train,Nitrate-N,1,0.054
y_true_train,Nitrate-N,1,0.235
y_true_train,Nitrate-N,1,0.014333333
y_true_train,Nitrate-N,1,0.090666667
y_true_train,Nitrate-N,1,0.203
y_true_train,Nitrate-N,1,0.215666667
y_true_train,Nitrate-N,1,0.113333333
y_true_train,Nitrate-N,1,0.215
y_true_train,Nitrate-N,1,0.088
y_true_train,Nitrate-N,1,2.243
y_true_train,Nitrate-N,1,0.080333333
y_true_train,Nitrate-N,1,4.182333333
y_true_train,Nitrate-N,1,0.044666667
y_true_train,Nitrate-N,1,0.128214103
y_true_train,Nitrate-N,1,2.544333333
y_true_train,Nitrate-N,1,0.265
y_true_train,Nitrate-N,1,1.549666667
y_true_train,Nitrate-N,1,0.468666667
y_true_train,Nitrate-N,1,0.216533333
y_true_train,Nitrate-N,1,0.171333333
y_true_train,Nitrate-N,1,0.108333333
y_true_train,Nitrate-N,1,0.162743322
y_true_train,Nitrate-N,1,0.023333333
y_true_train,Nitrate-N,1,0.142333333
y_true_train,Nitrate-N,1,0.205742231
y_true_train,Nitrate-N,1,0.284944721
y_true_train,Nitrate-N,1,0.182
y_true_train,Nitrate-N,1,3.455
y_true_train,Nitrate-N,1,0.13339733
y_true_train,Nitrate-N,1,0.197
y_true_train,Nitrate-N,1,0.16
y_true_train,Nitrate-N,1,0.219
y_true_train,Nitrate-N,1,0.077
y_true_train,Nitrate-N,1,0.249333333
y_true_train,Nitrate-N,1,0.131
y_true_train,Nitrate-N,1,0.217333333
y_true_train,Nitrate-N,1,0.248333333
y_true_train,Nitrate-N,1,0.188333333
y_true_train,Nitrate-N,1,0.002666667
y_true_train,Nitrate-N,1,0.647288174
y_true_train,Nitrate-N,1,0.122666667
y_true_train,Nitrate-N,1,0.326333333
y_true_train,Nitrate-N,1,0.351510981
y_true_train,Nitrate-N,1,0.137333333
y_true_train,Nitrate-N,1,0.636679275
y_true_train,Nitrate-N,1,0.198179175
y_true_train,Nitrate-N,1,0.129333333
y_true_train,Nitrate-N,1,0.323333333
y_true_train,Nitrate-N,1,0.318333333
y_true_train,Nitrate-N,1,0.128214103
y_true_train,Nitrate-N,1,0.023
y_true_train,Nitrate-N,1,0.113333333
y_true_train,Nitrate-N,1,0.077
y_true_train,Nitrate-N,1,0.054
y_true_train,Nitrate-N,1,0.206
y_true_train,Nitrate-N,1,0.110666667
y_true_train,Nitrate-N,1,0.138666667
y_true_train,Nitrate-N,1,0.160333333
y_true_train,Nitrate-N,1,0.141333333
y_true_train,Nitrate-N,1,1.42
y_true_train,Nitrate-N,1,0.41
y_true_train,Nitrate-N,1,0.272591332
y_true_train,Nitrate-N,1,0.152333333
y_true_train,Nitrate-N,1,0.558333333
y_true_train,Nitrate-N,1,1.965431456
y_true_train,Nitrate-N,1,0.029
y_true_train,Nitrate-N,1,0.275
y_true_train,Nitrate-N,1,0.272591332
y_true_train,Nitrate-N,1,0.17
y_true_train,Nitrate-N,1,0.148140528
y_true_test,Nitrate-N,1,0.17
y_true_test,Nitrate-N,1,0.994
y_true_test,Nitrate-N,1,2.300666667
y_true_test,Nitrate-N,1,0.336795488
y_true_test,Nitrate-N,1,0.153138762
y_true_test,Nitrate-N,1,0.283666667
y_true_test,Nitrate-N,1,0.029
y_true_test,Nitrate-N,1,0.361666667
y_true_test,Nitrate-N,1,0.157333333
y_true_test,Nitrate-N,1,0.564666667
y_true_test,Nitrate-N,1,0.011333333
y_true_test,Nitrate-N,1,0.605
y_true_test,Nitrate-N,1,0.013
y_true_test,Nitrate-N,1,0.046914199
y_true_test,Nitrate-N,1,0.128
y_true_test,Nitrate-N,1,0.166666667
y_true_test,Nitrate-N,1,0.104333333
y_true_test,Nitrate-N,1,0.012333333
y_true_test,Nitrate-N,1,0.006474193
y_true_test,Nitrate-N,1,3.105
y_true_test,Nitrate-N,1,0.401233963
y_true_test,Nitrate-N,1,3.455
y_true_test,Nitrate-N,1,2.539583346
y_true_test,Nitrate-N,1,2.611691805
y_true_test,Nitrate-N,1,0.014086754
y_true_test,Nitrate-N,1,0.237415705
y_true_test,Nitrate-N,1,0.05942377
y_true_test,Nitrate-N,1,0.557
y_true_test,Nitrate-N,1,0.061333333
y_true_test,Nitrate-N,1,0.172333333
y_true_test,Nitrate-N,1,0.206816238
y_true_test,Nitrate-N,1,0.101
y_true_test,Nitrate-N,1,0.091
y_true_test,Nitrate-N,1,0.167666667
y_true_test,Nitrate-N,1,0.028666667
y_true_test,Nitrate-N,1,2.861333333
y_true_test,Nitrate-N,1,0.242114912
y_true_test,Nitrate-N,1,2.438333333
y_true_test,Nitrate-N,1,0.075333333
y_true_test,Nitrate-N,1,0.146508959
y_true_test,Nitrate-N,1,0.153138762
y_true_test,Nitrate-N,1,0.011
y_true_test,Nitrate-N,1,0.046666667
y_true_test,Nitrate-N,1,0.052136398
y_true_test,Nitrate-N,1,0.439971979
y_true_test,Nitrate-N,1,0.040627835
y_true_test,Nitrate-N,1,0.044666667
y_true_test,Nitrate-N,1,0.037253617
y_true_test,Nitrate-N,1,0.132333333
y_true_test,Nitrate-N,1,0.011
y_true_test,Nitrate-N,1,0.04
y_true_test,Nitrate-N,1,0.011
test_ind,Nitrate-N,1,237.0
test_ind,Nitrate-N,1,281.0
test_ind,Nitrate-N,1,41.0
test_ind,Nitrate-N,1,172.0
test_ind,Nitrate-N,1,125.0
test_ind,Nitrate-N,1,381.0
test_ind,Nitrate-N,1,270.0
test_ind,Nitrate-N,1,29.0
test_ind,Nitrate-N,1,250.0
test_ind,Nitrate-N,1,269.0
test_ind,Nitrate-N,1,23.0
test_ind,Nitrate-N,1,9.0
test_ind,Nitrate-N,1,292.0
test_ind,Nitrate-N,1,95.0
test_ind,Nitrate-N,1,300.0
test_ind,Nitrate-N,1,305.0
test_ind,Nitrate-N,1,347.0
test_ind,Nitrate-N,1,75.0
test_ind,Nitrate-N,1,213.0
test_ind,Nitrate-N,1,67.0
test_ind,Nitrate-N,1,123.0
test_ind,Nitrate-N,1,190.0
test_ind,Nitrate-N,1,193.0
test_ind,Nitrate-N,1,187.0
test_ind,Nitrate-N,1,80.0
test_ind,Nitrate-N,1,217.0
test_ind,Nitrate-N,1,104.0
test_ind,Nitrate-N,1,64.0
test_ind,Nitrate-N,1,36.0
test_ind,Nitrate-N,1,266.0
test_ind,Nitrate-N,1,218.0
test_ind,Nitrate-N,1,362.0
test_ind,Nitrate-N,1,372.0
test_ind,Nitrate-N,1,12.0
test_ind,Nitrate-N,1,243.0
test_ind,Nitrate-N,1,232.0
test_ind,Nitrate-N,1,231.0
test_ind,Nitrate-N,1,389.0
test_ind,Nitrate-N,1,278.0
test_ind,Nitrate-N,1,119.0
test_ind,Nitrate-N,1,126.0
test_ind,Nitrate-N,1,142.0
test_ind,Nitrate-N,1,248.0
test_ind,Nitrate-N,1,79.0
test_ind,Nitrate-N,1,138.0
test_ind,Nitrate-N,1,99.0
test_ind,Nitrate-N,1,385.0
test_ind,Nitrate-N,1,72.0
test_ind,Nitrate-N,1,39.0
test_ind,Nitrate-N,1,141.0
test_ind,Nitrate-N,1,302.0
test_ind,Nitrate-N,1,306.0
train_ind,Nitrate-N,1,343.0
train_ind,Nitrate-N,1,27.0
train_ind,Nitrate-N,1,238.0
train_ind,Nitrate-N,1,236.0
train_ind,Nitrate-N,1,61.0
train_ind,Nitrate-N,1,298.0
train_ind,Nitrate-N,1,326.0
train_ind,Nitrate-N,1,168.0
train_ind,Nitrate-N,1,295.0
train_ind,Nitrate-N,1,38.0
train_ind,Nitrate-N,1,353.0
train_ind,Nitrate-N,1,358.0
train_ind,Nitrate-N,1,359.0
train_ind,Nitrate-N,1,28.0
train_ind,Nitrate-N,1,260.0
train_ind,Nitrate-N,1,102.0
train_ind,Nitrate-N,1,233.0
train_ind,Nitrate-N,1,76.0
train_ind,Nitrate-N,1,351.0
train_ind,Nitrate-N,1,374.0
train_ind,Nitrate-N,1,318.0
train_ind,Nitrate-N,1,392.0
train_ind,Nitrate-N,1,284.0
train_ind,Nitrate-N,1,48.0
train_ind,Nitrate-N,1,6.0
train_ind,Nitrate-N,1,173.0
train_ind,Nitrate-N,1,311.0
train_ind,Nitrate-N,1,14.0
train_ind,Nitrate-N,1,373.0
train_ind,Nitrate-N,1,2.0
train_ind,Nitrate-N,1,320.0
train_ind,Nitrate-N,1,192.0
train_ind,Nitrate-N,1,167.0
train_ind,Nitrate-N,1,136.0
train_ind,Nitrate-N,1,244.0
train_ind,Nitrate-N,1,291.0
train_ind,Nitrate-N,1,103.0
train_ind,Nitrate-N,1,145.0
train_ind,Nitrate-N,1,188.0
train_ind,Nitrate-N,1,329.0
train_ind,Nitrate-N,1,280.0
train_ind,Nitrate-N,1,304.0
train_ind,Nitrate-N,1,333.0
train_ind,Nitrate-N,1,268.0
train_ind,Nitrate-N,1,20.0
train_ind,Nitrate-N,1,74.0
train_ind,Nitrate-N,1,69.0
train_ind,Nitrate-N,1,395.0
train_ind,Nitrate-N,1,78.0
train_ind,Nitrate-N,1,216.0
train_ind,Nitrate-N,1,390.0
train_ind,Nitrate-N,1,398.0
train_ind,Nitrate-N,1,59.0
train_ind,Nitrate-N,1,252.0
train_ind,Nitrate-N,1,51.0
train_ind,Nitrate-N,1,262.0
train_ind,Nitrate-N,1,170.0
train_ind,Nitrate-N,1,17.0
train_ind,Nitrate-N,1,345.0
train_ind,Nitrate-N,1,265.0
train_ind,Nitrate-N,1,293.0
train_ind,Nitrate-N,1,365.0
train_ind,Nitrate-N,1,349.0
train_ind,Nitrate-N,1,220.0
train_ind,Nitrate-N,1,249.0
train_ind,Nitrate-N,1,279.0
train_ind,Nitrate-N,1,378.0
train_ind,Nitrate-N,1,361.0
train_ind,Nitrate-N,1,165.0
train_ind,Nitrate-N,1,34.0
train_ind,Nitrate-N,1,215.0
train_ind,Nitrate-N,1,94.0
train_ind,Nitrate-N,1,370.0
train_ind,Nitrate-N,1,274.0
train_ind,Nitrate-N,1,212.0
train_ind,Nitrate-N,1,124.0
train_ind,Nitrate-N,1,57.0
train_ind,Nitrate-N,1,191.0
train_ind,Nitrate-N,1,98.0
train_ind,Nitrate-N,1,52.0
train_ind,Nitrate-N,1,8.0
train_ind,Nitrate-N,1,386.0
train_ind,Nitrate-N,1,121.0
train_ind,Nitrate-N,1,319.0
train_ind,Nitrate-N,1,382.0
train_ind,Nitrate-N,1,65.0
train_ind,Nitrate-N,1,299.0
train_ind,Nitrate-N,1,287.0
train_ind,Nitrate-N,1,16.0
train_ind,Nitrate-N,1,143.0
train_ind,Nitrate-N,1,312.0
train_ind,Nitrate-N,1,3.0
train_ind,Nitrate-N,1,139.0
train_ind,Nitrate-N,1,49.0
train_ind,Nitrate-N,1,144.0
train_ind,Nitrate-N,1,164.0
train_ind,Nitrate-N,1,15.0
train_ind,Nitrate-N,1,391.0
train_ind,Nitrate-N,1,341.0
train_ind,Nitrate-N,1,219.0
train_ind,Nitrate-N,1,247.0
train_ind,Nitrate-N,1,171.0
train_ind,Nitrate-N,1,122.0
train_ind,Nitrate-N,1,342.0
train_ind,Nitrate-N,1,366.0
train_ind,Nitrate-N,1,338.0
train_ind,Nitrate-N,1,346.0
train_ind,Nitrate-N,1,258.0
train_ind,Nitrate-N,1,42.0
train_ind,Nitrate-N,1,55.0
train_ind,Nitrate-N,1,324.0
train_ind,Nitrate-N,1,174.0
train_ind,Nitrate-N,1,315.0
train_ind,Nitrate-N,1,344.0
train_ind,Nitrate-N,1,194.0
train_ind,Nitrate-N,1,323.0
train_ind,Nitrate-N,1,332.0
train_ind,Nitrate-N,1,175.0
train_ind,Nitrate-N,1,339.0
train_ind,Nitrate-N,1,77.0
test_rsq,Nitrate-N,1,0.9206891709437853
train_rsq,Nitrate-N,1,0.981517421161581
test_rmse,Nitrate-N,1,0.2570932469434698
train_rmse,Nitrate-N,1,0.12877802705120325
test_mape,Nitrate-N,1,439.6142970039879
train_mape,Nitrate-N,1,168.93456365477053
n_comp,Nitrate-N,1,12.0
y_hat_test,Nitrate-N,2,0.5267009350686558
y_hat_test,Nitrate-N,2,0.33855511620359124
y_hat_test,Nitrate-N,2,0.41993970637749817
y_hat_test,Nitrate-N,2,2.1607957517137275
y_hat_test,Nitrate-N,2,-0.10506793863293312
y_hat_test,Nitrate-N,2,-0.16116422904790556
y_hat_test,Nitrate-N,2,-0.02139131769187702
y_hat_test,Nitrate-N,2,0.4072322684240727
y_hat_test,Nitrate-N,2,3.6162523026696514
y_hat_test,Nitrate-N,2,0.3082437295986838
y_hat_test,Nitrate-N,2,0.12665181010421106
y_hat_test,Nitrate-N,2,0.3038109070623949
y_hat_test,Nitrate-N,2,0.10882016694128283
y_hat_test,Nitrate-N,2,-0.06246510523110166
y_hat_test,Nitrate-N,2,0.6743173761457641
y_hat_test,Nitrate-N,2,0.46597178458549715
y_hat_test,Nitrate-N,2,0.5001657437069702
y_hat_test,Nitrate-N,2,3.291269844991458
y_hat_test,Nitrate-N,2,0.33493484554377784
y_hat_test,Nitrate-N,2,3.2762699528782195
y_hat_test,Nitrate-N,2,0.07089737417163144
y_hat_test,Nitrate-N,2,0.28595061660832777
y_hat_test,Nitrate-N,2,0.26734116432770694
y_hat_test,Nitrate-N,2,0.13805131158041933
y_hat_test,Nitrate-N,2,0.08287820605371482
y_hat_test,Nitrate-N,2,-0.1479473777993638
y_hat_test,Nitrate-N,2,2.776150091329654
y_hat_test,Nitrate-N,2,0.3547804117809125
y_hat_test,Nitrate-N,2,0.26231954014825115
y_hat_test,Nitrate-N,2,0.1669400345780031
y_hat_test,Nitrate-N,2,2.245037247860924
y_hat_test,Nitrate-N,2,0.36434996230581856
y_hat_test,Nitrate-N,2,0.1112971970641618
y_hat_test,Nitrate-N,2,0.020420630276840768
y_hat_test,Nitrate-N,2,-0.0037096228054178115
y_hat_test,Nitrate-N,2,3.050176467150599
y_hat_test,Nitrate-N,2,0.09470794879841782
y_hat_test,Nitrate-N,2,-0.13928899568137937
y_hat_test,Nitrate-N,2,0.10622409042833664
y_hat_test,Nitrate-N,2,0.18924691185918796
y_hat_test,Nitrate-N,2,0.23721732788766037
y_hat_test,Nitrate-N,2,1.8155542917770744
y_hat_test,Nitrate-N,2,0.3657450746006883
y_hat_test,Nitrate-N,2,0.2195398572630795
y_hat_test,Nitrate-N,2,0.17539281070528223
y_hat_test,Nitrate-N,2,0.2685698440609494
y_hat_test,Nitrate-N,2,-0.009188106198333601
y_hat_test,Nitrate-N,2,-0.004525630719206919
y_hat_test,Nitrate-N,2,1.742422394057316
y_hat_test,Nitrate-N,2,0.1177935618001858
y_hat_test,Nitrate-N,2,1.2972449592000421
y_hat_test,Nitrate-N,2,0.024464112852071784
y_hat_train,Nitrate-N,2,0.12578017091546206
y_hat_train,Nitrate-N,2,0.5835611673522665
y_hat_train,Nitrate-N,2,0.1193670890462522
y_hat_train,Nitrate-N,2,0.10412062899902602
y_hat_train,Nitrate-N,2,0.08037295138991568
y_hat_train,Nitrate-N,2,0.36881045821995073
y_hat_train,Nitrate-N,2,-0.004139441186058301
y_hat_train,Nitrate-N,2,0.016781821357628568
y_hat_train,Nitrate-N,2,0.1667971594113139
y_hat_train,Nitrate-N,2,0.13483635987740594
y_hat_train,Nitrate-N,2,0.22424962692681316
y_hat_train,Nitrate-N,2,2.5845466926834857
y_hat_train,Nitrate-N,2,0.12924544149130252
y_hat_train,Nitrate-N,2,0.3191342919130297
y_hat_train,Nitrate-N,2,0.039610149963729635
y_hat_train,Nitrate-N,2,0.39657089981012794
y_hat_train,Nitrate-N,2,2.430325997054866
y_hat_train,Nitrate-N,2,0.5842357078561231
y_hat_train,Nitrate-N,2,0.12787371221853344
y_hat_train,Nitrate-N,2,0.05126008045504754
y_hat_train,Nitrate-N,2,0.2816082405037979
y_hat_train,Nitrate-N,2,0.046191011531607484
y_hat_train,Nitrate-N,2,0.2896463685891641
y_hat_train,Nitrate-N,2,0.2434448980419434
y_hat_train,Nitrate-N,2,-0.026888884420708192
y_hat_train,Nitrate-N,2,-0.08357268807407153
y_hat_train,Nitrate-N,2,0.10101608785295069
y_hat_train,Nitrate-N,2,0.09692068499053869
y_hat_train,Nitrate-N,2,0.843397116632872
y_hat_train,Nitrate-N,2,0.07024992429602006
y_hat_train,Nitrate-N,2,0.19557824493873815
y_hat_train,Nitrate-N,2,0.09971794124245031
y_hat_train,Nitrate-N,2,0.4370928335081788
y_hat_train,Nitrate-N,2,0.0807795113240839
y_hat_train,Nitrate-N,2,0.1343156292780348
y_hat_train,Nitrate-N,2,0.6462840254688256
y_hat_train,Nitrate-N,2,3.2247356193356005
y_hat_train,Nitrate-N,2,0.03443345634242301
y_hat_train,Nitrate-N,2,5.02928225739303
y_hat_train,Nitrate-N,2,0.27568446452667805
y_hat_train,Nitrate-N,2,0.1838022766441051
y_hat_train,Nitrate-N,2,0.08047726690718732
y_hat_train,Nitrate-N,2,0.24583146123182642
y_hat_train,Nitrate-N,2,0.1299196310543282
y_hat_train,Nitrate-N,2,-0.014230876150313876
y_hat_train,Nitrate-N,2,0.6164292331516245
y_hat_train,Nitrate-N,2,0.025495481665464836
y_hat_train,Nitrate-N,2,0.35553111626047856
y_hat_train,Nitrate-N,2,0.1157075164459394
y_hat_train,Nitrate-N,2,0.3850413400264694
y_hat_train,Nitrate-N,2,0.07667873549131665
y_hat_train,Nitrate-N,2,0.36742624837738047
y_hat_train,Nitrate-N,2,2.34011054540362
y_hat_train,Nitrate-N,2,0.2656937074178618
y_hat_train,Nitrate-N,2,0.07558552889610387
y_hat_train,Nitrate-N,2,0.2222705322475031
y_hat_train,Nitrate-N,2,0.16852131556337702
y_hat_train,Nitrate-N,2,0.14466002235653141
y_hat_train,Nitrate-N,2,0.624451607283512
y_hat_train,Nitrate-N,2,-0.03780436959531924
y_hat_train,Nitrate-N,2,0.00755054862983201
y_hat_train,Nitrate-N,2,1.4900057264540623
y_hat_train,Nitrate-N,2,3.3783661596854184
y_hat_train,Nitrate-N,2,0.07028897948508778
y_hat_train,Nitrate-N,2,3.0763992780635134
y_hat_train,Nitrate-N,2,0.14112884196661096
y_hat_train,Nitrate-N,2,0.1544589525989058
y_hat_train,Nitrate-N,2,0.1773689735345908
y_hat_train,Nitrate-N,2,-0.042407397953144466
y_hat_train,Nitrate-N,2,0.1301587386443545
y_hat_train,Nitrate-N,2,0.363265670403808
y_hat_train,Nitrate-N,2,0.26483508289482777
y_hat_train,Nitrate-N,2,0.06210421011172479
y_hat_train,Nitrate-N,2,-0.07479476416646363
y_hat_train,Nitrate-N,2,0.21312279067971363
y_hat_train,Nitrate-N,2,0.37997370447792395
y_hat_train,Nitrate-N,2,2.5855768696250236
y_hat_train,Nitrate-N,2,0.05252109538692151
y_hat_train,Nitrate-N,2,0.00849153097390748
y_hat_train,Nitrate-N,2,0.056484347451725536
y_hat_train,Nitrate-N,2,0.08655157868087138
y_hat_train,Nitrate-N,2,0.32772232865641027
y_hat_train,Nitrate-N,2,1.1395518897129608
y_hat_train,Nitrate-N,2,0.09831357481310538
y_hat_train,Nitrate-N,2,0.21718457823038329
y_hat_train,Nitrate-N,2,0.21457611320916048
y_hat_train,Nitrate-N,2,0.08835816249090406
y_hat_train,Nitrate-N,2,0.3304146071421572
y_hat_train,Nitrate-N,2,0.06426321884703495
y_hat_train,Nitrate-N,2,0.32864950222658235
y_hat_train,Nitrate-N,2,0.2646485376209259
y_hat_train,Nitrate-N,2,0.3473996547412501
y_hat_train,Nitrate-N,2,0.1811449530128026
y_hat_train,Nitrate-N,2,0.2004804528390644
y_hat_train,Nitrate-N,2,0.004436859713569774
y_hat_train,Nitrate-N,2,-0.026742439590910216
y_hat_train,Nitrate-N,2,0.16116099667439093
y_hat_train,Nitrate-N,2,0.10967828075916813
y_hat_train,Nitrate-N,2,0.4782740390310394
y_hat_train,Nitrate-N,2,0.5053591460885039
y_hat_train,Nitrate-N,2,0.5776983831332579
y_hat_train,Nitrate-N,2,0.33437824431082497
y_hat_train,Nitrate-N,2,0.14707698659691432
y_hat_train,Nitrate-N,2,0.39073072100749545
y_hat_train,Nitrate-N,2,0.19434262489455295
y_hat_train,Nitrate-N,2,0.036335051222337544
y_hat_train,Nitrate-N,2,3.032258253973403
y_hat_train,Nitrate-N,2,0.21822533150169504
y_hat_train,Nitrate-N,2,0.11209006454567022
y_hat_train,Nitrate-N,2,2.3933991028805446
y_hat_train,Nitrate-N,2,0.3003041209003591
y_hat_train,Nitrate-N,2,0.3072185926348844
y_hat_train,Nitrate-N,2,0.14423769656731805
y_hat_train,Nitrate-N,2,2.2609350115373092
y_hat_train,Nitrate-N,2,3.48675111643129
y_hat_train,Nitrate-N,2,0.1701079840826144
y_hat_train,Nitrate-N,2,0.24193685639812368
y_hat_train,Nitrate-N,2,0.3881430098759748
y_hat_train,Nitrate-N,2,0.08006900683657431
y_hat_train,Nitrate-N,2,0.3288220340837237
y_true_train,Nitrate-N,2,0.17
y_true_train,Nitrate-N,2,0.558333333
y_true_train,Nitrate-N,2,0.044666667
y_true_train,Nitrate-N,2,0.142333333
y_true_train,Nitrate-N,2,0.103
y_true_train,Nitrate-N,2,0.318333333
y_true_train,Nitrate-N,2,0.011333333
y_true_train,Nitrate-N,2,0.012333333
y_true_train,Nitrate-N,2,0.264333333
y_true_train,Nitrate-N,2,0.153138762
y_true_train,Nitrate-N,2,0.138666667
y_true_train,Nitrate-N,2,2.544333333
y_true_train,Nitrate-N,2,0.128
y_true_train,Nitrate-N,2,0.287666667
y_true_train,Nitrate-N,2,0.014333333
y_true_train,Nitrate-N,2,0.41
y_true_train,Nitrate-N,2,2.524276858
y_true_train,Nitrate-N,2,0.630666667
y_true_train,Nitrate-N,2,0.141333333
y_true_train,Nitrate-N,2,0.029
y_true_train,Nitrate-N,2,0.249333333
y_true_train,Nitrate-N,2,0.152333333
y_true_train,Nitrate-N,2,0.217333333
y_true_train,Nitrate-N,2,0.196
y_true_train,Nitrate-N,2,0.002333333
y_true_train,Nitrate-N,2,0.011
y_true_train,Nitrate-N,2,0.101
y_true_train,Nitrate-N,2,0.054
y_true_train,Nitrate-N,2,0.789
y_true_train,Nitrate-N,2,0.157333333
y_true_train,Nitrate-N,2,0.275
y_true_train,Nitrate-N,2,0.116666667
y_true_train,Nitrate-N,2,0.471333333
y_true_train,Nitrate-N,2,0.131905178
y_true_train,Nitrate-N,2,0.061333333
y_true_train,Nitrate-N,2,0.632
y_true_train,Nitrate-N,2,3.177604111
y_true_train,Nitrate-N,2,0.08
y_true_train,Nitrate-N,2,5.165333333
y_true_train,Nitrate-N,2,0.235
y_true_train,Nitrate-N,2,0.128214103
y_true_train,Nitrate-N,2,0.04
y_true_train,Nitrate-N,2,0.237415705
y_true_train,Nitrate-N,2,0.132333333
y_true_train,Nitrate-N,2,0.011
y_true_train,Nitrate-N,2,0.636679275
y_true_train,Nitrate-N,2,0.006474193
y_true_train,Nitrate-N,2,0.368333333
y_true_train,Nitrate-N,2,0.113333333
y_true_train,Nitrate-N,2,0.326333333
y_true_train,Nitrate-N,2,0.108333333
y_true_train,Nitrate-N,2,0.439971979
y_true_train,Nitrate-N,2,2.300666667
y_true_train,Nitrate-N,2,0.227333333
y_true_train,Nitrate-N,2,0.128214103
y_true_train,Nitrate-N,2,0.273394835
y_true_train,Nitrate-N,2,0.160333333
y_true_train,Nitrate-N,2,0.215
y_true_train,Nitrate-N,2,0.647288174
y_true_train,Nitrate-N,2,0.012333333
y_true_train,Nitrate-N,2,0.014086754
y_true_train,Nitrate-N,2,1.501333333
y_true_train,Nitrate-N,2,3.455
y_true_train,Nitrate-N,2,0.002666667
y_true_train,Nitrate-N,2,2.810666667
y_true_train,Nitrate-N,2,0.182
y_true_train,Nitrate-N,2,0.140333333
y_true_train,Nitrate-N,2,0.054
y_true_train,Nitrate-N,2,0.023
y_true_train,Nitrate-N,2,0.108333333
y_true_train,Nitrate-N,2,0.361757248
y_true_train,Nitrate-N,2,0.273
y_true_train,Nitrate-N,2,0.088
y_true_train,Nitrate-N,2,0.075333333
y_true_train,Nitrate-N,2,0.172333333
y_true_train,Nitrate-N,2,0.351510981
y_true_train,Nitrate-N,2,2.611691805
y_true_train,Nitrate-N,2,0.013
y_true_train,Nitrate-N,2,0.038
y_true_train,Nitrate-N,2,0.052136398
y_true_train,Nitrate-N,2,0.077
y_true_train,Nitrate-N,2,0.322666667
y_true_train,Nitrate-N,2,1.146333333
y_true_train,Nitrate-N,2,0.077
y_true_train,Nitrate-N,2,0.284944721
y_true_train,Nitrate-N,2,0.205742231
y_true_train,Nitrate-N,2,0.091
y_true_train,Nitrate-N,2,0.248333333
y_true_train,Nitrate-N,2,0.131
y_true_train,Nitrate-N,2,0.290190215
y_true_train,Nitrate-N,2,0.242114912
y_true_train,Nitrate-N,2,0.336795488
y_true_train,Nitrate-N,2,0.113333333
y_true_train,Nitrate-N,2,0.206
y_true_train,Nitrate-N,2,0.011
y_true_train,Nitrate-N,2,0.037253617
y_true_train,Nitrate-N,2,0.148140528
y_true_train,Nitrate-N,2,0.215666667
y_true_train,Nitrate-N,2,0.401233963
y_true_train,Nitrate-N,2,0.564666667
y_true_train,Nitrate-N,2,0.605
y_true_train,Nitrate-N,2,0.337
y_true_train,Nitrate-N,2,0.148140528
y_true_train,Nitrate-N,2,0.387333333
y_true_train,Nitrate-N,2,0.192666667
y_true_train,Nitrate-N,2,0.044666667
y_true_train,Nitrate-N,2,3.105
y_true_train,Nitrate-N,2,0.198179175
y_true_train,Nitrate-N,2,0.05942377
y_true_train,Nitrate-N,2,2.438333333
y_true_train,Nitrate-N,2,0.178
y_true_train,Nitrate-N,2,0.283666667
y_true_train,Nitrate-N,2,0.129333333
y_true_train,Nitrate-N,2,2.243
y_true_train,Nitrate-N,2,3.455
y_true_train,Nitrate-N,2,0.13339733
y_true_train,Nitrate-N,2,0.137333333
y_true_train,Nitrate-N,2,0.272591332
y_true_train,Nitrate-N,2,0.171333333
y_true_train,Nitrate-N,2,0.323333333
y_true_test,Nitrate-N,2,0.244666667
y_true_test,Nitrate-N,2,0.203
y_true_test,Nitrate-N,2,0.046914199
y_true_test,Nitrate-N,2,1.42
y_true_test,Nitrate-N,2,0.090666667
y_true_test,Nitrate-N,2,0.150333333
y_true_test,Nitrate-N,2,0.012333333
y_true_test,Nitrate-N,2,0.468666667
y_true_test,Nitrate-N,2,2.861333333
y_true_test,Nitrate-N,2,0.146508959
y_true_test,Nitrate-N,2,0.122666667
y_true_test,Nitrate-N,2,0.16
y_true_test,Nitrate-N,2,0.084
y_true_test,Nitrate-N,2,0.141
y_true_test,Nitrate-N,2,0.294984357
y_true_test,Nitrate-N,2,0.994
y_true_test,Nitrate-N,2,0.162743322
y_true_test,Nitrate-N,2,3.498
y_true_test,Nitrate-N,2,0.557
y_true_test,Nitrate-N,2,4.182333333
y_true_test,Nitrate-N,2,0.104333333
y_true_test,Nitrate-N,2,0.110666667
y_true_test,Nitrate-N,2,0.023333333
y_true_test,Nitrate-N,2,0.153138762
y_true_test,Nitrate-N,2,0.167666667
y_true_test,Nitrate-N,2,0.046666667
y_true_test,Nitrate-N,2,3.665666667
y_true_test,Nitrate-N,2,0.325615728
y_true_test,Nitrate-N,2,0.192666667
y_true_test,Nitrate-N,2,0.197
y_true_test,Nitrate-N,2,2.28
y_true_test,Nitrate-N,2,0.216533333
y_true_test,Nitrate-N,2,0.188333333
y_true_test,Nitrate-N,2,0.166666667
y_true_test,Nitrate-N,2,0.219
y_true_test,Nitrate-N,2,2.539583346
y_true_test,Nitrate-N,2,0.265
y_true_test,Nitrate-N,2,0.028666667
y_true_test,Nitrate-N,2,0.110666667
y_true_test,Nitrate-N,2,0.155666667
y_true_test,Nitrate-N,2,0.233666667
y_true_test,Nitrate-N,2,1.965431456
y_true_test,Nitrate-N,2,0.361666667
y_true_test,Nitrate-N,2,0.206816238
y_true_test,Nitrate-N,2,0.040627835
y_true_test,Nitrate-N,2,0.272591332
y_true_test,Nitrate-N,2,0.17
y_true_test,Nitrate-N,2,0.080333333
y_true_test,Nitrate-N,2,1.687
y_true_test,Nitrate-N,2,0.08225616
y_true_test,Nitrate-N,2,1.549666667
y_true_test,Nitrate-N,2,0.029
test_ind,Nitrate-N,2,27.0
test_ind,Nitrate-N,2,51.0
test_ind,Nitrate-N,2,95.0
test_ind,Nitrate-N,2,55.0
test_ind,Nitrate-N,2,252.0
test_ind,Nitrate-N,2,28.0
test_ind,Nitrate-N,2,75.0
test_ind,Nitrate-N,2,361.0
test_ind,Nitrate-N,2,232.0
test_ind,Nitrate-N,2,119.0
test_ind,Nitrate-N,2,312.0
test_ind,Nitrate-N,2,8.0
test_ind,Nitrate-N,2,14.0
test_ind,Nitrate-N,2,359.0
test_ind,Nitrate-N,2,167.0
test_ind,Nitrate-N,2,281.0
test_ind,Nitrate-N,2,94.0
test_ind,Nitrate-N,2,6.0
test_ind,Nitrate-N,2,64.0
test_ind,Nitrate-N,2,365.0
test_ind,Nitrate-N,2,347.0
test_ind,Nitrate-N,2,338.0
test_ind,Nitrate-N,2,370.0
test_ind,Nitrate-N,2,126.0
test_ind,Nitrate-N,2,12.0
test_ind,Nitrate-N,2,248.0
test_ind,Nitrate-N,2,353.0
test_ind,Nitrate-N,2,102.0
test_ind,Nitrate-N,2,351.0
test_ind,Nitrate-N,2,52.0
test_ind,Nitrate-N,2,343.0
test_ind,Nitrate-N,2,165.0
test_ind,Nitrate-N,2,287.0
test_ind,Nitrate-N,2,305.0
test_ind,Nitrate-N,2,386.0
test_ind,Nitrate-N,2,193.0
test_ind,Nitrate-N,2,279.0
test_ind,Nitrate-N,2,243.0
test_ind,Nitrate-N,2,268.0
test_ind,Nitrate-N,2,374.0
test_ind,Nitrate-N,2,333.0
test_ind,Nitrate-N,2,194.0
test_ind,Nitrate-N,2,29.0
test_ind,Nitrate-N,2,218.0
test_ind,Nitrate-N,2,99.0
test_ind,Nitrate-N,2,174.0
test_ind,Nitrate-N,2,237.0
test_ind,Nitrate-N,2,293.0
test_ind,Nitrate-N,2,311.0
test_ind,Nitrate-N,2,168.0
test_ind,Nitrate-N,2,378.0
test_ind,Nitrate-N,2,270.0
train_ind,Nitrate-N,2,339.0
train_ind,Nitrate-N,2,344.0
train_ind,Nitrate-N,2,385.0
train_ind,Nitrate-N,2,274.0
train_ind,Nitrate-N,2,326.0
train_ind,Nitrate-N,2,341.0
train_ind,Nitrate-N,2,23.0
train_ind,Nitrate-N,2,76.0
train_ind,Nitrate-N,2,61.0
train_ind,Nitrate-N,2,125.0
train_ind,Nitrate-N,2,346.0
train_ind,Nitrate-N,2,249.0
train_ind,Nitrate-N,2,300.0
train_ind,Nitrate-N,2,2.0
train_ind,Nitrate-N,2,59.0
train_ind,Nitrate-N,2,324.0
train_ind,Nitrate-N,2,192.0
train_ind,Nitrate-N,2,236.0
train_ind,Nitrate-N,2,42.0
train_ind,Nitrate-N,2,323.0
train_ind,Nitrate-N,2,319.0
train_ind,Nitrate-N,2,315.0
train_ind,Nitrate-N,2,65.0
train_ind,Nitrate-N,2,318.0
train_ind,Nitrate-N,2,38.0
train_ind,Nitrate-N,2,142.0
train_ind,Nitrate-N,2,362.0
train_ind,Nitrate-N,2,342.0
train_ind,Nitrate-N,2,298.0
train_ind,Nitrate-N,2,250.0
train_ind,Nitrate-N,2,332.0
train_ind,Nitrate-N,2,238.0
train_ind,Nitrate-N,2,48.0
train_ind,Nitrate-N,2,136.0
train_ind,Nitrate-N,2,36.0
train_ind,Nitrate-N,2,392.0
train_ind,Nitrate-N,2,188.0
train_ind,Nitrate-N,2,329.0
train_ind,Nitrate-N,2,295.0
train_ind,Nitrate-N,2,398.0
train_ind,Nitrate-N,2,220.0
train_ind,Nitrate-N,2,302.0
train_ind,Nitrate-N,2,217.0
train_ind,Nitrate-N,2,39.0
train_ind,Nitrate-N,2,306.0
train_ind,Nitrate-N,2,144.0
train_ind,Nitrate-N,2,213.0
train_ind,Nitrate-N,2,280.0
train_ind,Nitrate-N,2,171.0
train_ind,Nitrate-N,2,3.0
train_ind,Nitrate-N,2,215.0
train_ind,Nitrate-N,2,138.0
train_ind,Nitrate-N,2,41.0
train_ind,Nitrate-N,2,358.0
train_ind,Nitrate-N,2,219.0
train_ind,Nitrate-N,2,173.0
train_ind,Nitrate-N,2,258.0
train_ind,Nitrate-N,2,17.0
train_ind,Nitrate-N,2,143.0
train_ind,Nitrate-N,2,74.0
train_ind,Nitrate-N,2,80.0
train_ind,Nitrate-N,2,20.0
train_ind,Nitrate-N,2,191.0
train_ind,Nitrate-N,2,16.0
train_ind,Nitrate-N,2,284.0
train_ind,Nitrate-N,2,57.0
train_ind,Nitrate-N,2,69.0
train_ind,Nitrate-N,2,390.0
train_ind,Nitrate-N,2,247.0
train_ind,Nitrate-N,2,216.0
train_ind,Nitrate-N,2,145.0
train_ind,Nitrate-N,2,233.0
train_ind,Nitrate-N,2,345.0
train_ind,Nitrate-N,2,278.0
train_ind,Nitrate-N,2,266.0
train_ind,Nitrate-N,2,139.0
train_ind,Nitrate-N,2,187.0
train_ind,Nitrate-N,2,292.0
train_ind,Nitrate-N,2,395.0
train_ind,Nitrate-N,2,79.0
train_ind,Nitrate-N,2,121.0
train_ind,Nitrate-N,2,373.0
train_ind,Nitrate-N,2,320.0
train_ind,Nitrate-N,2,122.0
train_ind,Nitrate-N,2,124.0
train_ind,Nitrate-N,2,212.0
train_ind,Nitrate-N,2,372.0
train_ind,Nitrate-N,2,299.0
train_ind,Nitrate-N,2,382.0
train_ind,Nitrate-N,2,103.0
train_ind,Nitrate-N,2,231.0
train_ind,Nitrate-N,2,172.0
train_ind,Nitrate-N,2,170.0
train_ind,Nitrate-N,2,366.0
train_ind,Nitrate-N,2,141.0
train_ind,Nitrate-N,2,72.0
train_ind,Nitrate-N,2,78.0
train_ind,Nitrate-N,2,262.0
train_ind,Nitrate-N,2,123.0
train_ind,Nitrate-N,2,269.0
train_ind,Nitrate-N,2,9.0
train_ind,Nitrate-N,2,260.0
train_ind,Nitrate-N,2,77.0
train_ind,Nitrate-N,2,291.0
train_ind,Nitrate-N,2,304.0
train_ind,Nitrate-N,2,349.0
train_ind,Nitrate-N,2,67.0
train_ind,Nitrate-N,2,164.0
train_ind,Nitrate-N,2,104.0
train_ind,Nitrate-N,2,389.0
train_ind,Nitrate-N,2,244.0
train_ind,Nitrate-N,2,381.0
train_ind,Nitrate-N,2,15.0
train_ind,Nitrate-N,2,265.0
train_ind,Nitrate-N,2,190.0
train_ind,Nitrate-N,2,98.0
train_ind,Nitrate-N,2,49.0
train_ind,Nitrate-N,2,175.0
train_ind,Nitrate-N,2,34.0
train_ind,Nitrate-N,2,391.0
test_rsq,Nitrate-N,2,0.9175880032340081
train_rsq,Nitrate-N,2,0.9957698619070459
test_rmse,Nitrate-N,2,0.2953557712566386
train_rmse,Nitrate-N,2,0.057927301187733204
test_mape,Nitrate-N,2,116.01057099303453
train_mape,Nitrate-N,2,79.92591382571923
n_comp,Nitrate-N,2,16.0
y_hat_test,Nitrate-N,3,0.4792491556648859
y_hat_test,Nitrate-N,3,0.08447214499574784
y_hat_test,Nitrate-N,3,3.3304381161833163
y_hat_test,Nitrate-N,3,0.071906343319244
y_hat_test,Nitrate-N,3,1.950871251695721
y_hat_test,Nitrate-N,3,0.43922780297639785
y_hat_test,Nitrate-N,3,0.32516795131546716
y_hat_test,Nitrate-N,3,0.15588109325424282
y_hat_test,Nitrate-N,3,0.43398526864577347
y_hat_test,Nitrate-N,3,-0.12095351400166088
y_hat_test,Nitrate-N,3,0.09823306595317105
y_hat_test,Nitrate-N,3,0.3031845133259755
y_hat_test,Nitrate-N,3,2.662467518634704
y_hat_test,Nitrate-N,3,0.06991530117373884
y_hat_test,Nitrate-N,3,0.15518387344389933
y_hat_test,Nitrate-N,3,0.3314494418817425
y_hat_test,Nitrate-N,3,0.19285328500092414
y_hat_test,Nitrate-N,3,0.5267485960130129
y_hat_test,Nitrate-N,3,0.5306132484017502
y_hat_test,Nitrate-N,3,1.156521654093278
y_hat_test,Nitrate-N,3,0.36187496112738254
y_hat_test,Nitrate-N,3,0.18444499460640262
y_hat_test,Nitrate-N,3,0.4742368445920643
y_hat_test,Nitrate-N,3,0.3722228911429747
y_hat_test,Nitrate-N,3,0.19421254254451298
y_hat_test,Nitrate-N,3,0.48896010230880227
y_hat_test,Nitrate-N,3,0.03632459754465922
y_hat_test,Nitrate-N,3,0.44424762654214595
y_hat_test,Nitrate-N,3,3.1655995348929573
y_hat_test,Nitrate-N,3,2.48579172389229
y_hat_test,Nitrate-N,3,0.4370571770008971
y_hat_test,Nitrate-N,3,0.34504845247514504
y_hat_test,Nitrate-N,3,-0.054750204559523286
y_hat_test,Nitrate-N,3,0.10853232974230698
y_hat_test,Nitrate-N,3,0.06648962616030951
y_hat_test,Nitrate-N,3,0.17656345220541297
y_hat_test,Nitrate-N,3,2.9222573901113007
y_hat_test,Nitrate-N,3,0.10063647349933225
y_hat_test,Nitrate-N,3,-0.07375454710527296
y_hat_test,Nitrate-N,3,-0.09336237553406346
y_hat_test,Nitrate-N,3,0.23483171867315739
y_hat_test,Nitrate-N,3,1.1032867368640602
y_hat_test,Nitrate-N,3,0.4108536907180679
y_hat_test,Nitrate-N,3,0.2876460495985286
y_hat_test,Nitrate-N,3,0.597088123422723
y_hat_test,Nitrate-N,3,0.11927209289235652
y_hat_test,Nitrate-N,3,-0.5258632227535162
y_hat_test,Nitrate-N,3,-0.20516102489698784
y_hat_test,Nitrate-N,3,0.0614488451977524
y_hat_test,Nitrate-N,3,0.2488065863556772
y_hat_test,Nitrate-N,3,-0.04576190957876258
y_hat_test,Nitrate-N,3,0.22086270843723915
y_hat_train,Nitrate-N,3,-0.016797309345941258
y_hat_train,Nitrate-N,3,0.04217898431968736
y_hat_train,Nitrate-N,3,0.32984199766773514
y_hat_train,Nitrate-N,3,0.29127098203760726
y_hat_train,Nitrate-N,3,0.5634782502316054
y_hat_train,Nitrate-N,3,0.1580329401043027
y_hat_train,Nitrate-N,3,0.2963900530204001
y_hat_train,Nitrate-N,3,0.192745068137902
y_hat_train,Nitrate-N,3,-0.06645403085788648
y_hat_train,Nitrate-N,3,0.18387210427227324
y_hat_train,Nitrate-N,3,0.1360715530780205
y_hat_train,Nitrate-N,3,0.22989825363318372
y_hat_train,Nitrate-N,3,0.1244245216811175
y_hat_train,Nitrate-N,3,0.24906546459200835
y_hat_train,Nitrate-N,3,0.12672713339110853
y_hat_train,Nitrate-N,3,-0.05095434107162733
y_hat_train,Nitrate-N,3,0.28821127557737
y_hat_train,Nitrate-N,3,0.32624249782750325
y_hat_train,Nitrate-N,3,0.03256997886165891
y_hat_train,Nitrate-N,3,0.39596988006091455
y_hat_train,Nitrate-N,3,0.051709812943490086
y_hat_train,Nitrate-N,3,3.0411465059154765
y_hat_train,Nitrate-N,3,0.18036792329353557
y_hat_train,Nitrate-N,3,2.35440322523716
y_hat_train,Nitrate-N,3,2.4269214098810705
y_hat_train,Nitrate-N,3,2.293123283926319
y_hat_train,Nitrate-N,3,0.18090572156518275
y_hat_train,Nitrate-N,3,3.352505515344224
y_hat_train,Nitrate-N,3,1.524032132244002
y_hat_train,Nitrate-N,3,-0.0993616691036423
y_hat_train,Nitrate-N,3,0.3345766561509601
y_hat_train,Nitrate-N,3,0.4688597261341808
y_hat_train,Nitrate-N,3,0.17650985548374376
y_hat_train,Nitrate-N,3,0.13592502985603672
y_hat_train,Nitrate-N,3,1.488619892790866
y_hat_train,Nitrate-N,3,0.16253483149390952
y_hat_train,Nitrate-N,3,0.48010625657462885
y_hat_train,Nitrate-N,3,0.08831047266916436
y_hat_train,Nitrate-N,3,0.36207038876942127
y_hat_train,Nitrate-N,3,0.10160097232985799
y_hat_train,Nitrate-N,3,0.24415679165500526
y_hat_train,Nitrate-N,3,0.007951988668667198
y_hat_train,Nitrate-N,3,0.4549146270770054
y_hat_train,Nitrate-N,3,-0.07368935241261831
y_hat_train,Nitrate-N,3,0.17182355272539557
y_hat_train,Nitrate-N,3,0.10868900855815122
y_hat_train,Nitrate-N,3,0.2728373866294452
y_hat_train,Nitrate-N,3,0.004119602181694382
y_hat_train,Nitrate-N,3,0.13181942384497147
y_hat_train,Nitrate-N,3,0.0240456828415343
y_hat_train,Nitrate-N,3,0.21103217158802723
y_hat_train,Nitrate-N,3,0.09699045506237491
y_hat_train,Nitrate-N,3,0.6301376387299313
y_hat_train,Nitrate-N,3,0.17566079526228695
y_hat_train,Nitrate-N,3,0.2707897880085696
y_hat_train,Nitrate-N,3,0.11776669410323048
y_hat_train,Nitrate-N,3,0.18336068715224463
y_hat_train,Nitrate-N,3,0.22390913697882175
y_hat_train,Nitrate-N,3,0.043340504080157105
y_hat_train,Nitrate-N,3,0.16676883854032193
y_hat_train,Nitrate-N,3,3.52301403175136
y_hat_train,Nitrate-N,3,0.7098890902485298
y_hat_train,Nitrate-N,3,3.026124796547161
y_hat_train,Nitrate-N,3,0.005607887162929703
y_hat_train,Nitrate-N,3,0.1418707200592722
y_hat_train,Nitrate-N,3,0.2193738655408154
y_hat_train,Nitrate-N,3,-0.009176449946565857
y_hat_train,Nitrate-N,3,0.7218231235260253
y_hat_train,Nitrate-N,3,0.13738909150983675
y_hat_train,Nitrate-N,3,-0.053995819714327986
y_hat_train,Nitrate-N,3,0.2813617396917357
y_hat_train,Nitrate-N,3,3.253454318168099
y_hat_train,Nitrate-N,3,0.42312606902289684
y_hat_train,Nitrate-N,3,0.04345058811068847
y_hat_train,Nitrate-N,3,0.19606747581503986
y_hat_train,Nitrate-N,3,0.429057620899589
y_hat_train,Nitrate-N,3,0.8319191059363265
y_hat_train,Nitrate-N,3,2.2666996635802596
y_hat_train,Nitrate-N,3,0.36550602567712487
y_hat_train,Nitrate-N,3,0.1907152093202666
y_hat_train,Nitrate-N,3,0.30299438104541
y_hat_train,Nitrate-N,3,0.25361546367118587
y_hat_train,Nitrate-N,3,0.3302620453016991
y_hat_train,Nitrate-N,3,0.198034330027968
y_hat_train,Nitrate-N,3,1.795885535293574
y_hat_train,Nitrate-N,3,0.07243489704120554
y_hat_train,Nitrate-N,3,-0.06420379892033035
y_hat_train,Nitrate-N,3,0.07441859377579868
y_hat_train,Nitrate-N,3,0.2309022148408441
y_hat_train,Nitrate-N,3,1.9387578176001048
y_hat_train,Nitrate-N,3,0.07854497340879141
y_hat_train,Nitrate-N,3,0.02483563225258123
y_hat_train,Nitrate-N,3,0.19232383353503374
y_hat_train,Nitrate-N,3,0.44308024245396316
y_hat_train,Nitrate-N,3,0.3307996176032606
y_hat_train,Nitrate-N,3,-0.06533875749153983
y_hat_train,Nitrate-N,3,0.0419729420205911
y_hat_train,Nitrate-N,3,2.294716971352819
y_hat_train,Nitrate-N,3,0.3849579538475528
y_hat_train,Nitrate-N,3,0.20545169491100806
y_hat_train,Nitrate-N,3,0.12026876690987226
y_hat_train,Nitrate-N,3,0.663436146028363
y_hat_train,Nitrate-N,3,3.4539903704821455
y_hat_train,Nitrate-N,3,0.1165983170891769
y_hat_train,Nitrate-N,3,3.4988505194142308
y_hat_train,Nitrate-N,3,-0.016952006875326275
y_hat_train,Nitrate-N,3,0.2173598030704318
y_hat_train,Nitrate-N,3,0.06096841583084822
y_hat_train,Nitrate-N,3,0.16837879243703646
y_hat_train,Nitrate-N,3,0.06417122791882479
y_hat_train,Nitrate-N,3,5.022764674882119
y_hat_train,Nitrate-N,3,0.33925139406546234
y_hat_train,Nitrate-N,3,0.2494629498707518
y_hat_train,Nitrate-N,3,0.4994635444274656
y_hat_train,Nitrate-N,3,0.14139438747221972
y_hat_train,Nitrate-N,3,0.37903553942567303
y_hat_train,Nitrate-N,3,0.2655839689400537
y_hat_train,Nitrate-N,3,0.2436244599486852
y_hat_train,Nitrate-N,3,0.10399220698370437
y_hat_train,Nitrate-N,3,0.06601478220597257
y_true_train,Nitrate-N,3,0.011
y_true_train,Nitrate-N,3,0.128214103
y_true_train,Nitrate-N,3,0.351510981
y_true_train,Nitrate-N,3,0.237415705
y_true_train,Nitrate-N,3,0.558333333
y_true_train,Nitrate-N,3,0.13339733
y_true_train,Nitrate-N,3,0.248333333
y_true_train,Nitrate-N,3,0.137333333
y_true_train,Nitrate-N,3,0.002333333
y_true_train,Nitrate-N,3,0.110666667
y_true_train,Nitrate-N,3,0.273394835
y_true_train,Nitrate-N,3,0.203
y_true_train,Nitrate-N,3,0.160333333
y_true_train,Nitrate-N,3,0.198179175
y_true_train,Nitrate-N,3,0.122666667
y_true_train,Nitrate-N,3,0.08
y_true_train,Nitrate-N,3,0.337
y_true_train,Nitrate-N,3,0.325615728
y_true_train,Nitrate-N,3,0.012333333
y_true_train,Nitrate-N,3,0.294984357
y_true_train,Nitrate-N,3,0.077
y_true_train,Nitrate-N,3,2.861333333
y_true_train,Nitrate-N,3,0.188333333
y_true_train,Nitrate-N,3,2.300666667
y_true_train,Nitrate-N,3,2.524276858
y_true_train,Nitrate-N,3,2.438333333
y_true_train,Nitrate-N,3,0.113333333
y_true_train,Nitrate-N,3,3.455
y_true_train,Nitrate-N,3,1.501333333
y_true_train,Nitrate-N,3,0.011333333
y_true_train,Nitrate-N,3,0.265
y_true_train,Nitrate-N,3,0.468666667
y_true_train,Nitrate-N,3,0.215666667
y_true_train,Nitrate-N,3,0.215
y_true_train,Nitrate-N,3,1.549666667
y_true_train,Nitrate-N,3,0.196
y_true_train,Nitrate-N,3,0.557
y_true_train,Nitrate-N,3,0.052136398
y_true_train,Nitrate-N,3,0.439971979
y_true_train,Nitrate-N,3,0.054
y_true_train,Nitrate-N,3,0.192666667
y_true_train,Nitrate-N,3,0.029
y_true_train,Nitrate-N,3,0.322666667
y_true_train,Nitrate-N,3,0.011
y_true_train,Nitrate-N,3,0.172333333
y_true_train,Nitrate-N,3,0.040627835
y_true_train,Nitrate-N,3,0.227333333
y_true_train,Nitrate-N,3,0.012333333
y_true_train,Nitrate-N,3,0.103
y_true_train,Nitrate-N,3,0.101
y_true_train,Nitrate-N,3,0.284944721
y_true_train,Nitrate-N,3,0.038
y_true_train,Nitrate-N,3,0.636679275
y_true_train,Nitrate-N,3,0.146508959
y_true_train,Nitrate-N,3,0.217333333
y_true_train,Nitrate-N,3,0.17
y_true_train,Nitrate-N,3,0.150333333
y_true_train,Nitrate-N,3,0.178
y_true_train,Nitrate-N,3,0.023
y_true_train,Nitrate-N,3,0.131905178
y_true_train,Nitrate-N,3,3.455
y_true_train,Nitrate-N,3,0.632
y_true_train,Nitrate-N,3,2.810666667
y_true_train,Nitrate-N,3,0.080333333
y_true_train,Nitrate-N,3,0.140333333
y_true_train,Nitrate-N,3,0.205742231
y_true_train,Nitrate-N,3,0.061333333
y_true_train,Nitrate-N,3,0.630666667
y_true_train,Nitrate-N,3,0.157333333
y_true_train,Nitrate-N,3,0.090666667
y_true_train,Nitrate-N,3,0.219
y_true_train,Nitrate-N,3,3.177604111
y_true_train,Nitrate-N,3,0.41
y_true_train,Nitrate-N,3,0.013
y_true_train,Nitrate-N,3,0.206816238
y_true_train,Nitrate-N,3,0.326333333
y_true_train,Nitrate-N,3,0.994
y_true_train,Nitrate-N,3,2.28
y_true_train,Nitrate-N,3,0.387333333
y_true_train,Nitrate-N,3,0.132333333
y_true_train,Nitrate-N,3,0.323333333
y_true_train,Nitrate-N,3,0.153138762
y_true_train,Nitrate-N,3,0.283666667
y_true_train,Nitrate-N,3,0.264333333
y_true_train,Nitrate-N,3,1.687
y_true_train,Nitrate-N,3,0.077
y_true_train,Nitrate-N,3,0.028666667
y_true_train,Nitrate-N,3,0.141333333
y_true_train,Nitrate-N,3,0.148140528
y_true_train,Nitrate-N,3,1.965431456
y_true_train,Nitrate-N,3,0.04
y_true_train,Nitrate-N,3,0.037253617
y_true_train,Nitrate-N,3,0.129333333
y_true_train,Nitrate-N,3,0.361757248
y_true_train,Nitrate-N,3,0.235
y_true_train,Nitrate-N,3,0.046666667
y_true_train,Nitrate-N,3,0.075333333
y_true_train,Nitrate-N,3,2.243
y_true_train,Nitrate-N,3,0.336795488
y_true_train,Nitrate-N,3,0.273
y_true_train,Nitrate-N,3,0.152333333
y_true_train,Nitrate-N,3,0.647288174
y_true_train,Nitrate-N,3,3.498
y_true_train,Nitrate-N,3,0.08225616
y_true_train,Nitrate-N,3,3.665666667
y_true_train,Nitrate-N,3,0.006474193
y_true_train,Nitrate-N,3,0.182
y_true_train,Nitrate-N,3,0.054
y_true_train,Nitrate-N,3,0.116666667
y_true_train,Nitrate-N,3,0.044666667
y_true_train,Nitrate-N,3,5.165333333
y_true_train,Nitrate-N,3,0.192666667
y_true_train,Nitrate-N,3,0.233666667
y_true_train,Nitrate-N,3,0.564666667
y_true_train,Nitrate-N,3,0.104333333
y_true_train,Nitrate-N,3,0.471333333
y_true_train,Nitrate-N,3,0.287666667
y_true_train,Nitrate-N,3,0.249333333
y_true_train,Nitrate-N,3,0.141
y_true_train,Nitrate-N,3,0.110666667
y_true_test,Nitrate-N,3,0.216533333
y_true_test,Nitrate-N,3,0.17
y_true_test,Nitrate-N,3,4.182333333
y_true_test,Nitrate-N,3,0.171333333
y_true_test,Nitrate-N,3,1.42
y_true_test,Nitrate-N,3,0.272591332
y_true_test,Nitrate-N,3,0.318333333
y_true_test,Nitrate-N,3,0.108333333
y_true_test,Nitrate-N,3,0.401233963
y_true_test,Nitrate-N,3,0.012333333
y_true_test,Nitrate-N,3,0.084
y_true_test,Nitrate-N,3,0.023333333
y_true_test,Nitrate-N,3,2.611691805
y_true_test,Nitrate-N,3,0.16
y_true_test,Nitrate-N,3,0.148140528
y_true_test,Nitrate-N,3,0.142333333
y_true_test,Nitrate-N,3,0.113333333
y_true_test,Nitrate-N,3,0.046914199
y_true_test,Nitrate-N,3,0.242114912
y_true_test,Nitrate-N,3,1.146333333
y_true_test,Nitrate-N,3,0.272591332
y_true_test,Nitrate-N,3,0.088
y_true_test,Nitrate-N,3,0.162743322
y_true_test,Nitrate-N,3,0.128
y_true_test,Nitrate-N,3,0.206
y_true_test,Nitrate-N,3,0.290190215
y_true_test,Nitrate-N,3,0.166666667
y_true_test,Nitrate-N,3,0.605
y_true_test,Nitrate-N,3,2.539583346
y_true_test,Nitrate-N,3,2.544333333
y_true_test,Nitrate-N,3,0.275
y_true_test,Nitrate-N,3,0.138666667
y_true_test,Nitrate-N,3,0.029
y_true_test,Nitrate-N,3,0.153138762
y_true_test,Nitrate-N,3,0.014086754
y_true_test,Nitrate-N,3,0.108333333
y_true_test,Nitrate-N,3,3.105
y_true_test,Nitrate-N,3,0.05942377
y_true_test,Nitrate-N,3,0.167666667
y_true_test,Nitrate-N,3,0.091
y_true_test,Nitrate-N,3,0.011
y_true_test,Nitrate-N,3,0.789
y_true_test,Nitrate-N,3,0.368333333
y_true_test,Nitrate-N,3,0.244666667
y_true_test,Nitrate-N,3,0.361666667
y_true_test,Nitrate-N,3,0.197
y_true_test,Nitrate-N,3,0.128214103
y_true_test,Nitrate-N,3,0.131
y_true_test,Nitrate-N,3,0.002666667
y_true_test,Nitrate-N,3,0.155666667
y_true_test,Nitrate-N,3,0.014333333
y_true_test,Nitrate-N,3,0.044666667
test_ind,Nitrate-N,3,165.0
test_ind,Nitrate-N,3,237.0
test_ind,Nitrate-N,3,365.0
test_ind,Nitrate-N,3,34.0
test_ind,Nitrate-N,3,55.0
test_ind,Nitrate-N,3,175.0
test_ind,Nitrate-N,3,341.0
test_ind,Nitrate-N,3,215.0
test_ind,Nitrate-N,3,123.0
test_ind,Nitrate-N,3,74.0
test_ind,Nitrate-N,3,14.0
test_ind,Nitrate-N,3,370.0
test_ind,Nitrate-N,3,187.0
test_ind,Nitrate-N,3,8.0
test_ind,Nitrate-N,3,78.0
test_ind,Nitrate-N,3,274.0
test_ind,Nitrate-N,3,170.0
test_ind,Nitrate-N,3,95.0
test_ind,Nitrate-N,3,231.0
test_ind,Nitrate-N,3,320.0
test_ind,Nitrate-N,3,174.0
test_ind,Nitrate-N,3,345.0
test_ind,Nitrate-N,3,94.0
test_ind,Nitrate-N,3,300.0
test_ind,Nitrate-N,3,366.0
test_ind,Nitrate-N,3,103.0
test_ind,Nitrate-N,3,305.0
test_ind,Nitrate-N,3,9.0
test_ind,Nitrate-N,3,193.0
test_ind,Nitrate-N,3,249.0
test_ind,Nitrate-N,3,332.0
test_ind,Nitrate-N,3,346.0
test_ind,Nitrate-N,3,270.0
test_ind,Nitrate-N,3,125.0
test_ind,Nitrate-N,3,80.0
test_ind,Nitrate-N,3,216.0
test_ind,Nitrate-N,3,67.0
test_ind,Nitrate-N,3,104.0
test_ind,Nitrate-N,3,12.0
test_ind,Nitrate-N,3,372.0
test_ind,Nitrate-N,3,306.0
test_ind,Nitrate-N,3,298.0
test_ind,Nitrate-N,3,280.0
test_ind,Nitrate-N,3,27.0
test_ind,Nitrate-N,3,29.0
test_ind,Nitrate-N,3,52.0
test_ind,Nitrate-N,3,219.0
test_ind,Nitrate-N,3,382.0
test_ind,Nitrate-N,3,16.0
test_ind,Nitrate-N,3,374.0
test_ind,Nitrate-N,3,59.0
test_ind,Nitrate-N,3,385.0
train_ind,Nitrate-N,3,141.0
train_ind,Nitrate-N,3,220.0
train_ind,Nitrate-N,3,139.0
train_ind,Nitrate-N,3,217.0
train_ind,Nitrate-N,3,344.0
train_ind,Nitrate-N,3,98.0
train_ind,Nitrate-N,3,299.0
train_ind,Nitrate-N,3,49.0
train_ind,Nitrate-N,3,38.0
train_ind,Nitrate-N,3,338.0
train_ind,Nitrate-N,3,173.0
train_ind,Nitrate-N,3,51.0
train_ind,Nitrate-N,3,258.0
train_ind,Nitrate-N,3,164.0
train_ind,Nitrate-N,3,312.0
train_ind,Nitrate-N,3,329.0
train_ind,Nitrate-N,3,260.0
train_ind,Nitrate-N,3,102.0
train_ind,Nitrate-N,3,75.0
train_ind,Nitrate-N,3,167.0
train_ind,Nitrate-N,3,122.0
train_ind,Nitrate-N,3,232.0
train_ind,Nitrate-N,3,287.0
train_ind,Nitrate-N,3,41.0
train_ind,Nitrate-N,3,192.0
train_ind,Nitrate-N,3,389.0
train_ind,Nitrate-N,3,171.0
train_ind,Nitrate-N,3,191.0
train_ind,Nitrate-N,3,20.0
train_ind,Nitrate-N,3,23.0
train_ind,Nitrate-N,3,279.0
train_ind,Nitrate-N,3,361.0
train_ind,Nitrate-N,3,262.0
train_ind,Nitrate-N,3,17.0
train_ind,Nitrate-N,3,378.0
train_ind,Nitrate-N,3,318.0
train_ind,Nitrate-N,3,64.0
train_ind,Nitrate-N,3,79.0
train_ind,Nitrate-N,3,138.0
train_ind,Nitrate-N,3,390.0
train_ind,Nitrate-N,3,304.0
train_ind,Nitrate-N,3,323.0
train_ind,Nitrate-N,3,373.0
train_ind,Nitrate-N,3,142.0
train_ind,Nitrate-N,3,266.0
train_ind,Nitrate-N,3,99.0
train_ind,Nitrate-N,3,358.0
train_ind,Nitrate-N,3,76.0
train_ind,Nitrate-N,3,326.0
train_ind,Nitrate-N,3,362.0
train_ind,Nitrate-N,3,124.0
train_ind,Nitrate-N,3,395.0
train_ind,Nitrate-N,3,144.0
train_ind,Nitrate-N,3,119.0
train_ind,Nitrate-N,3,65.0
train_ind,Nitrate-N,3,339.0
train_ind,Nitrate-N,3,28.0
train_ind,Nitrate-N,3,244.0
train_ind,Nitrate-N,3,247.0
train_ind,Nitrate-N,3,136.0
train_ind,Nitrate-N,3,190.0
train_ind,Nitrate-N,3,392.0
train_ind,Nitrate-N,3,284.0
train_ind,Nitrate-N,3,293.0
train_ind,Nitrate-N,3,69.0
train_ind,Nitrate-N,3,212.0
train_ind,Nitrate-N,3,36.0
train_ind,Nitrate-N,3,236.0
train_ind,Nitrate-N,3,250.0
train_ind,Nitrate-N,3,252.0
train_ind,Nitrate-N,3,386.0
train_ind,Nitrate-N,3,188.0
train_ind,Nitrate-N,3,324.0
train_ind,Nitrate-N,3,292.0
train_ind,Nitrate-N,3,218.0
train_ind,Nitrate-N,3,3.0
train_ind,Nitrate-N,3,281.0
train_ind,Nitrate-N,3,343.0
train_ind,Nitrate-N,3,291.0
train_ind,Nitrate-N,3,39.0
train_ind,Nitrate-N,3,391.0
train_ind,Nitrate-N,3,126.0
train_ind,Nitrate-N,3,381.0
train_ind,Nitrate-N,3,61.0
train_ind,Nitrate-N,3,311.0
train_ind,Nitrate-N,3,121.0
train_ind,Nitrate-N,3,243.0
train_ind,Nitrate-N,3,42.0
train_ind,Nitrate-N,3,77.0
train_ind,Nitrate-N,3,194.0
train_ind,Nitrate-N,3,302.0
train_ind,Nitrate-N,3,72.0
train_ind,Nitrate-N,3,15.0
train_ind,Nitrate-N,3,145.0
train_ind,Nitrate-N,3,398.0
train_ind,Nitrate-N,3,248.0
train_ind,Nitrate-N,3,278.0
train_ind,Nitrate-N,3,265.0
train_ind,Nitrate-N,3,172.0
train_ind,Nitrate-N,3,233.0
train_ind,Nitrate-N,3,315.0
train_ind,Nitrate-N,3,143.0
train_ind,Nitrate-N,3,6.0
train_ind,Nitrate-N,3,168.0
train_ind,Nitrate-N,3,353.0
train_ind,Nitrate-N,3,213.0
train_ind,Nitrate-N,3,57.0
train_ind,Nitrate-N,3,342.0
train_ind,Nitrate-N,3,238.0
train_ind,Nitrate-N,3,349.0
train_ind,Nitrate-N,3,295.0
train_ind,Nitrate-N,3,351.0
train_ind,Nitrate-N,3,333.0
train_ind,Nitrate-N,3,269.0
train_ind,Nitrate-N,3,347.0
train_ind,Nitrate-N,3,48.0
train_ind,Nitrate-N,3,2.0
train_ind,Nitrate-N,3,319.0
train_ind,Nitrate-N,3,359.0
train_ind,Nitrate-N,3,268.0
test_rsq,Nitrate-N,3,0.9188371515114391
train_rsq,Nitrate-N,3,0.9944853487986582
test_rmse,Nitrate-N,3,0.25013811231990846
train_rmse,Nitrate-N,3,0.07134641673537093
test_mape,Nitrate-N,3,236.05021844794004
train_mape,Nitrate-N,3,80.91330282445698
n_comp,Nitrate-N,3,16.0
y_hat_test,Nitrate-N,4,0.08656809747044991
y_hat_test,Nitrate-N,4,-0.22140815836868394
y_hat_test,Nitrate-N,4,0.32137197574872683
y_hat_test,Nitrate-N,4,0.12252904163857775
y_hat_test,Nitrate-N,4,0.5187408858391401
y_hat_test,Nitrate-N,4,3.371630431910509
y_hat_test,Nitrate-N,4,0.26552250294329943
y_hat_test,Nitrate-N,4,-0.051869889112377165
y_hat_test,Nitrate-N,4,0.12394847564117539
y_hat_test,Nitrate-N,4,0.08167760561461523
y_hat_test,Nitrate-N,4,0.3662041270192803
y_hat_test,Nitrate-N,4,1.926300757698546
y_hat_test,Nitrate-N,4,-0.17584690586088408
y_hat_test,Nitrate-N,4,0.2811349592244704
y_hat_test,Nitrate-N,4,0.16891776759661975
y_hat_test,Nitrate-N,4,0.32038684728196876
y_hat_test,Nitrate-N,4,-0.13856482676935195
y_hat_test,Nitrate-N,4,3.556557091645241
y_hat_test,Nitrate-N,4,0.11475038652258879
y_hat_test,Nitrate-N,4,-0.2534478766246378
y_hat_test,Nitrate-N,4,0.23887904963272832
y_hat_test,Nitrate-N,4,0.1496759727926884
y_hat_test,Nitrate-N,4,0.048214489452817866
y_hat_test,Nitrate-N,4,-0.37917192699682983
y_hat_test,Nitrate-N,4,0.1775326861834493
y_hat_test,Nitrate-N,4,0.07661202047122151
y_hat_test,Nitrate-N,4,0.025749448121895113
y_hat_test,Nitrate-N,4,0.18008800632655014
y_hat_test,Nitrate-N,4,-0.1192507002215128
y_hat_test,Nitrate-N,4,0.4389153289403256
y_hat_test,Nitrate-N,4,-0.23564954410038624
y_hat_test,Nitrate-N,4,-0.1047333990577593
y_hat_test,Nitrate-N,4,0.4683133419675632
y_hat_test,Nitrate-N,4,0.2394620244508208
y_hat_test,Nitrate-N,4,2.655577587561911
y_hat_test,Nitrate-N,4,3.146895715247721
y_hat_test,Nitrate-N,4,-0.09939720893354015
y_hat_test,Nitrate-N,4,0.569475042083158
y_hat_test,Nitrate-N,4,-0.008535184506552274
y_hat_test,Nitrate-N,4,1.1669803114163377
y_hat_test,Nitrate-N,4,0.1793627621294343
y_hat_test,Nitrate-N,4,0.24279206840214718
y_hat_test,Nitrate-N,4,-0.17534657980963136
y_hat_test,Nitrate-N,4,2.4664020270197975
y_hat_test,Nitrate-N,4,2.368047285170706
y_hat_test,Nitrate-N,4,2.35549457058583
y_hat_test,Nitrate-N,4,4.037347139388955
y_hat_test,Nitrate-N,4,0.050348566888838875
y_hat_test,Nitrate-N,4,0.06966526059409228
y_hat_test,Nitrate-N,4,0.4334226509421939
y_hat_test,Nitrate-N,4,-0.100102479398193
y_hat_test,Nitrate-N,4,0.3300940567692602
y_hat_train,Nitrate-N,4,0.09088739589523992
y_hat_train,Nitrate-N,4,0.27901747353446876
y_hat_train,Nitrate-N,4,0.09778220365076007
y_hat_train,Nitrate-N,4,0.3015030256976187
y_hat_train,Nitrate-N,4,0.2163415232102019
y_hat_train,Nitrate-N,4,0.7085228987349063
y_hat_train,Nitrate-N,4,0.14248681254964474
y_hat_train,Nitrate-N,4,2.0850140012643785
y_hat_train,Nitrate-N,4,0.32477863424305303
y_hat_train,Nitrate-N,4,0.3128966925558152
y_hat_train,Nitrate-N,4,-0.09725612743853812
y_hat_train,Nitrate-N,4,0.08673076517615635
y_hat_train,Nitrate-N,4,0.2914934711252338
y_hat_train,Nitrate-N,4,0.09272447927790989
y_hat_train,Nitrate-N,4,0.22773172637588002
y_hat_train,Nitrate-N,4,0.1365494638950826
y_hat_train,Nitrate-N,4,0.4083931346824965
y_hat_train,Nitrate-N,4,0.5840576439365361
y_hat_train,Nitrate-N,4,0.051339492185640934
y_hat_train,Nitrate-N,4,0.27878245784047595
y_hat_train,Nitrate-N,4,0.32655287092598784
y_hat_train,Nitrate-N,4,0.18573219329918533
y_hat_train,Nitrate-N,4,0.3804958538965453
y_hat_train,Nitrate-N,4,0.17658779380237882
y_hat_train,Nitrate-N,4,2.5439655616164147
y_hat_train,Nitrate-N,4,3.4732869037288183
y_hat_train,Nitrate-N,4,0.144348925586751
y_hat_train,Nitrate-N,4,0.18648548454754937
y_hat_train,Nitrate-N,4,0.33522608313074487
y_hat_train,Nitrate-N,4,-0.07539618544223164
y_hat_train,Nitrate-N,4,1.4284603308326786
y_hat_train,Nitrate-N,4,0.5392628115322563
y_hat_train,Nitrate-N,4,0.0716380215659222
y_hat_train,Nitrate-N,4,0.33097743849238853
y_hat_train,Nitrate-N,4,0.1811430279771259
y_hat_train,Nitrate-N,4,0.5930232524093741
y_hat_train,Nitrate-N,4,-0.07351398969288275
y_hat_train,Nitrate-N,4,0.03856232935907039
y_hat_train,Nitrate-N,4,-0.1728460984771169
y_hat_train,Nitrate-N,4,0.18855098439788243
y_hat_train,Nitrate-N,4,0.17288923094584852
y_hat_train,Nitrate-N,4,0.1532689411237133
y_hat_train,Nitrate-N,4,0.16087120217403833
y_hat_train,Nitrate-N,4,0.09643007981959056
y_hat_train,Nitrate-N,4,0.02683334402161036
y_hat_train,Nitrate-N,4,0.30277162224196696
y_hat_train,Nitrate-N,4,0.39207907981999546
y_hat_train,Nitrate-N,4,0.08594059387652014
y_hat_train,Nitrate-N,4,0.3593817290303258
y_hat_train,Nitrate-N,4,0.2885950507599362
y_hat_train,Nitrate-N,4,-0.005077815327500901
y_hat_train,Nitrate-N,4,0.1977663792169937
y_hat_train,Nitrate-N,4,2.9832441006269157
y_hat_train,Nitrate-N,4,0.29282464706589034
y_hat_train,Nitrate-N,4,-0.06446392251087879
y_hat_train,Nitrate-N,4,3.058373989670942
y_hat_train,Nitrate-N,4,-0.006267287770292396
y_hat_train,Nitrate-N,4,0.8771369243203375
y_hat_train,Nitrate-N,4,1.2672586887135064
y_hat_train,Nitrate-N,4,0.34775101715729007
y_hat_train,Nitrate-N,4,0.4068815261079425
y_hat_train,Nitrate-N,4,0.14125672758143387
y_hat_train,Nitrate-N,4,0.09850379907191925
y_hat_train,Nitrate-N,4,-0.0002481519953206335
y_hat_train,Nitrate-N,4,0.0827518895236577
y_hat_train,Nitrate-N,4,0.06403645967190341
y_hat_train,Nitrate-N,4,0.2746622399064391
y_hat_train,Nitrate-N,4,0.04670529248701205
y_hat_train,Nitrate-N,4,0.18361196144419395
y_hat_train,Nitrate-N,4,0.22593326812910774
y_hat_train,Nitrate-N,4,0.5338187352051414
y_hat_train,Nitrate-N,4,0.2803552712787407
y_hat_train,Nitrate-N,4,0.7077790509466456
y_hat_train,Nitrate-N,4,0.19613914245083502
y_hat_train,Nitrate-N,4,1.9233321275169248
y_hat_train,Nitrate-N,4,0.1492870525869358
y_hat_train,Nitrate-N,4,0.31967730833284863
y_hat_train,Nitrate-N,4,0.3587978265190437
y_hat_train,Nitrate-N,4,3.1871152364387587
y_hat_train,Nitrate-N,4,0.19157521285400686
y_hat_train,Nitrate-N,4,3.573991260028801
y_hat_train,Nitrate-N,4,0.11148713309171487
y_hat_train,Nitrate-N,4,-0.058130643664994264
y_hat_train,Nitrate-N,4,2.569281454543472
y_hat_train,Nitrate-N,4,-0.005021455017640897
y_hat_train,Nitrate-N,4,0.32449943349715227
y_hat_train,Nitrate-N,4,2.672420790497183
y_hat_train,Nitrate-N,4,0.08976326611093555
y_hat_train,Nitrate-N,4,3.237493481192486
y_hat_train,Nitrate-N,4,0.029949232354610833
y_hat_train,Nitrate-N,4,0.2242747883785256
y_hat_train,Nitrate-N,4,0.16585799906555515
y_hat_train,Nitrate-N,4,0.21742095867213312
y_hat_train,Nitrate-N,4,0.19485204931800487
y_hat_train,Nitrate-N,4,0.05373304642348159
y_hat_train,Nitrate-N,4,-0.16573325563648184
y_hat_train,Nitrate-N,4,0.2869888826348905
y_hat_train,Nitrate-N,4,-0.04001714122655692
y_hat_train,Nitrate-N,4,0.35259884933073793
y_hat_train,Nitrate-N,4,0.3301934976532134
y_hat_train,Nitrate-N,4,0.46296581069126064
y_hat_train,Nitrate-N,4,0.31514986595846295
y_hat_train,Nitrate-N,4,0.16656223729481934
y_hat_train,Nitrate-N,4,0.1575554919792937
y_hat_train,Nitrate-N,4,0.1911272152699559
y_hat_train,Nitrate-N,4,0.020950497095013565
y_hat_train,Nitrate-N,4,0.18808880316804205
y_hat_train,Nitrate-N,4,0.5745934065529629
y_hat_train,Nitrate-N,4,0.19894875655594668
y_hat_train,Nitrate-N,4,0.3387960730075561
y_hat_train,Nitrate-N,4,-0.1897338281494279
y_hat_train,Nitrate-N,4,0.2269606685732008
y_hat_train,Nitrate-N,4,0.212718169953176
y_hat_train,Nitrate-N,4,0.4085453109653211
y_hat_train,Nitrate-N,4,0.15333346996250125
y_hat_train,Nitrate-N,4,0.09942986142834898
y_hat_train,Nitrate-N,4,0.08295971257296214
y_hat_train,Nitrate-N,4,2.4393326985171315
y_hat_train,Nitrate-N,4,0.2337202850003352
y_hat_train,Nitrate-N,4,0.21664043543921496
y_true_train,Nitrate-N,4,0.023333333
y_true_train,Nitrate-N,4,0.101
y_true_train,Nitrate-N,4,0.012333333
y_true_train,Nitrate-N,4,0.205742231
y_true_train,Nitrate-N,4,0.17
y_true_train,Nitrate-N,4,0.636679275
y_true_train,Nitrate-N,4,0.122666667
y_true_train,Nitrate-N,4,2.438333333
y_true_train,Nitrate-N,4,0.273
y_true_train,Nitrate-N,4,0.162743322
y_true_train,Nitrate-N,4,0.038
y_true_train,Nitrate-N,4,0.108333333
y_true_train,Nitrate-N,4,0.248333333
y_true_train,Nitrate-N,4,0.006474193
y_true_train,Nitrate-N,4,0.141333333
y_true_train,Nitrate-N,4,0.233666667
y_true_train,Nitrate-N,4,0.294984357
y_true_train,Nitrate-N,4,0.994
y_true_train,Nitrate-N,4,0.012333333
y_true_train,Nitrate-N,4,0.235
y_true_train,Nitrate-N,4,0.138666667
y_true_train,Nitrate-N,4,0.046914199
y_true_train,Nitrate-N,4,0.290190215
y_true_train,Nitrate-N,4,0.216533333
y_true_train,Nitrate-N,4,2.524276858
y_true_train,Nitrate-N,4,4.182333333
y_true_train,Nitrate-N,4,0.157333333
y_true_train,Nitrate-N,4,0.054
y_true_train,Nitrate-N,4,0.198179175
y_true_train,Nitrate-N,4,0.129333333
y_true_train,Nitrate-N,4,1.501333333
y_true_train,Nitrate-N,4,0.468666667
y_true_train,Nitrate-N,4,0.150333333
y_true_train,Nitrate-N,4,0.171333333
y_true_train,Nitrate-N,4,0.13339733
y_true_train,Nitrate-N,4,0.647288174
y_true_train,Nitrate-N,4,0.014333333
y_true_train,Nitrate-N,4,0.172333333
y_true_train,Nitrate-N,4,0.029
y_true_train,Nitrate-N,4,0.337
y_true_train,Nitrate-N,4,0.113333333
y_true_train,Nitrate-N,4,0.110666667
y_true_train,Nitrate-N,4,0.273394835
y_true_train,Nitrate-N,4,0.265
y_true_train,Nitrate-N,4,0.052136398
y_true_train,Nitrate-N,4,0.368333333
y_true_train,Nitrate-N,4,0.318333333
y_true_train,Nitrate-N,4,0.227333333
y_true_train,Nitrate-N,4,0.361757248
y_true_train,Nitrate-N,4,0.113333333
y_true_train,Nitrate-N,4,0.153138762
y_true_train,Nitrate-N,4,0.215
y_true_train,Nitrate-N,4,2.539583346
y_true_train,Nitrate-N,4,0.002333333
y_true_train,Nitrate-N,4,0.014086754
y_true_train,Nitrate-N,4,3.105
y_true_train,Nitrate-N,4,0.090666667
y_true_train,Nitrate-N,4,0.789
y_true_train,Nitrate-N,4,1.146333333
y_true_train,Nitrate-N,4,0.387333333
y_true_train,Nitrate-N,4,0.605
y_true_train,Nitrate-N,4,0.044666667
y_true_train,Nitrate-N,4,0.023
y_true_train,Nitrate-N,4,0.044666667
y_true_train,Nitrate-N,4,0.153138762
y_true_train,Nitrate-N,4,0.04
y_true_train,Nitrate-N,4,0.272591332
y_true_train,Nitrate-N,4,0.148140528
y_true_train,Nitrate-N,4,0.002666667
y_true_train,Nitrate-N,4,0.401233963
y_true_train,Nitrate-N,4,0.564666667
y_true_train,Nitrate-N,4,0.011
y_true_train,Nitrate-N,4,0.630666667
y_true_train,Nitrate-N,4,0.012333333
y_true_train,Nitrate-N,4,1.965431456
y_true_train,Nitrate-N,4,0.283666667
y_true_train,Nitrate-N,4,0.206816238
y_true_train,Nitrate-N,4,0.41
y_true_train,Nitrate-N,4,3.665666667
y_true_train,Nitrate-N,4,0.203
y_true_train,Nitrate-N,4,3.455
y_true_train,Nitrate-N,4,0.137333333
y_true_train,Nitrate-N,4,0.17
y_true_train,Nitrate-N,4,2.611691805
y_true_train,Nitrate-N,4,0.054
y_true_train,Nitrate-N,4,0.178
y_true_train,Nitrate-N,4,2.544333333
y_true_train,Nitrate-N,4,0.188333333
y_true_train,Nitrate-N,4,2.810666667
y_true_train,Nitrate-N,4,0.16
y_true_train,Nitrate-N,4,0.206
y_true_train,Nitrate-N,4,0.140333333
y_true_train,Nitrate-N,4,0.323333333
y_true_train,Nitrate-N,4,0.08225616
y_true_train,Nitrate-N,4,0.077
y_true_train,Nitrate-N,4,0.08
y_true_train,Nitrate-N,4,0.217333333
y_true_train,Nitrate-N,4,0.013
y_true_train,Nitrate-N,4,0.439971979
y_true_train,Nitrate-N,4,0.192666667
y_true_train,Nitrate-N,4,0.471333333
y_true_train,Nitrate-N,4,0.287666667
y_true_train,Nitrate-N,4,0.249333333
y_true_train,Nitrate-N,4,0.284944721
y_true_train,Nitrate-N,4,0.011
y_true_train,Nitrate-N,4,0.148140528
y_true_train,Nitrate-N,4,0.040627835
y_true_train,Nitrate-N,4,0.632
y_true_train,Nitrate-N,4,0.351510981
y_true_train,Nitrate-N,4,0.131905178
y_true_train,Nitrate-N,4,0.028666667
y_true_train,Nitrate-N,4,0.142333333
y_true_train,Nitrate-N,4,0.215666667
y_true_train,Nitrate-N,4,0.011
y_true_train,Nitrate-N,4,0.275
y_true_train,Nitrate-N,4,0.077
y_true_train,Nitrate-N,4,0.128214103
y_true_train,Nitrate-N,4,2.243
y_true_train,Nitrate-N,4,0.152333333
y_true_train,Nitrate-N,4,0.128
y_true_test,Nitrate-N,4,0.116666667
y_true_test,Nitrate-N,4,0.103
y_true_test,Nitrate-N,4,0.146508959
y_true_test,Nitrate-N,4,0.104333333
y_true_test,Nitrate-N,4,0.361666667
y_true_test,Nitrate-N,4,3.455
y_true_test,Nitrate-N,4,0.132333333
y_true_test,Nitrate-N,4,0.141
y_true_test,Nitrate-N,4,0.326333333
y_true_test,Nitrate-N,4,0.325615728
y_true_test,Nitrate-N,4,0.272591332
y_true_test,Nitrate-N,4,1.687
y_true_test,Nitrate-N,4,0.05942377
y_true_test,Nitrate-N,4,0.336795488
y_true_test,Nitrate-N,4,0.196
y_true_test,Nitrate-N,4,0.192666667
y_true_test,Nitrate-N,4,0.046666667
y_true_test,Nitrate-N,4,2.861333333
y_true_test,Nitrate-N,4,0.237415705
y_true_test,Nitrate-N,4,0.075333333
y_true_test,Nitrate-N,4,0.242114912
y_true_test,Nitrate-N,4,0.219
y_true_test,Nitrate-N,4,0.084
y_true_test,Nitrate-N,4,0.131
y_true_test,Nitrate-N,4,0.088
y_true_test,Nitrate-N,4,0.182
y_true_test,Nitrate-N,4,0.166666667
y_true_test,Nitrate-N,4,0.322666667
y_true_test,Nitrate-N,4,0.037253617
y_true_test,Nitrate-N,4,0.244666667
y_true_test,Nitrate-N,4,0.091
y_true_test,Nitrate-N,4,0.080333333
y_true_test,Nitrate-N,4,0.558333333
y_true_test,Nitrate-N,4,0.061333333
y_true_test,Nitrate-N,4,2.300666667
y_true_test,Nitrate-N,4,3.498
y_true_test,Nitrate-N,4,0.128214103
y_true_test,Nitrate-N,4,0.557
y_true_test,Nitrate-N,4,0.197
y_true_test,Nitrate-N,4,1.549666667
y_true_test,Nitrate-N,4,0.110666667
y_true_test,Nitrate-N,4,0.167666667
y_true_test,Nitrate-N,4,0.029
y_true_test,Nitrate-N,4,3.177604111
y_true_test,Nitrate-N,4,1.42
y_true_test,Nitrate-N,4,2.28
y_true_test,Nitrate-N,4,5.165333333
y_true_test,Nitrate-N,4,0.108333333
y_true_test,Nitrate-N,4,0.011333333
y_true_test,Nitrate-N,4,0.264333333
y_true_test,Nitrate-N,4,0.155666667
y_true_test,Nitrate-N,4,0.160333333
test_ind,Nitrate-N,4,238.0
test_ind,Nitrate-N,4,326.0
test_ind,Nitrate-N,4,119.0
test_ind,Nitrate-N,4,347.0
test_ind,Nitrate-N,4,29.0
test_ind,Nitrate-N,4,191.0
test_ind,Nitrate-N,4,39.0
test_ind,Nitrate-N,4,359.0
test_ind,Nitrate-N,4,3.0
test_ind,Nitrate-N,4,102.0
test_ind,Nitrate-N,4,174.0
test_ind,Nitrate-N,4,311.0
test_ind,Nitrate-N,4,104.0
test_ind,Nitrate-N,4,172.0
test_ind,Nitrate-N,4,318.0
test_ind,Nitrate-N,4,304.0
test_ind,Nitrate-N,4,248.0
test_ind,Nitrate-N,4,232.0
test_ind,Nitrate-N,4,217.0
test_ind,Nitrate-N,4,278.0
test_ind,Nitrate-N,4,231.0
test_ind,Nitrate-N,4,386.0
test_ind,Nitrate-N,4,14.0
test_ind,Nitrate-N,4,382.0
test_ind,Nitrate-N,4,345.0
test_ind,Nitrate-N,4,57.0
test_ind,Nitrate-N,4,305.0
test_ind,Nitrate-N,4,373.0
test_ind,Nitrate-N,4,72.0
test_ind,Nitrate-N,4,27.0
test_ind,Nitrate-N,4,372.0
test_ind,Nitrate-N,4,293.0
test_ind,Nitrate-N,4,344.0
test_ind,Nitrate-N,4,36.0
test_ind,Nitrate-N,4,41.0
test_ind,Nitrate-N,4,6.0
test_ind,Nitrate-N,4,219.0
test_ind,Nitrate-N,4,64.0
test_ind,Nitrate-N,4,52.0
test_ind,Nitrate-N,4,378.0
test_ind,Nitrate-N,4,338.0
test_ind,Nitrate-N,4,12.0
test_ind,Nitrate-N,4,270.0
test_ind,Nitrate-N,4,188.0
test_ind,Nitrate-N,4,55.0
test_ind,Nitrate-N,4,343.0
test_ind,Nitrate-N,4,295.0
test_ind,Nitrate-N,4,216.0
test_ind,Nitrate-N,4,23.0
test_ind,Nitrate-N,4,61.0
test_ind,Nitrate-N,4,374.0
test_ind,Nitrate-N,4,258.0
train_ind,Nitrate-N,4,370.0
train_ind,Nitrate-N,4,362.0
train_ind,Nitrate-N,4,74.0
train_ind,Nitrate-N,4,212.0
train_ind,Nitrate-N,4,237.0
train_ind,Nitrate-N,4,144.0
train_ind,Nitrate-N,4,312.0
train_ind,Nitrate-N,4,389.0
train_ind,Nitrate-N,4,233.0
train_ind,Nitrate-N,4,94.0
train_ind,Nitrate-N,4,395.0
train_ind,Nitrate-N,4,215.0
train_ind,Nitrate-N,4,299.0
train_ind,Nitrate-N,4,213.0
train_ind,Nitrate-N,4,42.0
train_ind,Nitrate-N,4,333.0
train_ind,Nitrate-N,4,167.0
train_ind,Nitrate-N,4,281.0
train_ind,Nitrate-N,4,75.0
train_ind,Nitrate-N,4,398.0
train_ind,Nitrate-N,4,346.0
train_ind,Nitrate-N,4,95.0
train_ind,Nitrate-N,4,103.0
train_ind,Nitrate-N,4,165.0
train_ind,Nitrate-N,4,192.0
train_ind,Nitrate-N,4,365.0
train_ind,Nitrate-N,4,250.0
train_ind,Nitrate-N,4,342.0
train_ind,Nitrate-N,4,164.0
train_ind,Nitrate-N,4,15.0
train_ind,Nitrate-N,4,20.0
train_ind,Nitrate-N,4,361.0
train_ind,Nitrate-N,4,28.0
train_ind,Nitrate-N,4,34.0
train_ind,Nitrate-N,4,98.0
train_ind,Nitrate-N,4,143.0
train_ind,Nitrate-N,4,59.0
train_ind,Nitrate-N,4,266.0
train_ind,Nitrate-N,4,323.0
train_ind,Nitrate-N,4,260.0
train_ind,Nitrate-N,4,170.0
train_ind,Nitrate-N,4,268.0
train_ind,Nitrate-N,4,173.0
train_ind,Nitrate-N,4,279.0
train_ind,Nitrate-N,4,79.0
train_ind,Nitrate-N,4,280.0
train_ind,Nitrate-N,4,341.0
train_ind,Nitrate-N,4,358.0
train_ind,Nitrate-N,4,145.0
train_ind,Nitrate-N,4,171.0
train_ind,Nitrate-N,4,125.0
train_ind,Nitrate-N,4,17.0
train_ind,Nitrate-N,4,193.0
train_ind,Nitrate-N,4,38.0
train_ind,Nitrate-N,4,80.0
train_ind,Nitrate-N,4,67.0
train_ind,Nitrate-N,4,252.0
train_ind,Nitrate-N,4,298.0
train_ind,Nitrate-N,4,320.0
train_ind,Nitrate-N,4,291.0
train_ind,Nitrate-N,4,9.0
train_ind,Nitrate-N,4,349.0
train_ind,Nitrate-N,4,247.0
train_ind,Nitrate-N,4,385.0
train_ind,Nitrate-N,4,126.0
train_ind,Nitrate-N,4,302.0
train_ind,Nitrate-N,4,175.0
train_ind,Nitrate-N,4,77.0
train_ind,Nitrate-N,4,16.0
train_ind,Nitrate-N,4,123.0
train_ind,Nitrate-N,4,269.0
train_ind,Nitrate-N,4,142.0
train_ind,Nitrate-N,4,236.0
train_ind,Nitrate-N,4,76.0
train_ind,Nitrate-N,4,194.0
train_ind,Nitrate-N,4,381.0
train_ind,Nitrate-N,4,218.0
train_ind,Nitrate-N,4,324.0
train_ind,Nitrate-N,4,353.0
train_ind,Nitrate-N,4,51.0
train_ind,Nitrate-N,4,190.0
train_ind,Nitrate-N,4,49.0
train_ind,Nitrate-N,4,339.0
train_ind,Nitrate-N,4,187.0
train_ind,Nitrate-N,4,390.0
train_ind,Nitrate-N,4,244.0
train_ind,Nitrate-N,4,249.0
train_ind,Nitrate-N,4,287.0
train_ind,Nitrate-N,4,284.0
train_ind,Nitrate-N,4,8.0
train_ind,Nitrate-N,4,366.0
train_ind,Nitrate-N,4,69.0
train_ind,Nitrate-N,4,391.0
train_ind,Nitrate-N,4,168.0
train_ind,Nitrate-N,4,121.0
train_ind,Nitrate-N,4,329.0
train_ind,Nitrate-N,4,65.0
train_ind,Nitrate-N,4,292.0
train_ind,Nitrate-N,4,138.0
train_ind,Nitrate-N,4,351.0
train_ind,Nitrate-N,4,48.0
train_ind,Nitrate-N,4,2.0
train_ind,Nitrate-N,4,319.0
train_ind,Nitrate-N,4,124.0
train_ind,Nitrate-N,4,306.0
train_ind,Nitrate-N,4,78.0
train_ind,Nitrate-N,4,99.0
train_ind,Nitrate-N,4,392.0
train_ind,Nitrate-N,4,139.0
train_ind,Nitrate-N,4,136.0
train_ind,Nitrate-N,4,243.0
train_ind,Nitrate-N,4,274.0
train_ind,Nitrate-N,4,262.0
train_ind,Nitrate-N,4,141.0
train_ind,Nitrate-N,4,332.0
train_ind,Nitrate-N,4,122.0
train_ind,Nitrate-N,4,220.0
train_ind,Nitrate-N,4,265.0
train_ind,Nitrate-N,4,315.0
train_ind,Nitrate-N,4,300.0
test_rsq,Nitrate-N,4,0.9230775099467536
train_rsq,Nitrate-N,4,0.9635629207791713
test_rmse,Nitrate-N,4,0.310995495933444
train_rmse,Nitrate-N,4,0.16010392893991293
test_mape,Nitrate-N,4,128.06565097890956
train_mape,Nitrate-N,4,336.9343703207821
n_comp,Nitrate-N,4,10.0
y_hat_test,Nitrate-N,5,0.32962356683464533
y_hat_test,Nitrate-N,5,0.1512105397806427
y_hat_test,Nitrate-N,5,0.16510367308644347
y_hat_test,Nitrate-N,5,0.6561742542394952
y_hat_test,Nitrate-N,5,0.05683954642511768
y_hat_test,Nitrate-N,5,0.2934624026173293
y_hat_test,Nitrate-N,5,2.7454411303140933
y_hat_test,Nitrate-N,5,0.017560263543147103
y_hat_test,Nitrate-N,5,0.2617763422896642
y_hat_test,Nitrate-N,5,0.1942259207634051
y_hat_test,Nitrate-N,5,0.0983330363482906
y_hat_test,Nitrate-N,5,0.12206665431294056
y_hat_test,Nitrate-N,5,0.3054959230286321
y_hat_test,Nitrate-N,5,0.26243691996248747
y_hat_test,Nitrate-N,5,0.16649118010484143
y_hat_test,Nitrate-N,5,1.8769071569574967
y_hat_test,Nitrate-N,5,0.5795187202023063
y_hat_test,Nitrate-N,5,2.239678211554491
y_hat_test,Nitrate-N,5,0.08523170136401931
y_hat_test,Nitrate-N,5,-0.19425263013494498
y_hat_test,Nitrate-N,5,0.3706271797361684
y_hat_test,Nitrate-N,5,0.10130377646254218
y_hat_test,Nitrate-N,5,0.3132828755024255
y_hat_test,Nitrate-N,5,-0.24177251767065955
y_hat_test,Nitrate-N,5,0.38958265367000366
y_hat_test,Nitrate-N,5,0.30986242798560654
y_hat_test,Nitrate-N,5,0.12498112783928872
y_hat_test,Nitrate-N,5,0.2981352561555139
y_hat_test,Nitrate-N,5,0.07633606691165162
y_hat_test,Nitrate-N,5,0.21376577509749828
y_hat_test,Nitrate-N,5,4.124938446937343
y_hat_test,Nitrate-N,5,0.14926694051643863
y_hat_test,Nitrate-N,5,0.045205370410539514
y_hat_test,Nitrate-N,5,0.29175111253929736
y_hat_test,Nitrate-N,5,0.1613665795206276
y_hat_test,Nitrate-N,5,0.17868800800459905
y_hat_test,Nitrate-N,5,0.288814587967116
y_hat_test,Nitrate-N,5,0.1711704453196729
y_hat_test,Nitrate-N,5,2.5058390139536106
y_hat_test,Nitrate-N,5,0.03430472753619895
y_hat_test,Nitrate-N,5,0.0842488254148126
y_hat_test,Nitrate-N,5,0.19891157030696838
y_hat_test,Nitrate-N,5,0.348599647287537
y_hat_test,Nitrate-N,5,0.38564250818039314
y_hat_test,Nitrate-N,5,0.3021045436575096
y_hat_test,Nitrate-N,5,0.28033023623650494
y_hat_test,Nitrate-N,5,0.10121767172309187
y_hat_test,Nitrate-N,5,0.40244056606870093
y_hat_test,Nitrate-N,5,2.3100236188756726
y_hat_test,Nitrate-N,5,0.06317400533553985
y_hat_test,Nitrate-N,5,0.03131341404099153
y_hat_test,Nitrate-N,5,0.5432844234593063
y_hat_train,Nitrate-N,5,0.13236653039710483
y_hat_train,Nitrate-N,5,-0.0014086053599605686
y_hat_train,Nitrate-N,5,0.06321172699827426
y_hat_train,Nitrate-N,5,0.13022707400670241
y_hat_train,Nitrate-N,5,2.7072254102212687
y_hat_train,Nitrate-N,5,1.4332455775929076
y_hat_train,Nitrate-N,5,0.35491039506609984
y_hat_train,Nitrate-N,5,0.233006790123248
y_hat_train,Nitrate-N,5,0.2714018425844514
y_hat_train,Nitrate-N,5,0.06758984830864001
y_hat_train,Nitrate-N,5,0.2409703446739347
y_hat_train,Nitrate-N,5,0.7738302632102293
y_hat_train,Nitrate-N,5,0.4229906649956163
y_hat_train,Nitrate-N,5,0.3073066941384405
y_hat_train,Nitrate-N,5,0.657696721886933
y_hat_train,Nitrate-N,5,0.12951191243637883
y_hat_train,Nitrate-N,5,2.0134890906731115
y_hat_train,Nitrate-N,5,-0.2237045224243801
y_hat_train,Nitrate-N,5,0.26246460520548276
y_hat_train,Nitrate-N,5,0.056051960052326044
y_hat_train,Nitrate-N,5,0.16513153350819987
y_hat_train,Nitrate-N,5,0.1505739979009898
y_hat_train,Nitrate-N,5,-0.14358393126487723
y_hat_train,Nitrate-N,5,0.12536691546842055
y_hat_train,Nitrate-N,5,-0.058003814979552315
y_hat_train,Nitrate-N,5,0.6526921619109254
y_hat_train,Nitrate-N,5,0.4067348913781036
y_hat_train,Nitrate-N,5,0.17035983435658003
y_hat_train,Nitrate-N,5,0.2598141642066824
y_hat_train,Nitrate-N,5,0.06150896384469973
y_hat_train,Nitrate-N,5,3.5028133247805586
y_hat_train,Nitrate-N,5,0.16964607483063598
y_hat_train,Nitrate-N,5,0.16075428843761935
y_hat_train,Nitrate-N,5,0.16701909860977793
y_hat_train,Nitrate-N,5,0.18809245484746717
y_hat_train,Nitrate-N,5,0.3748564856300018
y_hat_train,Nitrate-N,5,2.2281114295459163
y_hat_train,Nitrate-N,5,3.3038152030204087
y_hat_train,Nitrate-N,5,0.49573663551567326
y_hat_train,Nitrate-N,5,0.22598006121992903
y_hat_train,Nitrate-N,5,3.118340437744668
y_hat_train,Nitrate-N,5,0.1962334862544523
y_hat_train,Nitrate-N,5,2.3683064695297684
y_hat_train,Nitrate-N,5,0.17873807178413004
y_hat_train,Nitrate-N,5,3.372951018635117
y_hat_train,Nitrate-N,5,0.2701289452794295
y_hat_train,Nitrate-N,5,0.01581998283889896
y_hat_train,Nitrate-N,5,-0.0707002108714121
y_hat_train,Nitrate-N,5,0.16839480192340117
y_hat_train,Nitrate-N,5,0.10452841135042806
y_hat_train,Nitrate-N,5,0.18562068954017552
y_hat_train,Nitrate-N,5,0.051611608958189614
y_hat_train,Nitrate-N,5,0.08331725447831129
y_hat_train,Nitrate-N,5,0.14780260798485534
y_hat_train,Nitrate-N,5,0.14366001263406547
y_hat_train,Nitrate-N,5,0.0004939589328503136
y_hat_train,Nitrate-N,5,0.0971385187108107
y_hat_train,Nitrate-N,5,0.14352718966404832
y_hat_train,Nitrate-N,5,0.14556585775265757
y_hat_train,Nitrate-N,5,0.4359480830379874
y_hat_train,Nitrate-N,5,-0.202816081985841
y_hat_train,Nitrate-N,5,0.11065523526266097
y_hat_train,Nitrate-N,5,0.17385338475091716
y_hat_train,Nitrate-N,5,0.22488740331645524
y_hat_train,Nitrate-N,5,3.2509950075624046
y_hat_train,Nitrate-N,5,0.07030520929079975
y_hat_train,Nitrate-N,5,0.5875848516502105
y_hat_train,Nitrate-N,5,0.2058377985127552
y_hat_train,Nitrate-N,5,2.664573433309318
y_hat_train,Nitrate-N,5,0.5376472679443256
y_hat_train,Nitrate-N,5,0.09567602032286171
y_hat_train,Nitrate-N,5,0.24329851674641967
y_hat_train,Nitrate-N,5,0.36241322202688764
y_hat_train,Nitrate-N,5,0.1807886924079518
y_hat_train,Nitrate-N,5,0.21091044876891551
y_hat_train,Nitrate-N,5,0.6061549590752308
y_hat_train,Nitrate-N,5,0.03147426852418178
y_hat_train,Nitrate-N,5,0.1917936893776021
y_hat_train,Nitrate-N,5,0.0950529386167755
y_hat_train,Nitrate-N,5,0.0839336390758384
y_hat_train,Nitrate-N,5,1.4259148298912483
y_hat_train,Nitrate-N,5,0.06387323138307643
y_hat_train,Nitrate-N,5,0.09918247161660809
y_hat_train,Nitrate-N,5,0.12292424401250479
y_hat_train,Nitrate-N,5,0.21967061034310675
y_hat_train,Nitrate-N,5,3.3327634100906716
y_hat_train,Nitrate-N,5,3.1236809088536353
y_hat_train,Nitrate-N,5,0.38767691862275055
y_hat_train,Nitrate-N,5,0.13589909131889266
y_hat_train,Nitrate-N,5,-0.03491870178270662
y_hat_train,Nitrate-N,5,1.072029476654368
y_hat_train,Nitrate-N,5,0.34694497320903517
y_hat_train,Nitrate-N,5,0.31899182441148577
y_hat_train,Nitrate-N,5,0.1931868376768736
y_hat_train,Nitrate-N,5,0.6026862104084257
y_hat_train,Nitrate-N,5,0.2903674785365499
y_hat_train,Nitrate-N,5,0.2355966544108633
y_hat_train,Nitrate-N,5,0.3275407702833172
y_hat_train,Nitrate-N,5,0.05393435592781892
y_hat_train,Nitrate-N,5,0.31031958162294004
y_hat_train,Nitrate-N,5,0.21407381425624922
y_hat_train,Nitrate-N,5,0.22130042384737747
y_hat_train,Nitrate-N,5,0.07444421937904983
y_hat_train,Nitrate-N,5,0.09259165845315281
y_hat_train,Nitrate-N,5,0.4797160223065975
y_hat_train,Nitrate-N,5,0.41908133263469366
y_hat_train,Nitrate-N,5,0.16675179190213685
y_hat_train,Nitrate-N,5,-0.002537162925044356
y_hat_train,Nitrate-N,5,0.2611500619825209
y_hat_train,Nitrate-N,5,0.6712819586069118
y_hat_train,Nitrate-N,5,2.3163004037253643
y_hat_train,Nitrate-N,5,0.13467105178194205
y_hat_train,Nitrate-N,5,0.04770614874144752
y_hat_train,Nitrate-N,5,0.3681356043917937
y_hat_train,Nitrate-N,5,3.747489653064325
y_hat_train,Nitrate-N,5,0.003390418037745424
y_hat_train,Nitrate-N,5,2.549556183001279
y_hat_train,Nitrate-N,5,0.32186219676707806
y_hat_train,Nitrate-N,5,0.021452703331245382
y_hat_train,Nitrate-N,5,0.21241902494814185
y_true_train,Nitrate-N,5,0.196
y_true_train,Nitrate-N,5,0.084
y_true_train,Nitrate-N,5,0.011
y_true_train,Nitrate-N,5,0.171333333
y_true_train,Nitrate-N,5,2.544333333
y_true_train,Nitrate-N,5,1.501333333
y_true_train,Nitrate-N,5,0.272591332
y_true_train,Nitrate-N,5,0.323333333
y_true_train,Nitrate-N,5,0.192666667
y_true_train,Nitrate-N,5,0.012333333
y_true_train,Nitrate-N,5,0.401233963
y_true_train,Nitrate-N,5,0.789
y_true_train,Nitrate-N,5,0.605
y_true_train,Nitrate-N,5,0.272591332
y_true_train,Nitrate-N,5,0.468666667
y_true_train,Nitrate-N,5,0.155666667
y_true_train,Nitrate-N,5,1.965431456
y_true_train,Nitrate-N,5,0.029
y_true_train,Nitrate-N,5,0.235
y_true_train,Nitrate-N,5,0.046666667
y_true_train,Nitrate-N,5,0.077
y_true_train,Nitrate-N,5,0.141333333
y_true_train,Nitrate-N,5,0.012333333
y_true_train,Nitrate-N,5,0.273394835
y_true_train,Nitrate-N,5,0.038
y_true_train,Nitrate-N,5,0.647288174
y_true_train,Nitrate-N,5,0.336795488
y_true_train,Nitrate-N,5,0.284944721
y_true_train,Nitrate-N,5,0.137333333
y_true_train,Nitrate-N,5,0.219
y_true_train,Nitrate-N,5,3.455
y_true_train,Nitrate-N,5,0.148140528
y_true_train,Nitrate-N,5,0.178
y_true_train,Nitrate-N,5,0.054
y_true_train,Nitrate-N,5,0.216533333
y_true_train,Nitrate-N,5,0.41
y_true_train,Nitrate-N,5,2.438333333
y_true_train,Nitrate-N,5,2.810666667
y_true_train,Nitrate-N,5,0.283666667
y_true_train,Nitrate-N,5,0.108333333
y_true_train,Nitrate-N,5,3.665666667
y_true_train,Nitrate-N,5,0.265
y_true_train,Nitrate-N,5,2.243
y_true_train,Nitrate-N,5,0.044666667
y_true_train,Nitrate-N,5,3.455
y_true_train,Nitrate-N,5,0.140333333
y_true_train,Nitrate-N,5,0.044666667
y_true_train,Nitrate-N,5,0.150333333
y_true_train,Nitrate-N,5,0.197
y_true_train,Nitrate-N,5,0.011
y_true_train,Nitrate-N,5,0.325615728
y_true_train,Nitrate-N,5,0.012333333
y_true_train,Nitrate-N,5,0.088
y_true_train,Nitrate-N,5,0.054
y_true_train,Nitrate-N,5,0.05942377
y_true_train,Nitrate-N,5,0.103
y_true_train,Nitrate-N,5,0.215
y_true_train,Nitrate-N,5,0.233666667
y_true_train,Nitrate-N,5,0.273
y_true_train,Nitrate-N,5,0.361666667
y_true_train,Nitrate-N,5,0.028666667
y_true_train,Nitrate-N,5,0.061333333
y_true_train,Nitrate-N,5,0.131
y_true_train,Nitrate-N,5,0.206816238
y_true_train,Nitrate-N,5,2.861333333
y_true_train,Nitrate-N,5,0.037253617
y_true_train,Nitrate-N,5,0.557
y_true_train,Nitrate-N,5,0.110666667
y_true_train,Nitrate-N,5,2.539583346
y_true_train,Nitrate-N,5,0.630666667
y_true_train,Nitrate-N,5,0.16
y_true_train,Nitrate-N,5,0.131905178
y_true_train,Nitrate-N,5,0.023333333
y_true_train,Nitrate-N,5,0.192666667
y_true_train,Nitrate-N,5,0.113333333
y_true_train,Nitrate-N,5,0.564666667
y_true_train,Nitrate-N,5,0.011333333
y_true_train,Nitrate-N,5,0.142333333
y_true_train,Nitrate-N,5,0.029
y_true_train,Nitrate-N,5,0.090666667
y_true_train,Nitrate-N,5,1.549666667
y_true_train,Nitrate-N,5,0.132333333
y_true_train,Nitrate-N,5,0.17
y_true_train,Nitrate-N,5,0.148140528
y_true_train,Nitrate-N,5,0.113333333
y_true_train,Nitrate-N,5,3.498
y_true_train,Nitrate-N,5,3.105
y_true_train,Nitrate-N,5,0.322666667
y_true_train,Nitrate-N,5,0.172333333
y_true_train,Nitrate-N,5,0.075333333
y_true_train,Nitrate-N,5,1.146333333
y_true_train,Nitrate-N,5,0.287666667
y_true_train,Nitrate-N,5,0.011
y_true_train,Nitrate-N,5,0.167666667
y_true_train,Nitrate-N,5,0.632
y_true_train,Nitrate-N,5,0.215666667
y_true_train,Nitrate-N,5,0.152333333
y_true_train,Nitrate-N,5,0.162743322
y_true_train,Nitrate-N,5,0.110666667
y_true_train,Nitrate-N,5,0.275
y_true_train,Nitrate-N,5,0.248333333
y_true_train,Nitrate-N,5,0.138666667
y_true_train,Nitrate-N,5,0.166666667
y_true_train,Nitrate-N,5,0.128214103
y_true_train,Nitrate-N,5,0.217333333
y_true_train,Nitrate-N,5,0.294984357
y_true_train,Nitrate-N,5,0.040627835
y_true_train,Nitrate-N,5,0.014333333
y_true_train,Nitrate-N,5,0.205742231
y_true_train,Nitrate-N,5,0.994
y_true_train,Nitrate-N,5,2.28
y_true_train,Nitrate-N,5,0.129333333
y_true_train,Nitrate-N,5,0.091
y_true_train,Nitrate-N,5,0.368333333
y_true_train,Nitrate-N,5,4.182333333
y_true_train,Nitrate-N,5,0.002666667
y_true_train,Nitrate-N,5,2.611691805
y_true_train,Nitrate-N,5,0.558333333
y_true_train,Nitrate-N,5,0.080333333
y_true_train,Nitrate-N,5,0.157333333
y_true_test,Nitrate-N,5,0.046914199
y_true_test,Nitrate-N,5,0.128214103
y_true_test,Nitrate-N,5,0.128
y_true_test,Nitrate-N,5,0.636679275
y_true_test,Nitrate-N,5,0.153138762
y_true_test,Nitrate-N,5,0.13339733
y_true_test,Nitrate-N,5,3.177604111
y_true_test,Nitrate-N,5,0.014086754
y_true_test,Nitrate-N,5,0.108333333
y_true_test,Nitrate-N,5,0.122666667
y_true_test,Nitrate-N,5,0.249333333
y_true_test,Nitrate-N,5,0.242114912
y_true_test,Nitrate-N,5,0.439971979
y_true_test,Nitrate-N,5,0.077
y_true_test,Nitrate-N,5,0.237415705
y_true_test,Nitrate-N,5,1.687
y_true_test,Nitrate-N,5,0.471333333
y_true_test,Nitrate-N,5,1.42
y_true_test,Nitrate-N,5,0.182
y_true_test,Nitrate-N,5,0.08
y_true_test,Nitrate-N,5,0.264333333
y_true_test,Nitrate-N,5,0.104333333
y_true_test,Nitrate-N,5,0.146508959
y_true_test,Nitrate-N,5,0.052136398
y_true_test,Nitrate-N,5,0.198179175
y_true_test,Nitrate-N,5,0.361757248
y_true_test,Nitrate-N,5,0.023
y_true_test,Nitrate-N,5,0.203
y_true_test,Nitrate-N,5,0.141
y_true_test,Nitrate-N,5,0.326333333
y_true_test,Nitrate-N,5,5.165333333
y_true_test,Nitrate-N,5,0.002333333
y_true_test,Nitrate-N,5,0.013
y_true_test,Nitrate-N,5,0.101
y_true_test,Nitrate-N,5,0.17
y_true_test,Nitrate-N,5,0.006474193
y_true_test,Nitrate-N,5,0.04
y_true_test,Nitrate-N,5,0.08225616
y_true_test,Nitrate-N,5,2.524276858
y_true_test,Nitrate-N,5,0.153138762
y_true_test,Nitrate-N,5,0.351510981
y_true_test,Nitrate-N,5,0.337
y_true_test,Nitrate-N,5,0.160333333
y_true_test,Nitrate-N,5,0.244666667
y_true_test,Nitrate-N,5,0.387333333
y_true_test,Nitrate-N,5,0.290190215
y_true_test,Nitrate-N,5,0.188333333
y_true_test,Nitrate-N,5,0.318333333
y_true_test,Nitrate-N,5,2.300666667
y_true_test,Nitrate-N,5,0.227333333
y_true_test,Nitrate-N,5,0.116666667
y_true_test,Nitrate-N,5,0.206
test_ind,Nitrate-N,5,95.0
test_ind,Nitrate-N,5,220.0
test_ind,Nitrate-N,5,300.0
test_ind,Nitrate-N,5,144.0
test_ind,Nitrate-N,5,125.0
test_ind,Nitrate-N,5,98.0
test_ind,Nitrate-N,5,188.0
test_ind,Nitrate-N,5,80.0
test_ind,Nitrate-N,5,216.0
test_ind,Nitrate-N,5,312.0
test_ind,Nitrate-N,5,319.0
test_ind,Nitrate-N,5,231.0
test_ind,Nitrate-N,5,138.0
test_ind,Nitrate-N,5,122.0
test_ind,Nitrate-N,5,217.0
test_ind,Nitrate-N,5,311.0
test_ind,Nitrate-N,5,48.0
test_ind,Nitrate-N,5,55.0
test_ind,Nitrate-N,5,57.0
test_ind,Nitrate-N,5,329.0
test_ind,Nitrate-N,5,61.0
test_ind,Nitrate-N,5,347.0
test_ind,Nitrate-N,5,119.0
test_ind,Nitrate-N,5,79.0
test_ind,Nitrate-N,5,164.0
test_ind,Nitrate-N,5,145.0
test_ind,Nitrate-N,5,247.0
test_ind,Nitrate-N,5,51.0
test_ind,Nitrate-N,5,359.0
test_ind,Nitrate-N,5,3.0
test_ind,Nitrate-N,5,295.0
test_ind,Nitrate-N,5,38.0
test_ind,Nitrate-N,5,292.0
test_ind,Nitrate-N,5,362.0
test_ind,Nitrate-N,5,237.0
test_ind,Nitrate-N,5,213.0
test_ind,Nitrate-N,5,302.0
test_ind,Nitrate-N,5,168.0
test_ind,Nitrate-N,5,192.0
test_ind,Nitrate-N,5,126.0
test_ind,Nitrate-N,5,139.0
test_ind,Nitrate-N,5,260.0
test_ind,Nitrate-N,5,258.0
test_ind,Nitrate-N,5,27.0
test_ind,Nitrate-N,5,291.0
test_ind,Nitrate-N,5,103.0
test_ind,Nitrate-N,5,287.0
test_ind,Nitrate-N,5,341.0
test_ind,Nitrate-N,5,41.0
test_ind,Nitrate-N,5,358.0
test_ind,Nitrate-N,5,238.0
test_ind,Nitrate-N,5,366.0
train_ind,Nitrate-N,5,318.0
train_ind,Nitrate-N,5,14.0
train_ind,Nitrate-N,5,306.0
train_ind,Nitrate-N,5,34.0
train_ind,Nitrate-N,5,249.0
train_ind,Nitrate-N,5,20.0
train_ind,Nitrate-N,5,174.0
train_ind,Nitrate-N,5,391.0
train_ind,Nitrate-N,5,351.0
train_ind,Nitrate-N,5,76.0
train_ind,Nitrate-N,5,123.0
train_ind,Nitrate-N,5,298.0
train_ind,Nitrate-N,5,9.0
train_ind,Nitrate-N,5,175.0
train_ind,Nitrate-N,5,361.0
train_ind,Nitrate-N,5,374.0
train_ind,Nitrate-N,5,194.0
train_ind,Nitrate-N,5,323.0
train_ind,Nitrate-N,5,398.0
train_ind,Nitrate-N,5,248.0
train_ind,Nitrate-N,5,121.0
train_ind,Nitrate-N,5,42.0
train_ind,Nitrate-N,5,75.0
train_ind,Nitrate-N,5,173.0
train_ind,Nitrate-N,5,395.0
train_ind,Nitrate-N,5,143.0
train_ind,Nitrate-N,5,172.0
train_ind,Nitrate-N,5,124.0
train_ind,Nitrate-N,5,49.0
train_ind,Nitrate-N,5,386.0
train_ind,Nitrate-N,5,190.0
train_ind,Nitrate-N,5,77.0
train_ind,Nitrate-N,5,244.0
train_ind,Nitrate-N,5,390.0
train_ind,Nitrate-N,5,165.0
train_ind,Nitrate-N,5,324.0
train_ind,Nitrate-N,5,389.0
train_ind,Nitrate-N,5,284.0
train_ind,Nitrate-N,5,381.0
train_ind,Nitrate-N,5,215.0
train_ind,Nitrate-N,5,353.0
train_ind,Nitrate-N,5,279.0
train_ind,Nitrate-N,5,265.0
train_ind,Nitrate-N,5,385.0
train_ind,Nitrate-N,5,191.0
train_ind,Nitrate-N,5,69.0
train_ind,Nitrate-N,5,349.0
train_ind,Nitrate-N,5,28.0
train_ind,Nitrate-N,5,52.0
train_ind,Nitrate-N,5,142.0
train_ind,Nitrate-N,5,102.0
train_ind,Nitrate-N,5,74.0
train_ind,Nitrate-N,5,345.0
train_ind,Nitrate-N,5,342.0
train_ind,Nitrate-N,5,104.0
train_ind,Nitrate-N,5,326.0
train_ind,Nitrate-N,5,17.0
train_ind,Nitrate-N,5,333.0
train_ind,Nitrate-N,5,233.0
train_ind,Nitrate-N,5,29.0
train_ind,Nitrate-N,5,243.0
train_ind,Nitrate-N,5,36.0
train_ind,Nitrate-N,5,382.0
train_ind,Nitrate-N,5,218.0
train_ind,Nitrate-N,5,232.0
train_ind,Nitrate-N,5,72.0
train_ind,Nitrate-N,5,64.0
train_ind,Nitrate-N,5,338.0
train_ind,Nitrate-N,5,193.0
train_ind,Nitrate-N,5,236.0
train_ind,Nitrate-N,5,8.0
train_ind,Nitrate-N,5,136.0
train_ind,Nitrate-N,5,370.0
train_ind,Nitrate-N,5,304.0
train_ind,Nitrate-N,5,170.0
train_ind,Nitrate-N,5,269.0
train_ind,Nitrate-N,5,23.0
train_ind,Nitrate-N,5,274.0
train_ind,Nitrate-N,5,270.0
train_ind,Nitrate-N,5,252.0
train_ind,Nitrate-N,5,378.0
train_ind,Nitrate-N,5,39.0
train_ind,Nitrate-N,5,339.0
train_ind,Nitrate-N,5,78.0
train_ind,Nitrate-N,5,171.0
train_ind,Nitrate-N,5,6.0
train_ind,Nitrate-N,5,67.0
train_ind,Nitrate-N,5,373.0
train_ind,Nitrate-N,5,266.0
train_ind,Nitrate-N,5,278.0
train_ind,Nitrate-N,5,320.0
train_ind,Nitrate-N,5,2.0
train_ind,Nitrate-N,5,141.0
train_ind,Nitrate-N,5,12.0
train_ind,Nitrate-N,5,392.0
train_ind,Nitrate-N,5,262.0
train_ind,Nitrate-N,5,315.0
train_ind,Nitrate-N,5,94.0
train_ind,Nitrate-N,5,268.0
train_ind,Nitrate-N,5,332.0
train_ind,Nitrate-N,5,299.0
train_ind,Nitrate-N,5,346.0
train_ind,Nitrate-N,5,305.0
train_ind,Nitrate-N,5,219.0
train_ind,Nitrate-N,5,65.0
train_ind,Nitrate-N,5,167.0
train_ind,Nitrate-N,5,99.0
train_ind,Nitrate-N,5,59.0
train_ind,Nitrate-N,5,212.0
train_ind,Nitrate-N,5,281.0
train_ind,Nitrate-N,5,343.0
train_ind,Nitrate-N,5,15.0
train_ind,Nitrate-N,5,372.0
train_ind,Nitrate-N,5,280.0
train_ind,Nitrate-N,5,365.0
train_ind,Nitrate-N,5,16.0
train_ind,Nitrate-N,5,187.0
train_ind,Nitrate-N,5,344.0
train_ind,Nitrate-N,5,293.0
train_ind,Nitrate-N,5,250.0
test_rsq,Nitrate-N,5,0.9314230229924632
train_rsq,Nitrate-N,5,0.9780858779519936
test_rmse,Nitrate-N,5,0.24035151435450852
train_rmse,Nitrate-N,5,0.13974902366309286
test_mape,Nitrate-N,5,275.0447505798992
train_mape,Nitrate-N,5,124.20797852950025
n_comp,Nitrate-N,5,12.0
y_hat_test,Nitrate-N,6,0.21267966320590614
y_hat_test,Nitrate-N,6,0.25948998036824494
y_hat_test,Nitrate-N,6,0.3416512046384773
y_hat_test,Nitrate-N,6,0.07141115377172869
y_hat_test,Nitrate-N,6,0.21684761124944008
y_hat_test,Nitrate-N,6,-0.020920374811332465
y_hat_test,Nitrate-N,6,0.17836136562652338
y_hat_test,Nitrate-N,6,0.013593504519728739
y_hat_test,Nitrate-N,6,0.3671928411838153
y_hat_test,Nitrate-N,6,3.649634514047864
y_hat_test,Nitrate-N,6,0.18607160242166926
y_hat_test,Nitrate-N,6,0.09808892178475015
y_hat_test,Nitrate-N,6,2.4107811132530683
y_hat_test,Nitrate-N,6,0.13419011467095515
y_hat_test,Nitrate-N,6,3.16948085846984
y_hat_test,Nitrate-N,6,2.8796578226438863
y_hat_test,Nitrate-N,6,0.22801350267295223
y_hat_test,Nitrate-N,6,0.3202550505072098
y_hat_test,Nitrate-N,6,0.25737414826347094
y_hat_test,Nitrate-N,6,0.24024326859815315
y_hat_test,Nitrate-N,6,0.4514532662411892
y_hat_test,Nitrate-N,6,0.4063478643822075
y_hat_test,Nitrate-N,6,0.21063897059417042
y_hat_test,Nitrate-N,6,0.4881901825132514
y_hat_test,Nitrate-N,6,0.49211554416936504
y_hat_test,Nitrate-N,6,0.062965918366084
y_hat_test,Nitrate-N,6,0.4053635106988795
y_hat_test,Nitrate-N,6,0.6018891997088134
y_hat_test,Nitrate-N,6,0.45357062632772494
y_hat_test,Nitrate-N,6,0.04529642593220273
y_hat_test,Nitrate-N,6,0.24178649082332176
y_hat_test,Nitrate-N,6,0.3654617788293829
y_hat_test,Nitrate-N,6,0.29657233502725194
y_hat_test,Nitrate-N,6,-0.026773112476249805
y_hat_test,Nitrate-N,6,0.22089984670784663
y_hat_test,Nitrate-N,6,0.1621265158059254
y_hat_test,Nitrate-N,6,-0.2320728426470201
y_hat_test,Nitrate-N,6,0.08677250567300054
y_hat_test,Nitrate-N,6,0.4454236112571106
y_hat_test,Nitrate-N,6,0.2519908076969649
y_hat_test,Nitrate-N,6,0.29594682714382886
y_hat_test,Nitrate-N,6,-0.006430813861700746
y_hat_test,Nitrate-N,6,-0.18420115771920698
y_hat_test,Nitrate-N,6,0.4072766252577299
y_hat_test,Nitrate-N,6,0.05503201026034954
y_hat_test,Nitrate-N,6,0.19270035556204168
y_hat_test,Nitrate-N,6,0.16546865865749194
y_hat_test,Nitrate-N,6,0.1056040943464649
y_hat_test,Nitrate-N,6,0.201226242380233
y_hat_test,Nitrate-N,6,0.1955380614060256
y_hat_test,Nitrate-N,6,0.02082277008093969
y_hat_test,Nitrate-N,6,-0.044702356419470735
y_hat_train,Nitrate-N,6,0.25992352109910416
y_hat_train,Nitrate-N,6,0.24908767360788941
y_hat_train,Nitrate-N,6,0.2828843020272241
y_hat_train,Nitrate-N,6,0.12755218875184993
y_hat_train,Nitrate-N,6,-0.04920796224069823
y_hat_train,Nitrate-N,6,-0.03789072375839353
y_hat_train,Nitrate-N,6,0.29148216753211464
y_hat_train,Nitrate-N,6,3.8993624447217687
y_hat_train,Nitrate-N,6,-0.1259088152135921
y_hat_train,Nitrate-N,6,0.2182667166427194
y_hat_train,Nitrate-N,6,0.1832353455998048
y_hat_train,Nitrate-N,6,0.50063193381617
y_hat_train,Nitrate-N,6,0.18469464771501842
y_hat_train,Nitrate-N,6,0.23836884388472684
y_hat_train,Nitrate-N,6,0.17596142565024464
y_hat_train,Nitrate-N,6,0.12811512479043746
y_hat_train,Nitrate-N,6,0.324073683955308
y_hat_train,Nitrate-N,6,0.31674039033143864
y_hat_train,Nitrate-N,6,0.2612385037561493
y_hat_train,Nitrate-N,6,3.263664408030229
y_hat_train,Nitrate-N,6,0.05926475868771219
y_hat_train,Nitrate-N,6,0.5390435929390212
y_hat_train,Nitrate-N,6,0.3746175983846761
y_hat_train,Nitrate-N,6,0.45899604664041915
y_hat_train,Nitrate-N,6,2.3840495377968516
y_hat_train,Nitrate-N,6,0.12786763316445038
y_hat_train,Nitrate-N,6,0.2628731996764557
y_hat_train,Nitrate-N,6,3.1389235130580437
y_hat_train,Nitrate-N,6,0.10279397451009142
y_hat_train,Nitrate-N,6,0.5483282214504797
y_hat_train,Nitrate-N,6,0.7752428809167833
y_hat_train,Nitrate-N,6,0.1700468181154271
y_hat_train,Nitrate-N,6,0.5134188050146943
y_hat_train,Nitrate-N,6,0.06859027544350482
y_hat_train,Nitrate-N,6,0.13098388442117115
y_hat_train,Nitrate-N,6,0.4456414775919933
y_hat_train,Nitrate-N,6,0.4701902525858428
y_hat_train,Nitrate-N,6,0.319165298081389
y_hat_train,Nitrate-N,6,0.13696018077741057
y_hat_train,Nitrate-N,6,0.25306471676185155
y_hat_train,Nitrate-N,6,0.2314965199682314
y_hat_train,Nitrate-N,6,0.20217080072482008
y_hat_train,Nitrate-N,6,0.5961626484664228
y_hat_train,Nitrate-N,6,0.2038415616359272
y_hat_train,Nitrate-N,6,0.42917735526382483
y_hat_train,Nitrate-N,6,2.611752270517915
y_hat_train,Nitrate-N,6,1.5204949846872595
y_hat_train,Nitrate-N,6,0.2272161048632506
y_hat_train,Nitrate-N,6,-0.000860889832782874
y_hat_train,Nitrate-N,6,0.34225930700233526
y_hat_train,Nitrate-N,6,0.020161348559854853
y_hat_train,Nitrate-N,6,0.04553687014670749
y_hat_train,Nitrate-N,6,0.26658498675815
y_hat_train,Nitrate-N,6,0.3221966363022406
y_hat_train,Nitrate-N,6,0.18530709736736256
y_hat_train,Nitrate-N,6,0.3506182276714674
y_hat_train,Nitrate-N,6,0.16940670868713997
y_hat_train,Nitrate-N,6,0.28713300610993564
y_hat_train,Nitrate-N,6,0.15922925082253242
y_hat_train,Nitrate-N,6,3.363755382186159
y_hat_train,Nitrate-N,6,0.16579221020188362
y_hat_train,Nitrate-N,6,0.4986317668368594
y_hat_train,Nitrate-N,6,0.5039176793412904
y_hat_train,Nitrate-N,6,0.1340772844346892
y_hat_train,Nitrate-N,6,0.08840208751856715
y_hat_train,Nitrate-N,6,0.22879488769190187
y_hat_train,Nitrate-N,6,0.3223109199034329
y_hat_train,Nitrate-N,6,0.15768922557894693
y_hat_train,Nitrate-N,6,-0.030713531224712987
y_hat_train,Nitrate-N,6,0.25207210804791963
y_hat_train,Nitrate-N,6,0.1773640955120364
y_hat_train,Nitrate-N,6,0.2469912937340351
y_hat_train,Nitrate-N,6,-0.1585533432066265
y_hat_train,Nitrate-N,6,0.17356756889990088
y_hat_train,Nitrate-N,6,0.16461929861596925
y_hat_train,Nitrate-N,6,-0.039101184270642575
y_hat_train,Nitrate-N,6,2.3590377416358255
y_hat_train,Nitrate-N,6,0.2211511938338162
y_hat_train,Nitrate-N,6,1.3041799189305427
y_hat_train,Nitrate-N,6,0.3679480221111174
y_hat_train,Nitrate-N,6,0.11406757092407743
y_hat_train,Nitrate-N,6,-0.011475697124333273
y_hat_train,Nitrate-N,6,4.941896871232085
y_hat_train,Nitrate-N,6,2.6822209158026826
y_hat_train,Nitrate-N,6,0.21268294686818995
y_hat_train,Nitrate-N,6,0.2584939635940978
y_hat_train,Nitrate-N,6,0.1312705979323166
y_hat_train,Nitrate-N,6,0.22189232223552158
y_hat_train,Nitrate-N,6,0.2781429108444535
y_hat_train,Nitrate-N,6,0.212379511799277
y_hat_train,Nitrate-N,6,0.19434497784188198
y_hat_train,Nitrate-N,6,0.1720323103667578
y_hat_train,Nitrate-N,6,0.24793681824432662
y_hat_train,Nitrate-N,6,0.10818921258523329
y_hat_train,Nitrate-N,6,1.6271448897694036
y_hat_train,Nitrate-N,6,2.2129787382721497
y_hat_train,Nitrate-N,6,0.027140371369314686
y_hat_train,Nitrate-N,6,1.074032843995652
y_hat_train,Nitrate-N,6,3.464028876719717
y_hat_train,Nitrate-N,6,0.057544275303232806
y_hat_train,Nitrate-N,6,0.15645915235202335
y_hat_train,Nitrate-N,6,0.15097031394790117
y_hat_train,Nitrate-N,6,-0.21529411658993736
y_hat_train,Nitrate-N,6,3.1995483122679924
y_hat_train,Nitrate-N,6,0.24233068571043226
y_hat_train,Nitrate-N,6,-0.0005548212488347692
y_hat_train,Nitrate-N,6,0.16857229328688805
y_hat_train,Nitrate-N,6,-0.12289053913165493
y_hat_train,Nitrate-N,6,0.10364873039762057
y_hat_train,Nitrate-N,6,2.510237208508262
y_hat_train,Nitrate-N,6,3.4650095240152985
y_hat_train,Nitrate-N,6,0.26107996661137245
y_hat_train,Nitrate-N,6,1.7771835365733615
y_hat_train,Nitrate-N,6,0.22780768723103706
y_hat_train,Nitrate-N,6,0.1536571243159836
y_hat_train,Nitrate-N,6,-0.06950002602794725
y_hat_train,Nitrate-N,6,2.005386008249552
y_hat_train,Nitrate-N,6,0.15405624751634955
y_hat_train,Nitrate-N,6,0.12981299229874904
y_hat_train,Nitrate-N,6,0.17301176038621008
y_true_train,Nitrate-N,6,0.325615728
y_true_train,Nitrate-N,6,0.244666667
y_true_train,Nitrate-N,6,0.090666667
y_true_train,Nitrate-N,6,0.061333333
y_true_train,Nitrate-N,6,0.052136398
y_true_train,Nitrate-N,6,0.150333333
y_true_train,Nitrate-N,6,0.157333333
y_true_train,Nitrate-N,6,4.182333333
y_true_train,Nitrate-N,6,0.028666667
y_true_train,Nitrate-N,6,0.323333333
y_true_train,Nitrate-N,6,0.108333333
y_true_train,Nitrate-N,6,0.630666667
y_true_train,Nitrate-N,6,0.387333333
y_true_train,Nitrate-N,6,0.002333333
y_true_train,Nitrate-N,6,0.215666667
y_true_train,Nitrate-N,6,0.040627835
y_true_train,Nitrate-N,6,0.178
y_true_train,Nitrate-N,6,0.290190215
y_true_train,Nitrate-N,6,0.131905178
y_true_train,Nitrate-N,6,3.665666667
y_true_train,Nitrate-N,6,0.012333333
y_true_train,Nitrate-N,6,0.564666667
y_true_train,Nitrate-N,6,0.275
y_true_train,Nitrate-N,6,0.318333333
y_true_train,Nitrate-N,6,2.243
y_true_train,Nitrate-N,6,0.141333333
y_true_train,Nitrate-N,6,0.011
y_true_train,Nitrate-N,6,3.177604111
y_true_train,Nitrate-N,6,0.103
y_true_train,Nitrate-N,6,0.647288174
y_true_train,Nitrate-N,6,0.789
y_true_train,Nitrate-N,6,0.188333333
y_true_train,Nitrate-N,6,0.632
y_true_train,Nitrate-N,6,0.16
y_true_train,Nitrate-N,6,0.04
y_true_train,Nitrate-N,6,0.361666667
y_true_train,Nitrate-N,6,0.557
y_true_train,Nitrate-N,6,0.322666667
y_true_train,Nitrate-N,6,0.265
y_true_train,Nitrate-N,6,0.248333333
y_true_train,Nitrate-N,6,0.044666667
y_true_train,Nitrate-N,6,0.088
y_true_train,Nitrate-N,6,0.468666667
y_true_train,Nitrate-N,6,0.249333333
y_true_train,Nitrate-N,6,0.294984357
y_true_train,Nitrate-N,6,2.611691805
y_true_train,Nitrate-N,6,1.549666667
y_true_train,Nitrate-N,6,0.235
y_true_train,Nitrate-N,6,0.080333333
y_true_train,Nitrate-N,6,0.41
y_true_train,Nitrate-N,6,0.215
y_true_train,Nitrate-N,6,0.011
y_true_train,Nitrate-N,6,0.192666667
y_true_train,Nitrate-N,6,0.471333333
y_true_train,Nitrate-N,6,0.05942377
y_true_train,Nitrate-N,6,0.336795488
y_true_train,Nitrate-N,6,0.141
y_true_train,Nitrate-N,6,0.368333333
y_true_train,Nitrate-N,6,0.091
y_true_train,Nitrate-N,6,3.455
y_true_train,Nitrate-N,6,0.037253617
y_true_train,Nitrate-N,6,0.439971979
y_true_train,Nitrate-N,6,0.283666667
y_true_train,Nitrate-N,6,0.012333333
y_true_train,Nitrate-N,6,0.129333333
y_true_train,Nitrate-N,6,0.152333333
y_true_train,Nitrate-N,6,0.046914199
y_true_train,Nitrate-N,6,0.146508959
y_true_train,Nitrate-N,6,0.197
y_true_train,Nitrate-N,6,0.172333333
y_true_train,Nitrate-N,6,0.162743322
y_true_train,Nitrate-N,6,0.137333333
y_true_train,Nitrate-N,6,0.012333333
y_true_train,Nitrate-N,6,0.108333333
y_true_train,Nitrate-N,6,0.131
y_true_train,Nitrate-N,6,0.011333333
y_true_train,Nitrate-N,6,2.28
y_true_train,Nitrate-N,6,0.113333333
y_true_train,Nitrate-N,6,1.501333333
y_true_train,Nitrate-N,6,0.558333333
y_true_train,Nitrate-N,6,0.273394835
y_true_train,Nitrate-N,6,0.014086754
y_true_train,Nitrate-N,6,5.165333333
y_true_train,Nitrate-N,6,2.539583346
y_true_train,Nitrate-N,6,0.155666667
y_true_train,Nitrate-N,6,0.077
y_true_train,Nitrate-N,6,0.101
y_true_train,Nitrate-N,6,0.351510981
y_true_train,Nitrate-N,6,0.13339733
y_true_train,Nitrate-N,6,0.264333333
y_true_train,Nitrate-N,6,0.192666667
y_true_train,Nitrate-N,6,0.206816238
y_true_train,Nitrate-N,6,0.198179175
y_true_train,Nitrate-N,6,0.08225616
y_true_train,Nitrate-N,6,1.687
y_true_train,Nitrate-N,6,2.438333333
y_true_train,Nitrate-N,6,0.219
y_true_train,Nitrate-N,6,1.146333333
y_true_train,Nitrate-N,6,2.810666667
y_true_train,Nitrate-N,6,0.128214103
y_true_train,Nitrate-N,6,0.171333333
y_true_train,Nitrate-N,6,0.166666667
y_true_train,Nitrate-N,6,0.029
y_true_train,Nitrate-N,6,3.105
y_true_train,Nitrate-N,6,0.196
y_true_train,Nitrate-N,6,0.002666667
y_true_train,Nitrate-N,6,0.113333333
y_true_train,Nitrate-N,6,0.075333333
y_true_train,Nitrate-N,6,0.182
y_true_train,Nitrate-N,6,2.524276858
y_true_train,Nitrate-N,6,3.455
y_true_train,Nitrate-N,6,0.326333333
y_true_train,Nitrate-N,6,1.42
y_true_train,Nitrate-N,6,0.361757248
y_true_train,Nitrate-N,6,0.205742231
y_true_train,Nitrate-N,6,0.038
y_true_train,Nitrate-N,6,1.965431456
y_true_train,Nitrate-N,6,0.142333333
y_true_train,Nitrate-N,6,0.110666667
y_true_train,Nitrate-N,6,0.233666667
y_true_test,Nitrate-N,6,0.023
y_true_test,Nitrate-N,6,0.17
y_true_test,Nitrate-N,6,0.272591332
y_true_test,Nitrate-N,6,0.116666667
y_true_test,Nitrate-N,6,0.128214103
y_true_test,Nitrate-N,6,0.148140528
y_true_test,Nitrate-N,6,0.044666667
y_true_test,Nitrate-N,6,0.084
y_true_test,Nitrate-N,6,0.272591332
y_true_test,Nitrate-N,6,2.861333333
y_true_test,Nitrate-N,6,0.337
y_true_test,Nitrate-N,6,0.605
y_true_test,Nitrate-N,6,2.300666667
y_true_test,Nitrate-N,6,0.054
y_true_test,Nitrate-N,6,3.498
y_true_test,Nitrate-N,6,2.544333333
y_true_test,Nitrate-N,6,0.077
y_true_test,Nitrate-N,6,0.284944721
y_true_test,Nitrate-N,6,0.054
y_true_test,Nitrate-N,6,0.273
y_true_test,Nitrate-N,6,0.110666667
y_true_test,Nitrate-N,6,0.287666667
y_true_test,Nitrate-N,6,0.17
y_true_test,Nitrate-N,6,0.217333333
y_true_test,Nitrate-N,6,0.206
y_true_test,Nitrate-N,6,0.242114912
y_true_test,Nitrate-N,6,0.160333333
y_true_test,Nitrate-N,6,0.636679275
y_true_test,Nitrate-N,6,0.023333333
y_true_test,Nitrate-N,6,0.122666667
y_true_test,Nitrate-N,6,0.167666667
y_true_test,Nitrate-N,6,0.138666667
y_true_test,Nitrate-N,6,0.104333333
y_true_test,Nitrate-N,6,0.216533333
y_true_test,Nitrate-N,6,0.011
y_true_test,Nitrate-N,6,0.401233963
y_true_test,Nitrate-N,6,0.08
y_true_test,Nitrate-N,6,0.153138762
y_true_test,Nitrate-N,6,0.128
y_true_test,Nitrate-N,6,0.006474193
y_true_test,Nitrate-N,6,0.237415705
y_true_test,Nitrate-N,6,0.148140528
y_true_test,Nitrate-N,6,0.014333333
y_true_test,Nitrate-N,6,0.994
y_true_test,Nitrate-N,6,0.227333333
y_true_test,Nitrate-N,6,0.203
y_true_test,Nitrate-N,6,0.046666667
y_true_test,Nitrate-N,6,0.153138762
y_true_test,Nitrate-N,6,0.140333333
y_true_test,Nitrate-N,6,0.132333333
y_true_test,Nitrate-N,6,0.029
y_true_test,Nitrate-N,6,0.013
test_ind,Nitrate-N,6,247.0
test_ind,Nitrate-N,6,339.0
test_ind,Nitrate-N,6,175.0
test_ind,Nitrate-N,6,238.0
test_ind,Nitrate-N,6,220.0
test_ind,Nitrate-N,6,78.0
test_ind,Nitrate-N,6,349.0
test_ind,Nitrate-N,6,14.0
test_ind,Nitrate-N,6,174.0
test_ind,Nitrate-N,6,232.0
test_ind,Nitrate-N,6,260.0
test_ind,Nitrate-N,6,9.0
test_ind,Nitrate-N,6,41.0
test_ind,Nitrate-N,6,390.0
test_ind,Nitrate-N,6,6.0
test_ind,Nitrate-N,6,249.0
test_ind,Nitrate-N,6,121.0
test_ind,Nitrate-N,6,124.0
test_ind,Nitrate-N,6,342.0
test_ind,Nitrate-N,6,233.0
test_ind,Nitrate-N,6,338.0
test_ind,Nitrate-N,6,2.0
test_ind,Nitrate-N,6,237.0
test_ind,Nitrate-N,6,65.0
test_ind,Nitrate-N,6,366.0
test_ind,Nitrate-N,6,231.0
test_ind,Nitrate-N,6,258.0
test_ind,Nitrate-N,6,144.0
test_ind,Nitrate-N,6,370.0
test_ind,Nitrate-N,6,312.0
test_ind,Nitrate-N,6,12.0
test_ind,Nitrate-N,6,346.0
test_ind,Nitrate-N,6,347.0
test_ind,Nitrate-N,6,165.0
test_ind,Nitrate-N,6,142.0
test_ind,Nitrate-N,6,123.0
test_ind,Nitrate-N,6,329.0
test_ind,Nitrate-N,6,126.0
test_ind,Nitrate-N,6,300.0
test_ind,Nitrate-N,6,213.0
test_ind,Nitrate-N,6,217.0
test_ind,Nitrate-N,6,77.0
test_ind,Nitrate-N,6,59.0
test_ind,Nitrate-N,6,281.0
test_ind,Nitrate-N,6,358.0
test_ind,Nitrate-N,6,51.0
test_ind,Nitrate-N,6,248.0
test_ind,Nitrate-N,6,125.0
test_ind,Nitrate-N,6,69.0
test_ind,Nitrate-N,6,39.0
test_ind,Nitrate-N,6,270.0
test_ind,Nitrate-N,6,292.0
train_ind,Nitrate-N,6,102.0
train_ind,Nitrate-N,6,27.0
train_ind,Nitrate-N,6,252.0
train_ind,Nitrate-N,6,36.0
train_ind,Nitrate-N,6,79.0
train_ind,Nitrate-N,6,28.0
train_ind,Nitrate-N,6,250.0
train_ind,Nitrate-N,6,365.0
train_ind,Nitrate-N,6,243.0
train_ind,Nitrate-N,6,391.0
train_ind,Nitrate-N,6,216.0
train_ind,Nitrate-N,6,236.0
train_ind,Nitrate-N,6,291.0
train_ind,Nitrate-N,6,38.0
train_ind,Nitrate-N,6,262.0
train_ind,Nitrate-N,6,99.0
train_ind,Nitrate-N,6,244.0
train_ind,Nitrate-N,6,103.0
train_ind,Nitrate-N,6,136.0
train_ind,Nitrate-N,6,353.0
train_ind,Nitrate-N,6,74.0
train_ind,Nitrate-N,6,269.0
train_ind,Nitrate-N,6,332.0
train_ind,Nitrate-N,6,341.0
train_ind,Nitrate-N,6,265.0
train_ind,Nitrate-N,6,42.0
train_ind,Nitrate-N,6,141.0
train_ind,Nitrate-N,6,188.0
train_ind,Nitrate-N,6,326.0
train_ind,Nitrate-N,6,143.0
train_ind,Nitrate-N,6,298.0
train_ind,Nitrate-N,6,287.0
train_ind,Nitrate-N,6,392.0
train_ind,Nitrate-N,6,8.0
train_ind,Nitrate-N,6,302.0
train_ind,Nitrate-N,6,29.0
train_ind,Nitrate-N,6,64.0
train_ind,Nitrate-N,6,373.0
train_ind,Nitrate-N,6,279.0
train_ind,Nitrate-N,6,299.0
train_ind,Nitrate-N,6,385.0
train_ind,Nitrate-N,6,345.0
train_ind,Nitrate-N,6,361.0
train_ind,Nitrate-N,6,319.0
train_ind,Nitrate-N,6,167.0
train_ind,Nitrate-N,6,187.0
train_ind,Nitrate-N,6,378.0
train_ind,Nitrate-N,6,398.0
train_ind,Nitrate-N,6,293.0
train_ind,Nitrate-N,6,324.0
train_ind,Nitrate-N,6,17.0
train_ind,Nitrate-N,6,306.0
train_ind,Nitrate-N,6,351.0
train_ind,Nitrate-N,6,48.0
train_ind,Nitrate-N,6,104.0
train_ind,Nitrate-N,6,172.0
train_ind,Nitrate-N,6,359.0
train_ind,Nitrate-N,6,280.0
train_ind,Nitrate-N,6,372.0
train_ind,Nitrate-N,6,191.0
train_ind,Nitrate-N,6,72.0
train_ind,Nitrate-N,6,138.0
train_ind,Nitrate-N,6,381.0
train_ind,Nitrate-N,6,76.0
train_ind,Nitrate-N,6,15.0
train_ind,Nitrate-N,6,315.0
train_ind,Nitrate-N,6,95.0
train_ind,Nitrate-N,6,119.0
train_ind,Nitrate-N,6,52.0
train_ind,Nitrate-N,6,266.0
train_ind,Nitrate-N,6,94.0
train_ind,Nitrate-N,6,49.0
train_ind,Nitrate-N,6,75.0
train_ind,Nitrate-N,6,215.0
train_ind,Nitrate-N,6,382.0
train_ind,Nitrate-N,6,23.0
train_ind,Nitrate-N,6,343.0
train_ind,Nitrate-N,6,170.0
train_ind,Nitrate-N,6,20.0
train_ind,Nitrate-N,6,344.0
train_ind,Nitrate-N,6,173.0
train_ind,Nitrate-N,6,80.0
train_ind,Nitrate-N,6,295.0
train_ind,Nitrate-N,6,193.0
train_ind,Nitrate-N,6,374.0
train_ind,Nitrate-N,6,122.0
train_ind,Nitrate-N,6,362.0
train_ind,Nitrate-N,6,139.0
train_ind,Nitrate-N,6,98.0
train_ind,Nitrate-N,6,61.0
train_ind,Nitrate-N,6,304.0
train_ind,Nitrate-N,6,218.0
train_ind,Nitrate-N,6,164.0
train_ind,Nitrate-N,6,168.0
train_ind,Nitrate-N,6,311.0
train_ind,Nitrate-N,6,389.0
train_ind,Nitrate-N,6,386.0
train_ind,Nitrate-N,6,320.0
train_ind,Nitrate-N,6,284.0
train_ind,Nitrate-N,6,219.0
train_ind,Nitrate-N,6,34.0
train_ind,Nitrate-N,6,305.0
train_ind,Nitrate-N,6,323.0
train_ind,Nitrate-N,6,67.0
train_ind,Nitrate-N,6,318.0
train_ind,Nitrate-N,6,16.0
train_ind,Nitrate-N,6,171.0
train_ind,Nitrate-N,6,278.0
train_ind,Nitrate-N,6,57.0
train_ind,Nitrate-N,6,192.0
train_ind,Nitrate-N,6,190.0
train_ind,Nitrate-N,6,3.0
train_ind,Nitrate-N,6,55.0
train_ind,Nitrate-N,6,145.0
train_ind,Nitrate-N,6,212.0
train_ind,Nitrate-N,6,395.0
train_ind,Nitrate-N,6,194.0
train_ind,Nitrate-N,6,274.0
train_ind,Nitrate-N,6,268.0
train_ind,Nitrate-N,6,333.0
test_rsq,Nitrate-N,6,0.895497560364288
train_rsq,Nitrate-N,6,0.9810381508163694
test_rmse,Nitrate-N,6,0.2354418889834828
train_rmse,Nitrate-N,6,0.13863140676824592
test_mape,Nitrate-N,6,282.61842863177804
train_mape,Nitrate-N,6,199.82168143310872
n_comp,Nitrate-N,6,12.0
y_hat_test,Nitrate-N,7,-0.27414532062196584
y_hat_test,Nitrate-N,7,0.07524344103418235
y_hat_test,Nitrate-N,7,0.1292419602529492
y_hat_test,Nitrate-N,7,0.178178326279486
y_hat_test,Nitrate-N,7,0.140002584488784
y_hat_test,Nitrate-N,7,0.28442274494983844
y_hat_test,Nitrate-N,7,0.35749701206385975
y_hat_test,Nitrate-N,7,0.0015730420606301365
y_hat_test,Nitrate-N,7,0.029701188420412028
y_hat_test,Nitrate-N,7,0.41412627989066464
y_hat_test,Nitrate-N,7,0.2560568642659567
y_hat_test,Nitrate-N,7,1.8354154320020788
y_hat_test,Nitrate-N,7,0.6126910272098269
y_hat_test,Nitrate-N,7,0.17284431295985858
y_hat_test,Nitrate-N,7,0.15316020534784092
y_hat_test,Nitrate-N,7,0.10262211427490076
y_hat_test,Nitrate-N,7,0.4295052244978436
y_hat_test,Nitrate-N,7,0.02159065706686436
y_hat_test,Nitrate-N,7,0.2533478814253599
y_hat_test,Nitrate-N,7,0.12698740039768797
y_hat_test,Nitrate-N,7,0.6615265413715976
y_hat_test,Nitrate-N,7,0.09871937928618024
y_hat_test,Nitrate-N,7,-0.04931575578034242
y_hat_test,Nitrate-N,7,0.21548961401712596
y_hat_test,Nitrate-N,7,-0.2632815555349446
y_hat_test,Nitrate-N,7,0.1553829084255295
y_hat_test,Nitrate-N,7,0.31198045516553724
y_hat_test,Nitrate-N,7,0.2184606959840567
y_hat_test,Nitrate-N,7,-0.13486988964299318
y_hat_test,Nitrate-N,7,0.2507646527052523
y_hat_test,Nitrate-N,7,0.3670753416538448
y_hat_test,Nitrate-N,7,4.330271209692512
y_hat_test,Nitrate-N,7,0.1396709523539193
y_hat_test,Nitrate-N,7,0.13958727833712226
y_hat_test,Nitrate-N,7,0.6838826707435219
y_hat_test,Nitrate-N,7,0.42964235865466754
y_hat_test,Nitrate-N,7,0.06771532292467708
y_hat_test,Nitrate-N,7,2.423130290814287
y_hat_test,Nitrate-N,7,-0.0417994405534331
y_hat_test,Nitrate-N,7,0.13457523161704427
y_hat_test,Nitrate-N,7,0.20408370276267762
y_hat_test,Nitrate-N,7,0.4136843359508209
y_hat_test,Nitrate-N,7,0.14889617479449163
y_hat_test,Nitrate-N,7,0.2053675998137356
y_hat_test,Nitrate-N,7,0.19075753557027375
y_hat_test,Nitrate-N,7,0.050416495434827624
y_hat_test,Nitrate-N,7,0.318679768768223
y_hat_test,Nitrate-N,7,0.23904454037628797
y_hat_test,Nitrate-N,7,-0.21355717326137702
y_hat_test,Nitrate-N,7,0.15605167954244903
y_hat_test,Nitrate-N,7,0.16737757884169163
y_hat_test,Nitrate-N,7,0.11457776385541141
y_hat_train,Nitrate-N,7,0.10286581605012979
y_hat_train,Nitrate-N,7,2.595211930690918
y_hat_train,Nitrate-N,7,0.07267341081254708
y_hat_train,Nitrate-N,7,3.2574305813665836
y_hat_train,Nitrate-N,7,0.44302052123786734
y_hat_train,Nitrate-N,7,1.459909924388654
y_hat_train,Nitrate-N,7,0.4116988444167885
y_hat_train,Nitrate-N,7,-0.10914518777864646
y_hat_train,Nitrate-N,7,0.5351177629222966
y_hat_train,Nitrate-N,7,0.24722186079595632
y_hat_train,Nitrate-N,7,0.22785229096031756
y_hat_train,Nitrate-N,7,0.1921653100814359
y_hat_train,Nitrate-N,7,0.2447977965487671
y_hat_train,Nitrate-N,7,0.2126939986095297
y_hat_train,Nitrate-N,7,0.15610577385890184
y_hat_train,Nitrate-N,7,2.6545056686139326
y_hat_train,Nitrate-N,7,0.24110516831309975
y_hat_train,Nitrate-N,7,0.1491977113866847
y_hat_train,Nitrate-N,7,3.3755137112988196
y_hat_train,Nitrate-N,7,0.2299393395416901
y_hat_train,Nitrate-N,7,0.669332707571356
y_hat_train,Nitrate-N,7,0.10539923352390435
y_hat_train,Nitrate-N,7,0.0650270460488086
y_hat_train,Nitrate-N,7,0.10538937489339595
y_hat_train,Nitrate-N,7,2.228802456666648
y_hat_train,Nitrate-N,7,0.028973987371163967
y_hat_train,Nitrate-N,7,3.0812493361681392
y_hat_train,Nitrate-N,7,0.18921903908816595
y_hat_train,Nitrate-N,7,0.2198111391522416
y_hat_train,Nitrate-N,7,0.556574756935334
y_hat_train,Nitrate-N,7,0.13593154583743522
y_hat_train,Nitrate-N,7,0.03488987600896509
y_hat_train,Nitrate-N,7,0.3494460808314173
y_hat_train,Nitrate-N,7,2.389630861498404
y_hat_train,Nitrate-N,7,0.08847394874225378
y_hat_train,Nitrate-N,7,0.14629254768586858
y_hat_train,Nitrate-N,7,0.39136280708901994
y_hat_train,Nitrate-N,7,0.26730107935465885
y_hat_train,Nitrate-N,7,0.2514251508867731
y_hat_train,Nitrate-N,7,0.25799276345881217
y_hat_train,Nitrate-N,7,1.0483762150201645
y_hat_train,Nitrate-N,7,0.06148162757306386
y_hat_train,Nitrate-N,7,0.17612942851849128
y_hat_train,Nitrate-N,7,0.148764992299791
y_hat_train,Nitrate-N,7,0.15107850909906478
y_hat_train,Nitrate-N,7,0.3899436122616886
y_hat_train,Nitrate-N,7,0.5985750375726109
y_hat_train,Nitrate-N,7,3.3500788411676314
y_hat_train,Nitrate-N,7,0.0983654990908851
y_hat_train,Nitrate-N,7,0.21917376764803664
y_hat_train,Nitrate-N,7,0.28100409760723033
y_hat_train,Nitrate-N,7,0.013711245358194124
y_hat_train,Nitrate-N,7,0.0258641782270419
y_hat_train,Nitrate-N,7,0.15607064277728788
y_hat_train,Nitrate-N,7,3.960955449030452
y_hat_train,Nitrate-N,7,0.11128786164475202
y_hat_train,Nitrate-N,7,0.2798292468915128
y_hat_train,Nitrate-N,7,0.21973826344303377
y_hat_train,Nitrate-N,7,0.10949632421235977
y_hat_train,Nitrate-N,7,0.11332297566994953
y_hat_train,Nitrate-N,7,3.3712233417406696
y_hat_train,Nitrate-N,7,3.080896203913601
y_hat_train,Nitrate-N,7,-0.035041734158063775
y_hat_train,Nitrate-N,7,2.2897708074807004
y_hat_train,Nitrate-N,7,2.624032734775021
y_hat_train,Nitrate-N,7,0.2777481675161371
y_hat_train,Nitrate-N,7,0.012167736017887676
y_hat_train,Nitrate-N,7,0.42269858484014633
y_hat_train,Nitrate-N,7,0.039754426257478714
y_hat_train,Nitrate-N,7,0.2123004688948551
y_hat_train,Nitrate-N,7,0.407370845120475
y_hat_train,Nitrate-N,7,-0.007889235118185955
y_hat_train,Nitrate-N,7,0.10816203520360479
y_hat_train,Nitrate-N,7,0.023976538091184718
y_hat_train,Nitrate-N,7,0.4641535883982643
y_hat_train,Nitrate-N,7,0.07873448717246423
y_hat_train,Nitrate-N,7,0.06609985931962581
y_hat_train,Nitrate-N,7,0.05732631036583358
y_hat_train,Nitrate-N,7,0.13622344352820198
y_hat_train,Nitrate-N,7,0.6294808196680312
y_hat_train,Nitrate-N,7,-0.1255627659868389
y_hat_train,Nitrate-N,7,1.301992115108189
y_hat_train,Nitrate-N,7,0.19899441349971814
y_hat_train,Nitrate-N,7,0.40124215200443664
y_hat_train,Nitrate-N,7,0.2385977276255537
y_hat_train,Nitrate-N,7,0.044990372893346176
y_hat_train,Nitrate-N,7,0.010433325007732086
y_hat_train,Nitrate-N,7,0.35204278282858015
y_hat_train,Nitrate-N,7,0.2215790883658469
y_hat_train,Nitrate-N,7,0.02693745382758883
y_hat_train,Nitrate-N,7,0.10175253324302314
y_hat_train,Nitrate-N,7,0.2742632708855117
y_hat_train,Nitrate-N,7,0.42164748696701293
y_hat_train,Nitrate-N,7,0.17800741348987287
y_hat_train,Nitrate-N,7,0.322870951756036
y_hat_train,Nitrate-N,7,-0.008899372139930972
y_hat_train,Nitrate-N,7,0.19457111045553488
y_hat_train,Nitrate-N,7,0.5310862499898641
y_hat_train,Nitrate-N,7,0.45151233476252955
y_hat_train,Nitrate-N,7,0.07956598937678672
y_hat_train,Nitrate-N,7,2.3604131367234387
y_hat_train,Nitrate-N,7,0.04991275195401523
y_hat_train,Nitrate-N,7,0.22537892264913706
y_hat_train,Nitrate-N,7,3.465421591484578
y_hat_train,Nitrate-N,7,0.21580889788261703
y_hat_train,Nitrate-N,7,0.1819157111075591
y_hat_train,Nitrate-N,7,1.6035535135098613
y_hat_train,Nitrate-N,7,0.20446143283836327
y_hat_train,Nitrate-N,7,0.025816895147743324
y_hat_train,Nitrate-N,7,0.13598614659213748
y_hat_train,Nitrate-N,7,-0.13870532133852453
y_hat_train,Nitrate-N,7,3.2981800127548575
y_hat_train,Nitrate-N,7,0.4067696256724659
y_hat_train,Nitrate-N,7,0.15895024675939629
y_hat_train,Nitrate-N,7,0.14245226465574068
y_hat_train,Nitrate-N,7,0.1482805180229937
y_hat_train,Nitrate-N,7,0.20705030962673576
y_hat_train,Nitrate-N,7,0.11604125091124062
y_hat_train,Nitrate-N,7,0.15395978386733145
y_hat_train,Nitrate-N,7,1.59582961214776
y_true_train,Nitrate-N,7,0.110666667
y_true_train,Nitrate-N,7,2.544333333
y_true_train,Nitrate-N,7,0.077
y_true_train,Nitrate-N,7,3.177604111
y_true_train,Nitrate-N,7,0.290190215
y_true_train,Nitrate-N,7,1.549666667
y_true_train,Nitrate-N,7,0.294984357
y_true_train,Nitrate-N,7,0.014086754
y_true_train,Nitrate-N,7,0.468666667
y_true_train,Nitrate-N,7,0.205742231
y_true_train,Nitrate-N,7,0.104333333
y_true_train,Nitrate-N,7,0.137333333
y_true_train,Nitrate-N,7,0.361757248
y_true_train,Nitrate-N,7,0.216533333
y_true_train,Nitrate-N,7,0.182
y_true_train,Nitrate-N,7,2.539583346
y_true_train,Nitrate-N,7,0.162743322
y_true_train,Nitrate-N,7,0.284944721
y_true_train,Nitrate-N,7,3.665666667
y_true_train,Nitrate-N,7,0.129333333
y_true_train,Nitrate-N,7,0.632
y_true_train,Nitrate-N,7,0.029
y_true_train,Nitrate-N,7,0.273394835
y_true_train,Nitrate-N,7,0.088
y_true_train,Nitrate-N,7,2.438333333
y_true_train,Nitrate-N,7,0.002666667
y_true_train,Nitrate-N,7,2.810666667
y_true_train,Nitrate-N,7,0.157333333
y_true_train,Nitrate-N,7,0.337
y_true_train,Nitrate-N,7,0.557
y_true_train,Nitrate-N,7,0.16
y_true_train,Nitrate-N,7,0.052136398
y_true_train,Nitrate-N,7,0.283666667
y_true_train,Nitrate-N,7,2.524276858
y_true_train,Nitrate-N,7,0.131
y_true_train,Nitrate-N,7,0.153138762
y_true_train,Nitrate-N,7,0.318333333
y_true_train,Nitrate-N,7,0.13339733
y_true_train,Nitrate-N,7,0.128
y_true_train,Nitrate-N,7,0.146508959
y_true_train,Nitrate-N,7,1.146333333
y_true_train,Nitrate-N,7,0.011
y_true_train,Nitrate-N,7,0.171333333
y_true_train,Nitrate-N,7,0.153138762
y_true_train,Nitrate-N,7,0.141333333
y_true_train,Nitrate-N,7,0.361666667
y_true_train,Nitrate-N,7,0.564666667
y_true_train,Nitrate-N,7,3.455
y_true_train,Nitrate-N,7,0.215
y_true_train,Nitrate-N,7,0.188333333
y_true_train,Nitrate-N,7,0.244666667
y_true_train,Nitrate-N,7,0.061333333
y_true_train,Nitrate-N,7,0.05942377
y_true_train,Nitrate-N,7,0.011
y_true_train,Nitrate-N,7,4.182333333
y_true_train,Nitrate-N,7,0.122666667
y_true_train,Nitrate-N,7,0.471333333
y_true_train,Nitrate-N,7,0.132333333
y_true_train,Nitrate-N,7,0.077
y_true_train,Nitrate-N,7,0.17
y_true_train,Nitrate-N,7,3.498
y_true_train,Nitrate-N,7,3.105
y_true_train,Nitrate-N,7,0.006474193
y_true_train,Nitrate-N,7,2.28
y_true_train,Nitrate-N,7,2.611691805
y_true_train,Nitrate-N,7,0.160333333
y_true_train,Nitrate-N,7,0.351510981
y_true_train,Nitrate-N,7,0.217333333
y_true_train,Nitrate-N,7,0.037253617
y_true_train,Nitrate-N,7,0.192666667
y_true_train,Nitrate-N,7,0.558333333
y_true_train,Nitrate-N,7,0.014333333
y_true_train,Nitrate-N,7,0.141
y_true_train,Nitrate-N,7,0.046666667
y_true_train,Nitrate-N,7,0.630666667
y_true_train,Nitrate-N,7,0.04
y_true_train,Nitrate-N,7,0.038
y_true_train,Nitrate-N,7,0.090666667
y_true_train,Nitrate-N,7,0.155666667
y_true_train,Nitrate-N,7,0.636679275
y_true_train,Nitrate-N,7,0.012333333
y_true_train,Nitrate-N,7,1.501333333
y_true_train,Nitrate-N,7,0.219
y_true_train,Nitrate-N,7,0.272591332
y_true_train,Nitrate-N,7,0.054
y_true_train,Nitrate-N,7,0.116666667
y_true_train,Nitrate-N,7,0.080333333
y_true_train,Nitrate-N,7,0.326333333
y_true_train,Nitrate-N,7,0.108333333
y_true_train,Nitrate-N,7,0.044666667
y_true_train,Nitrate-N,7,0.128214103
y_true_train,Nitrate-N,7,0.275
y_true_train,Nitrate-N,7,0.605
y_true_train,Nitrate-N,7,0.148140528
y_true_train,Nitrate-N,7,0.192666667
y_true_train,Nitrate-N,7,0.012333333
y_true_train,Nitrate-N,7,0.368333333
y_true_train,Nitrate-N,7,0.439971979
y_true_train,Nitrate-N,7,0.336795488
y_true_train,Nitrate-N,7,0.040627835
y_true_train,Nitrate-N,7,2.300666667
y_true_train,Nitrate-N,7,0.084
y_true_train,Nitrate-N,7,0.131905178
y_true_train,Nitrate-N,7,3.455
y_true_train,Nitrate-N,7,0.287666667
y_true_train,Nitrate-N,7,0.103
y_true_train,Nitrate-N,7,1.687
y_true_train,Nitrate-N,7,0.113333333
y_true_train,Nitrate-N,7,0.08
y_true_train,Nitrate-N,7,0.046914199
y_true_train,Nitrate-N,7,0.075333333
y_true_train,Nitrate-N,7,2.861333333
y_true_train,Nitrate-N,7,0.272591332
y_true_train,Nitrate-N,7,0.203
y_true_train,Nitrate-N,7,0.054
y_true_train,Nitrate-N,7,0.17
y_true_train,Nitrate-N,7,0.215666667
y_true_train,Nitrate-N,7,0.227333333
y_true_train,Nitrate-N,7,0.113333333
y_true_train,Nitrate-N,7,1.42
y_true_test,Nitrate-N,7,0.029
y_true_test,Nitrate-N,7,0.142333333
y_true_test,Nitrate-N,7,0.166666667
y_true_test,Nitrate-N,7,0.140333333
y_true_test,Nitrate-N,7,0.101
y_true_test,Nitrate-N,7,0.206816238
y_true_test,Nitrate-N,7,0.110666667
y_true_test,Nitrate-N,7,0.023
y_true_test,Nitrate-N,7,0.237415705
y_true_test,Nitrate-N,7,0.198179175
y_true_test,Nitrate-N,7,0.108333333
y_true_test,Nitrate-N,7,1.965431456
y_true_test,Nitrate-N,7,0.206
y_true_test,Nitrate-N,7,0.235
y_true_test,Nitrate-N,7,0.044666667
y_true_test,Nitrate-N,7,0.323333333
y_true_test,Nitrate-N,7,0.994
y_true_test,Nitrate-N,7,0.011
y_true_test,Nitrate-N,7,0.196
y_true_test,Nitrate-N,7,0.401233963
y_true_test,Nitrate-N,7,0.023333333
y_true_test,Nitrate-N,7,0.265
y_true_test,Nitrate-N,7,0.150333333
y_true_test,Nitrate-N,7,0.178
y_true_test,Nitrate-N,7,0.128214103
y_true_test,Nitrate-N,7,0.08225616
y_true_test,Nitrate-N,7,0.138666667
y_true_test,Nitrate-N,7,0.248333333
y_true_test,Nitrate-N,7,0.197
y_true_test,Nitrate-N,7,0.242114912
y_true_test,Nitrate-N,7,0.012333333
y_true_test,Nitrate-N,7,5.165333333
y_true_test,Nitrate-N,7,0.172333333
y_true_test,Nitrate-N,7,0.325615728
y_true_test,Nitrate-N,7,0.789
y_true_test,Nitrate-N,7,0.647288174
y_true_test,Nitrate-N,7,0.011333333
y_true_test,Nitrate-N,7,2.243
y_true_test,Nitrate-N,7,0.091
y_true_test,Nitrate-N,7,0.273
y_true_test,Nitrate-N,7,0.387333333
y_true_test,Nitrate-N,7,0.41
y_true_test,Nitrate-N,7,0.152333333
y_true_test,Nitrate-N,7,0.148140528
y_true_test,Nitrate-N,7,0.264333333
y_true_test,Nitrate-N,7,0.013
y_true_test,Nitrate-N,7,0.322666667
y_true_test,Nitrate-N,7,0.249333333
y_true_test,Nitrate-N,7,0.028666667
y_true_test,Nitrate-N,7,0.167666667
y_true_test,Nitrate-N,7,0.002333333
y_true_test,Nitrate-N,7,0.233666667
test_ind,Nitrate-N,7,323.0
test_ind,Nitrate-N,7,274.0
test_ind,Nitrate-N,7,305.0
test_ind,Nitrate-N,7,69.0
test_ind,Nitrate-N,7,362.0
test_ind,Nitrate-N,7,218.0
test_ind,Nitrate-N,7,338.0
test_ind,Nitrate-N,7,247.0
test_ind,Nitrate-N,7,217.0
test_ind,Nitrate-N,7,164.0
test_ind,Nitrate-N,7,215.0
test_ind,Nitrate-N,7,194.0
test_ind,Nitrate-N,7,366.0
test_ind,Nitrate-N,7,398.0
test_ind,Nitrate-N,7,349.0
test_ind,Nitrate-N,7,391.0
test_ind,Nitrate-N,7,281.0
test_ind,Nitrate-N,7,306.0
test_ind,Nitrate-N,7,318.0
test_ind,Nitrate-N,7,123.0
test_ind,Nitrate-N,7,370.0
test_ind,Nitrate-N,7,279.0
test_ind,Nitrate-N,7,28.0
test_ind,Nitrate-N,7,244.0
test_ind,Nitrate-N,7,219.0
test_ind,Nitrate-N,7,168.0
test_ind,Nitrate-N,7,346.0
test_ind,Nitrate-N,7,299.0
test_ind,Nitrate-N,7,52.0
test_ind,Nitrate-N,7,231.0
test_ind,Nitrate-N,7,76.0
test_ind,Nitrate-N,7,295.0
test_ind,Nitrate-N,7,266.0
test_ind,Nitrate-N,7,102.0
test_ind,Nitrate-N,7,298.0
test_ind,Nitrate-N,7,143.0
test_ind,Nitrate-N,7,23.0
test_ind,Nitrate-N,7,265.0
test_ind,Nitrate-N,7,372.0
test_ind,Nitrate-N,7,233.0
test_ind,Nitrate-N,7,291.0
test_ind,Nitrate-N,7,324.0
test_ind,Nitrate-N,7,315.0
test_ind,Nitrate-N,7,77.0
test_ind,Nitrate-N,7,61.0
test_ind,Nitrate-N,7,292.0
test_ind,Nitrate-N,7,373.0
test_ind,Nitrate-N,7,319.0
test_ind,Nitrate-N,7,243.0
test_ind,Nitrate-N,7,12.0
test_ind,Nitrate-N,7,38.0
test_ind,Nitrate-N,7,333.0
train_ind,Nitrate-N,7,268.0
train_ind,Nitrate-N,7,249.0
train_ind,Nitrate-N,7,121.0
train_ind,Nitrate-N,7,188.0
train_ind,Nitrate-N,7,103.0
train_ind,Nitrate-N,7,378.0
train_ind,Nitrate-N,7,167.0
train_ind,Nitrate-N,7,80.0
train_ind,Nitrate-N,7,361.0
train_ind,Nitrate-N,7,212.0
train_ind,Nitrate-N,7,347.0
train_ind,Nitrate-N,7,49.0
train_ind,Nitrate-N,7,145.0
train_ind,Nitrate-N,7,165.0
train_ind,Nitrate-N,7,57.0
train_ind,Nitrate-N,7,193.0
train_ind,Nitrate-N,7,94.0
train_ind,Nitrate-N,7,124.0
train_ind,Nitrate-N,7,353.0
train_ind,Nitrate-N,7,15.0
train_ind,Nitrate-N,7,392.0
train_ind,Nitrate-N,7,270.0
train_ind,Nitrate-N,7,173.0
train_ind,Nitrate-N,7,345.0
train_ind,Nitrate-N,7,389.0
train_ind,Nitrate-N,7,16.0
train_ind,Nitrate-N,7,284.0
train_ind,Nitrate-N,7,250.0
train_ind,Nitrate-N,7,260.0
train_ind,Nitrate-N,7,64.0
train_ind,Nitrate-N,7,8.0
train_ind,Nitrate-N,7,79.0
train_ind,Nitrate-N,7,381.0
train_ind,Nitrate-N,7,192.0
train_ind,Nitrate-N,7,382.0
train_ind,Nitrate-N,7,126.0
train_ind,Nitrate-N,7,341.0
train_ind,Nitrate-N,7,98.0
train_ind,Nitrate-N,7,300.0
train_ind,Nitrate-N,7,119.0
train_ind,Nitrate-N,7,320.0
train_ind,Nitrate-N,7,142.0
train_ind,Nitrate-N,7,34.0
train_ind,Nitrate-N,7,125.0
train_ind,Nitrate-N,7,42.0
train_ind,Nitrate-N,7,29.0
train_ind,Nitrate-N,7,269.0
train_ind,Nitrate-N,7,191.0
train_ind,Nitrate-N,7,17.0
train_ind,Nitrate-N,7,287.0
train_ind,Nitrate-N,7,27.0
train_ind,Nitrate-N,7,36.0
train_ind,Nitrate-N,7,104.0
train_ind,Nitrate-N,7,141.0
train_ind,Nitrate-N,7,365.0
train_ind,Nitrate-N,7,312.0
train_ind,Nitrate-N,7,48.0
train_ind,Nitrate-N,7,39.0
train_ind,Nitrate-N,7,122.0
train_ind,Nitrate-N,7,339.0
train_ind,Nitrate-N,7,6.0
train_ind,Nitrate-N,7,67.0
train_ind,Nitrate-N,7,213.0
train_ind,Nitrate-N,7,343.0
train_ind,Nitrate-N,7,187.0
train_ind,Nitrate-N,7,258.0
train_ind,Nitrate-N,7,139.0
train_ind,Nitrate-N,7,65.0
train_ind,Nitrate-N,7,72.0
train_ind,Nitrate-N,7,304.0
train_ind,Nitrate-N,7,344.0
train_ind,Nitrate-N,7,59.0
train_ind,Nitrate-N,7,359.0
train_ind,Nitrate-N,7,248.0
train_ind,Nitrate-N,7,236.0
train_ind,Nitrate-N,7,302.0
train_ind,Nitrate-N,7,395.0
train_ind,Nitrate-N,7,252.0
train_ind,Nitrate-N,7,374.0
train_ind,Nitrate-N,7,144.0
train_ind,Nitrate-N,7,75.0
train_ind,Nitrate-N,7,20.0
train_ind,Nitrate-N,7,386.0
train_ind,Nitrate-N,7,174.0
train_ind,Nitrate-N,7,390.0
train_ind,Nitrate-N,7,238.0
train_ind,Nitrate-N,7,293.0
train_ind,Nitrate-N,7,3.0
train_ind,Nitrate-N,7,216.0
train_ind,Nitrate-N,7,385.0
train_ind,Nitrate-N,7,220.0
train_ind,Nitrate-N,7,332.0
train_ind,Nitrate-N,7,9.0
train_ind,Nitrate-N,7,78.0
train_ind,Nitrate-N,7,351.0
train_ind,Nitrate-N,7,74.0
train_ind,Nitrate-N,7,280.0
train_ind,Nitrate-N,7,138.0
train_ind,Nitrate-N,7,172.0
train_ind,Nitrate-N,7,99.0
train_ind,Nitrate-N,7,41.0
train_ind,Nitrate-N,7,14.0
train_ind,Nitrate-N,7,136.0
train_ind,Nitrate-N,7,190.0
train_ind,Nitrate-N,7,2.0
train_ind,Nitrate-N,7,326.0
train_ind,Nitrate-N,7,311.0
train_ind,Nitrate-N,7,171.0
train_ind,Nitrate-N,7,329.0
train_ind,Nitrate-N,7,95.0
train_ind,Nitrate-N,7,278.0
train_ind,Nitrate-N,7,232.0
train_ind,Nitrate-N,7,175.0
train_ind,Nitrate-N,7,51.0
train_ind,Nitrate-N,7,342.0
train_ind,Nitrate-N,7,237.0
train_ind,Nitrate-N,7,262.0
train_ind,Nitrate-N,7,358.0
train_ind,Nitrate-N,7,170.0
train_ind,Nitrate-N,7,55.0
test_rsq,Nitrate-N,7,0.9116997204442449
train_rsq,Nitrate-N,7,0.9870834969976271
test_rmse,Nitrate-N,7,0.23342644607682583
train_rmse,Nitrate-N,7,0.11217492035998793
test_mape,Nitrate-N,7,354.19863907992135
train_mape,Nitrate-N,7,87.15785658302484
n_comp,Nitrate-N,7,13.0
y_hat_test,Nitrate-N,8,-0.06849738662439064
y_hat_test,Nitrate-N,8,-0.001764139923148389
y_hat_test,Nitrate-N,8,0.007279496706091515
y_hat_test,Nitrate-N,8,0.3350480684608149
y_hat_test,Nitrate-N,8,0.19560347505533826
y_hat_test,Nitrate-N,8,0.2825068961104934
y_hat_test,Nitrate-N,8,0.32177011971135655
y_hat_test,Nitrate-N,8,0.5136388629387549
y_hat_test,Nitrate-N,8,0.2115215402582416
y_hat_test,Nitrate-N,8,1.9132021294524573
y_hat_test,Nitrate-N,8,0.31466071404082013
y_hat_test,Nitrate-N,8,0.2507421053255524
y_hat_test,Nitrate-N,8,0.07481736021672869
y_hat_test,Nitrate-N,8,0.482433451491594
y_hat_test,Nitrate-N,8,0.2662471976587328
y_hat_test,Nitrate-N,8,0.4227523161674247
y_hat_test,Nitrate-N,8,0.5275933144404239
y_hat_test,Nitrate-N,8,0.12002696428051007
y_hat_test,Nitrate-N,8,-0.00932111967905136
y_hat_test,Nitrate-N,8,0.34366700558306473
y_hat_test,Nitrate-N,8,0.02813632938802202
y_hat_test,Nitrate-N,8,0.3304922414735628
y_hat_test,Nitrate-N,8,-0.400460684483809
y_hat_test,Nitrate-N,8,0.366803268546143
y_hat_test,Nitrate-N,8,1.9674269851154025
y_hat_test,Nitrate-N,8,0.028514709826178875
y_hat_test,Nitrate-N,8,-0.17423629224294357
y_hat_test,Nitrate-N,8,0.3781284217119596
y_hat_test,Nitrate-N,8,0.42371671272100725
y_hat_test,Nitrate-N,8,0.3093933439359239
y_hat_test,Nitrate-N,8,0.160346457675006
y_hat_test,Nitrate-N,8,0.5852298484365281
y_hat_test,Nitrate-N,8,0.48974490880334987
y_hat_test,Nitrate-N,8,0.09128906116027768
y_hat_test,Nitrate-N,8,-0.06096191015459562
y_hat_test,Nitrate-N,8,2.894651256890598
y_hat_test,Nitrate-N,8,0.06977484332082984
y_hat_test,Nitrate-N,8,0.2839023579430531
y_hat_test,Nitrate-N,8,0.5438889358062127
y_hat_test,Nitrate-N,8,0.5928877506355269
y_hat_test,Nitrate-N,8,-0.08386822192890309
y_hat_test,Nitrate-N,8,0.10668761958255157
y_hat_test,Nitrate-N,8,-0.42848042721171
y_hat_test,Nitrate-N,8,0.02468317212037996
y_hat_test,Nitrate-N,8,0.18339176687125408
y_hat_test,Nitrate-N,8,2.529630354189496
y_hat_test,Nitrate-N,8,0.33487180785193127
y_hat_test,Nitrate-N,8,-0.020663722679178154
y_hat_test,Nitrate-N,8,0.20304108260008313
y_hat_test,Nitrate-N,8,0.08096868447597816
y_hat_test,Nitrate-N,8,0.34758259801325053
y_hat_test,Nitrate-N,8,0.4234050582049892
y_hat_train,Nitrate-N,8,1.4675958772645057
y_hat_train,Nitrate-N,8,0.2819864014486375
y_hat_train,Nitrate-N,8,0.019144133040825517
y_hat_train,Nitrate-N,8,-0.025870411537996407
y_hat_train,Nitrate-N,8,5.1000844168918915
y_hat_train,Nitrate-N,8,0.042603479843213
y_hat_train,Nitrate-N,8,0.23170276443055782
y_hat_train,Nitrate-N,8,0.261117801348839
y_hat_train,Nitrate-N,8,0.16454704062768366
y_hat_train,Nitrate-N,8,-0.01895653898599048
y_hat_train,Nitrate-N,8,0.16418279410980807
y_hat_train,Nitrate-N,8,0.018685297118722688
y_hat_train,Nitrate-N,8,0.17033064133507275
y_hat_train,Nitrate-N,8,0.13480377084383494
y_hat_train,Nitrate-N,8,0.0554463346001377
y_hat_train,Nitrate-N,8,0.12309662127892113
y_hat_train,Nitrate-N,8,3.4116171424687716
y_hat_train,Nitrate-N,8,0.15916429111554414
y_hat_train,Nitrate-N,8,0.005826095387598151
y_hat_train,Nitrate-N,8,0.1856852629537245
y_hat_train,Nitrate-N,8,0.13535222879194575
y_hat_train,Nitrate-N,8,2.3575036401562874
y_hat_train,Nitrate-N,8,3.613837481793502
y_hat_train,Nitrate-N,8,0.11829857276988465
y_hat_train,Nitrate-N,8,0.3255084727893376
y_hat_train,Nitrate-N,8,0.13963273123419623
y_hat_train,Nitrate-N,8,0.01941735534693012
y_hat_train,Nitrate-N,8,3.54080312742465
y_hat_train,Nitrate-N,8,-0.08876662447016692
y_hat_train,Nitrate-N,8,0.11684402356257584
y_hat_train,Nitrate-N,8,0.08567757952370536
y_hat_train,Nitrate-N,8,0.17586344071008947
y_hat_train,Nitrate-N,8,2.824601048943075
y_hat_train,Nitrate-N,8,0.23181280697177237
y_hat_train,Nitrate-N,8,0.25157888576289555
y_hat_train,Nitrate-N,8,0.28486650839870353
y_hat_train,Nitrate-N,8,0.1585320880812996
y_hat_train,Nitrate-N,8,2.599748501132026
y_hat_train,Nitrate-N,8,0.022878729832873423
y_hat_train,Nitrate-N,8,0.08724573849440809
y_hat_train,Nitrate-N,8,0.2715047421442535
y_hat_train,Nitrate-N,8,0.19877087754717415
y_hat_train,Nitrate-N,8,2.2533052204087407
y_hat_train,Nitrate-N,8,0.06330829022433904
y_hat_train,Nitrate-N,8,0.08746155881005335
y_hat_train,Nitrate-N,8,0.09785096068579657
y_hat_train,Nitrate-N,8,0.44312904953473886
y_hat_train,Nitrate-N,8,2.6706476639888175
y_hat_train,Nitrate-N,8,0.1658761207921695
y_hat_train,Nitrate-N,8,0.06519943289968722
y_hat_train,Nitrate-N,8,0.09119474167279851
y_hat_train,Nitrate-N,8,0.3385435343370435
y_hat_train,Nitrate-N,8,0.0815113682753742
y_hat_train,Nitrate-N,8,1.1493126270989036
y_hat_train,Nitrate-N,8,0.25669444421035914
y_hat_train,Nitrate-N,8,0.7311620209242499
y_hat_train,Nitrate-N,8,0.06547601981208873
y_hat_train,Nitrate-N,8,0.3064754634106785
y_hat_train,Nitrate-N,8,0.2828814239940009
y_hat_train,Nitrate-N,8,0.16012444622996957
y_hat_train,Nitrate-N,8,0.1231666788654715
y_hat_train,Nitrate-N,8,0.4742006726436414
y_hat_train,Nitrate-N,8,0.1492197602247164
y_hat_train,Nitrate-N,8,0.3700857229383179
y_hat_train,Nitrate-N,8,2.9964995236906926
y_hat_train,Nitrate-N,8,0.028337545489339755
y_hat_train,Nitrate-N,8,1.688117503941851
y_hat_train,Nitrate-N,8,0.5998368846111384
y_hat_train,Nitrate-N,8,0.09803119243293357
y_hat_train,Nitrate-N,8,3.5131956251453795
y_hat_train,Nitrate-N,8,0.25074630124218655
y_hat_train,Nitrate-N,8,0.1506095416480837
y_hat_train,Nitrate-N,8,0.19420750008207388
y_hat_train,Nitrate-N,8,1.4437741345074842
y_hat_train,Nitrate-N,8,0.08352994535412306
y_hat_train,Nitrate-N,8,0.16824759092788988
y_hat_train,Nitrate-N,8,0.20446856593716878
y_hat_train,Nitrate-N,8,0.4665584168676709
y_hat_train,Nitrate-N,8,0.13361511600464904
y_hat_train,Nitrate-N,8,3.076273321071133
y_hat_train,Nitrate-N,8,0.11707735548049836
y_hat_train,Nitrate-N,8,0.19715328992580505
y_hat_train,Nitrate-N,8,0.5853453064765121
y_hat_train,Nitrate-N,8,0.16452309547719568
y_hat_train,Nitrate-N,8,0.6301119387021965
y_hat_train,Nitrate-N,8,0.011583076391314062
y_hat_train,Nitrate-N,8,0.20342305778002767
y_hat_train,Nitrate-N,8,0.13096967691210232
y_hat_train,Nitrate-N,8,0.4047449328991837
y_hat_train,Nitrate-N,8,0.06021554054059186
y_hat_train,Nitrate-N,8,0.010753102161380812
y_hat_train,Nitrate-N,8,0.09181376490149573
y_hat_train,Nitrate-N,8,0.2475915467314307
y_hat_train,Nitrate-N,8,0.11857298468923394
y_hat_train,Nitrate-N,8,0.426032959492041
y_hat_train,Nitrate-N,8,0.2246652705220633
y_hat_train,Nitrate-N,8,0.08981643663894767
y_hat_train,Nitrate-N,8,0.29769434561504937
y_hat_train,Nitrate-N,8,0.41858637864203463
y_hat_train,Nitrate-N,8,0.16099712891634055
y_hat_train,Nitrate-N,8,-0.12706950888678692
y_hat_train,Nitrate-N,8,2.5472743866464507
y_hat_train,Nitrate-N,8,0.191660029634379
y_hat_train,Nitrate-N,8,2.309126004086548
y_hat_train,Nitrate-N,8,0.5500879491111946
y_hat_train,Nitrate-N,8,0.3011203128645034
y_hat_train,Nitrate-N,8,0.14345686704933908
y_hat_train,Nitrate-N,8,0.04773526286542695
y_hat_train,Nitrate-N,8,4.151337342953099
y_hat_train,Nitrate-N,8,0.21647262696278485
y_hat_train,Nitrate-N,8,0.6433517250586895
y_hat_train,Nitrate-N,8,0.1629842264720262
y_hat_train,Nitrate-N,8,0.11795100507405165
y_hat_train,Nitrate-N,8,0.15867328373515488
y_hat_train,Nitrate-N,8,2.229297075433359
y_hat_train,Nitrate-N,8,0.10410125271209525
y_hat_train,Nitrate-N,8,0.00827668794999381
y_hat_train,Nitrate-N,8,0.06328822683127999
y_hat_train,Nitrate-N,8,0.2065905462923629
y_hat_train,Nitrate-N,8,0.221016768797151
y_true_train,Nitrate-N,8,1.549666667
y_true_train,Nitrate-N,8,0.294984357
y_true_train,Nitrate-N,8,0.012333333
y_true_train,Nitrate-N,8,0.002666667
y_true_train,Nitrate-N,8,5.165333333
y_true_train,Nitrate-N,8,0.046666667
y_true_train,Nitrate-N,8,0.235
y_true_train,Nitrate-N,8,0.248333333
y_true_train,Nitrate-N,8,0.128
y_true_train,Nitrate-N,8,0.037253617
y_true_train,Nitrate-N,8,0.233666667
y_true_train,Nitrate-N,8,0.044666667
y_true_train,Nitrate-N,8,0.273
y_true_train,Nitrate-N,8,0.162743322
y_true_train,Nitrate-N,8,0.090666667
y_true_train,Nitrate-N,8,0.054
y_true_train,Nitrate-N,8,3.455
y_true_train,Nitrate-N,8,0.13339733
y_true_train,Nitrate-N,8,0.011
y_true_train,Nitrate-N,8,0.205742231
y_true_train,Nitrate-N,8,0.103
y_true_train,Nitrate-N,8,2.438333333
y_true_train,Nitrate-N,8,3.665666667
y_true_train,Nitrate-N,8,0.128214103
y_true_train,Nitrate-N,8,0.272591332
y_true_train,Nitrate-N,8,0.215666667
y_true_train,Nitrate-N,8,0.011333333
y_true_train,Nitrate-N,8,3.455
y_true_train,Nitrate-N,8,0.028666667
y_true_train,Nitrate-N,8,0.044666667
y_true_train,Nitrate-N,8,0.167666667
y_true_train,Nitrate-N,8,0.122666667
y_true_train,Nitrate-N,8,2.810666667
y_true_train,Nitrate-N,8,0.197
y_true_train,Nitrate-N,8,0.196
y_true_train,Nitrate-N,8,0.242114912
y_true_train,Nitrate-N,8,0.131905178
y_true_train,Nitrate-N,8,2.539583346
y_true_train,Nitrate-N,8,0.061333333
y_true_train,Nitrate-N,8,0.023
y_true_train,Nitrate-N,8,0.219
y_true_train,Nitrate-N,8,0.155666667
y_true_train,Nitrate-N,8,2.300666667
y_true_train,Nitrate-N,8,0.046914199
y_true_train,Nitrate-N,8,0.110666667
y_true_train,Nitrate-N,8,0.04
y_true_train,Nitrate-N,8,0.468666667
y_true_train,Nitrate-N,8,2.611691805
y_true_train,Nitrate-N,8,0.140333333
y_true_train,Nitrate-N,8,0.080333333
y_true_train,Nitrate-N,8,0.084
y_true_train,Nitrate-N,8,0.290190215
y_true_train,Nitrate-N,8,0.052136398
y_true_train,Nitrate-N,8,1.146333333
y_true_train,Nitrate-N,8,0.153138762
y_true_train,Nitrate-N,8,0.789
y_true_train,Nitrate-N,8,0.108333333
y_true_train,Nitrate-N,8,0.318333333
y_true_train,Nitrate-N,8,0.323333333
y_true_train,Nitrate-N,8,0.148140528
y_true_train,Nitrate-N,8,0.113333333
y_true_train,Nitrate-N,8,0.41
y_true_train,Nitrate-N,8,0.17
y_true_train,Nitrate-N,8,0.283666667
y_true_train,Nitrate-N,8,2.861333333
y_true_train,Nitrate-N,8,0.012333333
y_true_train,Nitrate-N,8,1.687
y_true_train,Nitrate-N,8,0.558333333
y_true_train,Nitrate-N,8,0.148140528
y_true_train,Nitrate-N,8,3.498
y_true_train,Nitrate-N,8,0.325615728
y_true_train,Nitrate-N,8,0.129333333
y_true_train,Nitrate-N,8,0.216533333
y_true_train,Nitrate-N,8,1.501333333
y_true_train,Nitrate-N,8,0.05942377
y_true_train,Nitrate-N,8,0.178
y_true_train,Nitrate-N,8,0.264333333
y_true_train,Nitrate-N,8,0.471333333
y_true_train,Nitrate-N,8,0.141333333
y_true_train,Nitrate-N,8,3.105
y_true_train,Nitrate-N,8,0.128214103
y_true_train,Nitrate-N,8,0.198179175
y_true_train,Nitrate-N,8,0.630666667
y_true_train,Nitrate-N,8,0.171333333
y_true_train,Nitrate-N,8,0.564666667
y_true_train,Nitrate-N,8,0.006474193
y_true_train,Nitrate-N,8,0.166666667
y_true_train,Nitrate-N,8,0.104333333
y_true_train,Nitrate-N,8,0.192666667
y_true_train,Nitrate-N,8,0.08225616
y_true_train,Nitrate-N,8,0.038
y_true_train,Nitrate-N,8,0.141
y_true_train,Nitrate-N,8,0.272591332
y_true_train,Nitrate-N,8,0.153138762
y_true_train,Nitrate-N,8,0.401233963
y_true_train,Nitrate-N,8,0.215
y_true_train,Nitrate-N,8,0.101
y_true_train,Nitrate-N,8,0.337
y_true_train,Nitrate-N,8,0.361666667
y_true_train,Nitrate-N,8,0.132333333
y_true_train,Nitrate-N,8,0.011
y_true_train,Nitrate-N,8,2.544333333
y_true_train,Nitrate-N,8,0.116666667
y_true_train,Nitrate-N,8,2.28
y_true_train,Nitrate-N,8,0.636679275
y_true_train,Nitrate-N,8,0.275
y_true_train,Nitrate-N,8,0.150333333
y_true_train,Nitrate-N,8,0.029
y_true_train,Nitrate-N,8,4.182333333
y_true_train,Nitrate-N,8,0.188333333
y_true_train,Nitrate-N,8,0.647288174
y_true_train,Nitrate-N,8,0.206816238
y_true_train,Nitrate-N,8,0.142333333
y_true_train,Nitrate-N,8,0.146508959
y_true_train,Nitrate-N,8,2.243
y_true_train,Nitrate-N,8,0.108333333
y_true_train,Nitrate-N,8,0.08
y_true_train,Nitrate-N,8,0.029
y_true_train,Nitrate-N,8,0.172333333
y_true_train,Nitrate-N,8,0.237415705
y_true_test,Nitrate-N,8,0.265
y_true_test,Nitrate-N,8,0.014333333
y_true_test,Nitrate-N,8,0.994
y_true_test,Nitrate-N,8,0.088
y_true_test,Nitrate-N,8,0.110666667
y_true_test,Nitrate-N,8,0.077
y_true_test,Nitrate-N,8,0.326333333
y_true_test,Nitrate-N,8,0.203
y_true_test,Nitrate-N,8,0.387333333
y_true_test,Nitrate-N,8,1.965431456
y_true_test,Nitrate-N,8,0.439971979
y_true_test,Nitrate-N,8,0.605
y_true_test,Nitrate-N,8,0.336795488
y_true_test,Nitrate-N,8,0.011
y_true_test,Nitrate-N,8,0.054
y_true_test,Nitrate-N,8,0.160333333
y_true_test,Nitrate-N,8,0.322666667
y_true_test,Nitrate-N,8,0.002333333
y_true_test,Nitrate-N,8,0.013
y_true_test,Nitrate-N,8,0.227333333
y_true_test,Nitrate-N,8,0.16
y_true_test,Nitrate-N,8,0.192666667
y_true_test,Nitrate-N,8,0.075333333
y_true_test,Nitrate-N,8,0.138666667
y_true_test,Nitrate-N,8,1.42
y_true_test,Nitrate-N,8,0.182
y_true_test,Nitrate-N,8,0.351510981
y_true_test,Nitrate-N,8,0.217333333
y_true_test,Nitrate-N,8,0.077
y_true_test,Nitrate-N,8,0.249333333
y_true_test,Nitrate-N,8,0.284944721
y_true_test,Nitrate-N,8,0.632
y_true_test,Nitrate-N,8,0.361757248
y_true_test,Nitrate-N,8,0.17
y_true_test,Nitrate-N,8,0.091
y_true_test,Nitrate-N,8,3.177604111
y_true_test,Nitrate-N,8,0.368333333
y_true_test,Nitrate-N,8,0.014086754
y_true_test,Nitrate-N,8,0.023333333
y_true_test,Nitrate-N,8,0.206
y_true_test,Nitrate-N,8,0.131
y_true_test,Nitrate-N,8,0.157333333
y_true_test,Nitrate-N,8,0.273394835
y_true_test,Nitrate-N,8,0.287666667
y_true_test,Nitrate-N,8,0.040627835
y_true_test,Nitrate-N,8,2.524276858
y_true_test,Nitrate-N,8,0.557
y_true_test,Nitrate-N,8,0.012333333
y_true_test,Nitrate-N,8,0.152333333
y_true_test,Nitrate-N,8,0.113333333
y_true_test,Nitrate-N,8,0.244666667
y_true_test,Nitrate-N,8,0.137333333
test_ind,Nitrate-N,8,279.0
test_ind,Nitrate-N,8,59.0
test_ind,Nitrate-N,8,281.0
test_ind,Nitrate-N,8,345.0
test_ind,Nitrate-N,8,268.0
test_ind,Nitrate-N,8,121.0
test_ind,Nitrate-N,8,3.0
test_ind,Nitrate-N,8,51.0
test_ind,Nitrate-N,8,291.0
test_ind,Nitrate-N,8,194.0
test_ind,Nitrate-N,8,138.0
test_ind,Nitrate-N,8,9.0
test_ind,Nitrate-N,8,172.0
test_ind,Nitrate-N,8,306.0
test_ind,Nitrate-N,8,342.0
test_ind,Nitrate-N,8,258.0
test_ind,Nitrate-N,8,373.0
test_ind,Nitrate-N,8,38.0
test_ind,Nitrate-N,8,292.0
test_ind,Nitrate-N,8,358.0
test_ind,Nitrate-N,8,8.0
test_ind,Nitrate-N,8,304.0
test_ind,Nitrate-N,8,278.0
test_ind,Nitrate-N,8,346.0
test_ind,Nitrate-N,8,55.0
test_ind,Nitrate-N,8,57.0
test_ind,Nitrate-N,8,139.0
test_ind,Nitrate-N,8,65.0
test_ind,Nitrate-N,8,122.0
test_ind,Nitrate-N,8,319.0
test_ind,Nitrate-N,8,124.0
test_ind,Nitrate-N,8,392.0
test_ind,Nitrate-N,8,145.0
test_ind,Nitrate-N,8,237.0
test_ind,Nitrate-N,8,372.0
test_ind,Nitrate-N,8,188.0
test_ind,Nitrate-N,8,280.0
test_ind,Nitrate-N,8,80.0
test_ind,Nitrate-N,8,370.0
test_ind,Nitrate-N,8,366.0
test_ind,Nitrate-N,8,382.0
test_ind,Nitrate-N,8,250.0
test_ind,Nitrate-N,8,173.0
test_ind,Nitrate-N,8,2.0
test_ind,Nitrate-N,8,99.0
test_ind,Nitrate-N,8,192.0
test_ind,Nitrate-N,8,64.0
test_ind,Nitrate-N,8,75.0
test_ind,Nitrate-N,8,315.0
test_ind,Nitrate-N,8,170.0
test_ind,Nitrate-N,8,27.0
test_ind,Nitrate-N,8,49.0
train_ind,Nitrate-N,8,378.0
train_ind,Nitrate-N,8,167.0
train_ind,Nitrate-N,8,74.0
train_ind,Nitrate-N,8,16.0
train_ind,Nitrate-N,8,295.0
train_ind,Nitrate-N,8,248.0
train_ind,Nitrate-N,8,398.0
train_ind,Nitrate-N,8,299.0
train_ind,Nitrate-N,8,300.0
train_ind,Nitrate-N,8,72.0
train_ind,Nitrate-N,8,333.0
train_ind,Nitrate-N,8,349.0
train_ind,Nitrate-N,8,233.0
train_ind,Nitrate-N,8,94.0
train_ind,Nitrate-N,8,252.0
train_ind,Nitrate-N,8,390.0
train_ind,Nitrate-N,8,191.0
train_ind,Nitrate-N,8,98.0
train_ind,Nitrate-N,8,141.0
train_ind,Nitrate-N,8,212.0
train_ind,Nitrate-N,8,326.0
train_ind,Nitrate-N,8,389.0
train_ind,Nitrate-N,8,353.0
train_ind,Nitrate-N,8,220.0
train_ind,Nitrate-N,8,175.0
train_ind,Nitrate-N,8,262.0
train_ind,Nitrate-N,8,23.0
train_ind,Nitrate-N,8,190.0
train_ind,Nitrate-N,8,243.0
train_ind,Nitrate-N,8,385.0
train_ind,Nitrate-N,8,12.0
train_ind,Nitrate-N,8,312.0
train_ind,Nitrate-N,8,284.0
train_ind,Nitrate-N,8,52.0
train_ind,Nitrate-N,8,318.0
train_ind,Nitrate-N,8,231.0
train_ind,Nitrate-N,8,136.0
train_ind,Nitrate-N,8,193.0
train_ind,Nitrate-N,8,36.0
train_ind,Nitrate-N,8,247.0
train_ind,Nitrate-N,8,386.0
train_ind,Nitrate-N,8,374.0
train_ind,Nitrate-N,8,41.0
train_ind,Nitrate-N,8,95.0
train_ind,Nitrate-N,8,338.0
train_ind,Nitrate-N,8,302.0
train_ind,Nitrate-N,8,361.0
train_ind,Nitrate-N,8,187.0
train_ind,Nitrate-N,8,69.0
train_ind,Nitrate-N,8,293.0
train_ind,Nitrate-N,8,14.0
train_ind,Nitrate-N,8,103.0
train_ind,Nitrate-N,8,79.0
train_ind,Nitrate-N,8,320.0
train_ind,Nitrate-N,8,126.0
train_ind,Nitrate-N,8,298.0
train_ind,Nitrate-N,8,215.0
train_ind,Nitrate-N,8,341.0
train_ind,Nitrate-N,8,391.0
train_ind,Nitrate-N,8,77.0
train_ind,Nitrate-N,8,171.0
train_ind,Nitrate-N,8,324.0
train_ind,Nitrate-N,8,339.0
train_ind,Nitrate-N,8,381.0
train_ind,Nitrate-N,8,232.0
train_ind,Nitrate-N,8,76.0
train_ind,Nitrate-N,8,311.0
train_ind,Nitrate-N,8,344.0
train_ind,Nitrate-N,8,78.0
train_ind,Nitrate-N,8,6.0
train_ind,Nitrate-N,8,102.0
train_ind,Nitrate-N,8,15.0
train_ind,Nitrate-N,8,165.0
train_ind,Nitrate-N,8,20.0
train_ind,Nitrate-N,8,104.0
train_ind,Nitrate-N,8,244.0
train_ind,Nitrate-N,8,61.0
train_ind,Nitrate-N,8,48.0
train_ind,Nitrate-N,8,42.0
train_ind,Nitrate-N,8,67.0
train_ind,Nitrate-N,8,219.0
train_ind,Nitrate-N,8,164.0
train_ind,Nitrate-N,8,236.0
train_ind,Nitrate-N,8,34.0
train_ind,Nitrate-N,8,269.0
train_ind,Nitrate-N,8,213.0
train_ind,Nitrate-N,8,305.0
train_ind,Nitrate-N,8,347.0
train_ind,Nitrate-N,8,351.0
train_ind,Nitrate-N,8,168.0
train_ind,Nitrate-N,8,395.0
train_ind,Nitrate-N,8,359.0
train_ind,Nitrate-N,8,174.0
train_ind,Nitrate-N,8,125.0
train_ind,Nitrate-N,8,123.0
train_ind,Nitrate-N,8,17.0
train_ind,Nitrate-N,8,362.0
train_ind,Nitrate-N,8,260.0
train_ind,Nitrate-N,8,29.0
train_ind,Nitrate-N,8,39.0
train_ind,Nitrate-N,8,142.0
train_ind,Nitrate-N,8,249.0
train_ind,Nitrate-N,8,238.0
train_ind,Nitrate-N,8,343.0
train_ind,Nitrate-N,8,144.0
train_ind,Nitrate-N,8,332.0
train_ind,Nitrate-N,8,28.0
train_ind,Nitrate-N,8,270.0
train_ind,Nitrate-N,8,365.0
train_ind,Nitrate-N,8,287.0
train_ind,Nitrate-N,8,143.0
train_ind,Nitrate-N,8,218.0
train_ind,Nitrate-N,8,274.0
train_ind,Nitrate-N,8,119.0
train_ind,Nitrate-N,8,265.0
train_ind,Nitrate-N,8,216.0
train_ind,Nitrate-N,8,329.0
train_ind,Nitrate-N,8,323.0
train_ind,Nitrate-N,8,266.0
train_ind,Nitrate-N,8,217.0
test_rsq,Nitrate-N,8,0.7625880962195947
train_rsq,Nitrate-N,8,0.9975927553405888
test_rmse,Nitrate-N,8,0.29447433426137126
train_rmse,Nitrate-N,8,0.05106905754112197
test_mape,Nitrate-N,8,375.23736297089886
train_mape,Nitrate-N,8,50.79014725329516
n_comp,Nitrate-N,8,18.0
y_hat_test,Nitrate-N,9,-0.07374563802493939
y_hat_test,Nitrate-N,9,-0.048792007139187965
y_hat_test,Nitrate-N,9,0.41406907767946355
y_hat_test,Nitrate-N,9,2.2934077629201255
y_hat_test,Nitrate-N,9,0.09449588763301431
y_hat_test,Nitrate-N,9,0.0836197689236679
y_hat_test,Nitrate-N,9,0.2246258932222897
y_hat_test,Nitrate-N,9,0.09634247701429394
y_hat_test,Nitrate-N,9,-0.06019883283248195
y_hat_test,Nitrate-N,9,3.304379581679379
y_hat_test,Nitrate-N,9,0.03915621445817313
y_hat_test,Nitrate-N,9,2.9203237819072276
y_hat_test,Nitrate-N,9,0.3275765015670199
y_hat_test,Nitrate-N,9,0.3251544005718645
y_hat_test,Nitrate-N,9,0.12116951653427455
y_hat_test,Nitrate-N,9,0.2773695698379993
y_hat_test,Nitrate-N,9,0.5232183864165916
y_hat_test,Nitrate-N,9,0.11084166004129936
y_hat_test,Nitrate-N,9,-0.030563615093184282
y_hat_test,Nitrate-N,9,0.3150047132998103
y_hat_test,Nitrate-N,9,0.3088791763701369
y_hat_test,Nitrate-N,9,0.19520186382395216
y_hat_test,Nitrate-N,9,0.14362854547877796
y_hat_test,Nitrate-N,9,0.21628405412068874
y_hat_test,Nitrate-N,9,0.12116427087143078
y_hat_test,Nitrate-N,9,0.46874251541649087
y_hat_test,Nitrate-N,9,0.04656306992579612
y_hat_test,Nitrate-N,9,0.05531202361817367
y_hat_test,Nitrate-N,9,0.3106198220975013
y_hat_test,Nitrate-N,9,3.1213473232933326
y_hat_test,Nitrate-N,9,0.17550525193018063
y_hat_test,Nitrate-N,9,0.1954648165818294
y_hat_test,Nitrate-N,9,-0.06832218562935366
y_hat_test,Nitrate-N,9,0.07542456992314739
y_hat_test,Nitrate-N,9,0.1887623620113329
y_hat_test,Nitrate-N,9,0.012934771273902412
y_hat_test,Nitrate-N,9,-0.10829041110106252
y_hat_test,Nitrate-N,9,3.21087004258128
y_hat_test,Nitrate-N,9,2.2060799400980953
y_hat_test,Nitrate-N,9,0.4982911388508412
y_hat_test,Nitrate-N,9,0.5382362780351828
y_hat_test,Nitrate-N,9,0.045921144367346844
y_hat_test,Nitrate-N,9,0.168931916192245
y_hat_test,Nitrate-N,9,0.4390921945720241
y_hat_test,Nitrate-N,9,0.07736231280383032
y_hat_test,Nitrate-N,9,0.25005599313395893
y_hat_test,Nitrate-N,9,0.2216613028978317
y_hat_test,Nitrate-N,9,0.16544873879783328
y_hat_test,Nitrate-N,9,2.6048889589521473
y_hat_test,Nitrate-N,9,0.111970347865534
y_hat_test,Nitrate-N,9,0.32897017586252486
y_hat_test,Nitrate-N,9,0.5438795593305269
y_hat_train,Nitrate-N,9,0.08818747084459333
y_hat_train,Nitrate-N,9,-0.14500606525598458
y_hat_train,Nitrate-N,9,0.31797008723556064
y_hat_train,Nitrate-N,9,0.25655329503476487
y_hat_train,Nitrate-N,9,0.20332134371098987
y_hat_train,Nitrate-N,9,0.1801864443587739
y_hat_train,Nitrate-N,9,-0.024062174317912355
y_hat_train,Nitrate-N,9,0.4265693132570457
y_hat_train,Nitrate-N,9,0.23427766872476363
y_hat_train,Nitrate-N,9,0.23616637118144923
y_hat_train,Nitrate-N,9,0.21434402155872623
y_hat_train,Nitrate-N,9,0.2616267312206123
y_hat_train,Nitrate-N,9,0.30585068420798517
y_hat_train,Nitrate-N,9,0.03142462231087195
y_hat_train,Nitrate-N,9,0.11560652384056774
y_hat_train,Nitrate-N,9,-0.23982591009834264
y_hat_train,Nitrate-N,9,3.3548433215118445
y_hat_train,Nitrate-N,9,0.08761835608261087
y_hat_train,Nitrate-N,9,0.21172100109228742
y_hat_train,Nitrate-N,9,0.21982343182006925
y_hat_train,Nitrate-N,9,1.4694752456943545
y_hat_train,Nitrate-N,9,0.14665661601777125
y_hat_train,Nitrate-N,9,0.02365514840785965
y_hat_train,Nitrate-N,9,0.09813178729536132
y_hat_train,Nitrate-N,9,0.12070293826413836
y_hat_train,Nitrate-N,9,1.4259761496945065
y_hat_train,Nitrate-N,9,0.245241219514508
y_hat_train,Nitrate-N,9,0.1722771703046141
y_hat_train,Nitrate-N,9,-0.011338535517356862
y_hat_train,Nitrate-N,9,2.013327232474374
y_hat_train,Nitrate-N,9,3.3471976986801533
y_hat_train,Nitrate-N,9,0.3071769771395266
y_hat_train,Nitrate-N,9,-0.012837717320960729
y_hat_train,Nitrate-N,9,-0.06578688343267414
y_hat_train,Nitrate-N,9,0.12400544249043371
y_hat_train,Nitrate-N,9,0.11367499351584354
y_hat_train,Nitrate-N,9,0.2285140698392621
y_hat_train,Nitrate-N,9,0.25773391345251767
y_hat_train,Nitrate-N,9,0.18788249665952805
y_hat_train,Nitrate-N,9,0.03220047768071754
y_hat_train,Nitrate-N,9,0.16243301744572813
y_hat_train,Nitrate-N,9,0.23220079471602473
y_hat_train,Nitrate-N,9,0.1183927537265343
y_hat_train,Nitrate-N,9,2.1688065345237093
y_hat_train,Nitrate-N,9,0.18855346342715035
y_hat_train,Nitrate-N,9,3.420388028611359
y_hat_train,Nitrate-N,9,0.4454811472383523
y_hat_train,Nitrate-N,9,0.0935369479659881
y_hat_train,Nitrate-N,9,0.11330236957148493
y_hat_train,Nitrate-N,9,0.24000925935600054
y_hat_train,Nitrate-N,9,0.08622358739434988
y_hat_train,Nitrate-N,9,0.5508113950811532
y_hat_train,Nitrate-N,9,0.11086980003140434
y_hat_train,Nitrate-N,9,0.10569366124095653
y_hat_train,Nitrate-N,9,0.16986288364906627
y_hat_train,Nitrate-N,9,0.10792806009708006
y_hat_train,Nitrate-N,9,1.6698943528799464
y_hat_train,Nitrate-N,9,0.22607409974583365
y_hat_train,Nitrate-N,9,0.3029229211688816
y_hat_train,Nitrate-N,9,0.05224822300906101
y_hat_train,Nitrate-N,9,-0.17505249503960474
y_hat_train,Nitrate-N,9,0.6352315954013569
y_hat_train,Nitrate-N,9,2.775970920346965
y_hat_train,Nitrate-N,9,0.25908382959440485
y_hat_train,Nitrate-N,9,0.5580702145133041
y_hat_train,Nitrate-N,9,0.11763187724639751
y_hat_train,Nitrate-N,9,0.1808363757337288
y_hat_train,Nitrate-N,9,0.22708879223154976
y_hat_train,Nitrate-N,9,0.2083228845637023
y_hat_train,Nitrate-N,9,0.24939101919360573
y_hat_train,Nitrate-N,9,0.1414778933451573
y_hat_train,Nitrate-N,9,3.3784470047909685
y_hat_train,Nitrate-N,9,0.13277442116658378
y_hat_train,Nitrate-N,9,0.18648975288045672
y_hat_train,Nitrate-N,9,2.4038317367927213
y_hat_train,Nitrate-N,9,0.09687992505183296
y_hat_train,Nitrate-N,9,0.09587618785277086
y_hat_train,Nitrate-N,9,-0.05265367531654419
y_hat_train,Nitrate-N,9,0.27528083359470484
y_hat_train,Nitrate-N,9,0.20391785274773228
y_hat_train,Nitrate-N,9,0.15424862196725436
y_hat_train,Nitrate-N,9,0.0829271948725736
y_hat_train,Nitrate-N,9,0.2104612876618866
y_hat_train,Nitrate-N,9,1.0992153790156582
y_hat_train,Nitrate-N,9,3.089272776458794
y_hat_train,Nitrate-N,9,0.21559000326551742
y_hat_train,Nitrate-N,9,0.25048883524425053
y_hat_train,Nitrate-N,9,0.22111281816594408
y_hat_train,Nitrate-N,9,0.46876508810345885
y_hat_train,Nitrate-N,9,0.35940127448536097
y_hat_train,Nitrate-N,9,0.18713901910491537
y_hat_train,Nitrate-N,9,0.23945970205976103
y_hat_train,Nitrate-N,9,0.18213528996965178
y_hat_train,Nitrate-N,9,0.3050878921942993
y_hat_train,Nitrate-N,9,2.447705408551826
y_hat_train,Nitrate-N,9,0.17196989947635655
y_hat_train,Nitrate-N,9,0.2562213269534649
y_hat_train,Nitrate-N,9,0.3199349362152528
y_hat_train,Nitrate-N,9,4.765075740516428
y_hat_train,Nitrate-N,9,2.311655770798358
y_hat_train,Nitrate-N,9,0.29859306787432716
y_hat_train,Nitrate-N,9,0.14803031086523222
y_hat_train,Nitrate-N,9,0.15991534043909456
y_hat_train,Nitrate-N,9,0.28266107215601927
y_hat_train,Nitrate-N,9,0.8139393955822762
y_hat_train,Nitrate-N,9,0.1715852829235075
y_hat_train,Nitrate-N,9,0.2719949036643957
y_hat_train,Nitrate-N,9,0.04842561404590651
y_hat_train,Nitrate-N,9,0.4483294260123953
y_hat_train,Nitrate-N,9,0.025674281653153108
y_hat_train,Nitrate-N,9,-0.00810827074529108
y_hat_train,Nitrate-N,9,0.1114702942793952
y_hat_train,Nitrate-N,9,0.2674440852781995
y_hat_train,Nitrate-N,9,0.481718226087276
y_hat_train,Nitrate-N,9,0.1288635002791123
y_hat_train,Nitrate-N,9,3.173897187087696
y_hat_train,Nitrate-N,9,0.4879997503492353
y_hat_train,Nitrate-N,9,0.270343629505513
y_hat_train,Nitrate-N,9,0.06148638698438974
y_hat_train,Nitrate-N,9,0.14223982384958989
y_true_train,Nitrate-N,9,0.141
y_true_train,Nitrate-N,9,0.028666667
y_true_train,Nitrate-N,9,0.203
y_true_train,Nitrate-N,9,0.237415705
y_true_train,Nitrate-N,9,0.215666667
y_true_train,Nitrate-N,9,0.178
y_true_train,Nitrate-N,9,0.012333333
y_true_train,Nitrate-N,9,0.558333333
y_true_train,Nitrate-N,9,0.05942377
y_true_train,Nitrate-N,9,0.242114912
y_true_train,Nitrate-N,9,0.325615728
y_true_train,Nitrate-N,9,0.287666667
y_true_train,Nitrate-N,9,0.160333333
y_true_train,Nitrate-N,9,0.129333333
y_true_train,Nitrate-N,9,0.103
y_true_train,Nitrate-N,9,0.029
y_true_train,Nitrate-N,9,2.861333333
y_true_train,Nitrate-N,9,0.091
y_true_train,Nitrate-N,9,0.138666667
y_true_train,Nitrate-N,9,0.172333333
y_true_train,Nitrate-N,9,1.501333333
y_true_train,Nitrate-N,9,0.101
y_true_train,Nitrate-N,9,0.046666667
y_true_train,Nitrate-N,9,0.110666667
y_true_train,Nitrate-N,9,0.206816238
y_true_train,Nitrate-N,9,1.549666667
y_true_train,Nitrate-N,9,0.248333333
y_true_train,Nitrate-N,9,0.054
y_true_train,Nitrate-N,9,0.011333333
y_true_train,Nitrate-N,9,1.965431456
y_true_train,Nitrate-N,9,3.455
y_true_train,Nitrate-N,9,0.351510981
y_true_train,Nitrate-N,9,0.080333333
y_true_train,Nitrate-N,9,0.038
y_true_train,Nitrate-N,9,0.128214103
y_true_train,Nitrate-N,9,0.037253617
y_true_train,Nitrate-N,9,0.128214103
y_true_train,Nitrate-N,9,0.196
y_true_train,Nitrate-N,9,0.216533333
y_true_train,Nitrate-N,9,0.012333333
y_true_train,Nitrate-N,9,0.108333333
y_true_train,Nitrate-N,9,0.140333333
y_true_train,Nitrate-N,9,0.155666667
y_true_train,Nitrate-N,9,2.438333333
y_true_train,Nitrate-N,9,0.206
y_true_train,Nitrate-N,9,3.455
y_true_train,Nitrate-N,9,0.361666667
y_true_train,Nitrate-N,9,0.044666667
y_true_train,Nitrate-N,9,0.142333333
y_true_train,Nitrate-N,9,0.090666667
y_true_train,Nitrate-N,9,0.061333333
y_true_train,Nitrate-N,9,0.468666667
y_true_train,Nitrate-N,9,0.023
y_true_train,Nitrate-N,9,0.006474193
y_true_train,Nitrate-N,9,0.146508959
y_true_train,Nitrate-N,9,0.265
y_true_train,Nitrate-N,9,1.687
y_true_train,Nitrate-N,9,0.046914199
y_true_train,Nitrate-N,9,0.162743322
y_true_train,Nitrate-N,9,0.227333333
y_true_train,Nitrate-N,9,0.075333333
y_true_train,Nitrate-N,9,0.636679275
y_true_train,Nitrate-N,9,2.544333333
y_true_train,Nitrate-N,9,0.077
y_true_train,Nitrate-N,9,0.557
y_true_train,Nitrate-N,9,0.08225616
y_true_train,Nitrate-N,9,0.337
y_true_train,Nitrate-N,9,0.290190215
y_true_train,Nitrate-N,9,0.387333333
y_true_train,Nitrate-N,9,0.368333333
y_true_train,Nitrate-N,9,0.171333333
y_true_train,Nitrate-N,9,2.810666667
y_true_train,Nitrate-N,9,0.054
y_true_train,Nitrate-N,9,0.272591332
y_true_train,Nitrate-N,9,2.524276858
y_true_train,Nitrate-N,9,0.188333333
y_true_train,Nitrate-N,9,0.029
y_true_train,Nitrate-N,9,0.012333333
y_true_train,Nitrate-N,9,0.326333333
y_true_train,Nitrate-N,9,0.272591332
y_true_train,Nitrate-N,9,0.088
y_true_train,Nitrate-N,9,0.197
y_true_train,Nitrate-N,9,0.167666667
y_true_train,Nitrate-N,9,1.146333333
y_true_train,Nitrate-N,9,3.177604111
y_true_train,Nitrate-N,9,0.322666667
y_true_train,Nitrate-N,9,0.284944721
y_true_train,Nitrate-N,9,0.157333333
y_true_train,Nitrate-N,9,0.605
y_true_train,Nitrate-N,9,0.283666667
y_true_train,Nitrate-N,9,0.044666667
y_true_train,Nitrate-N,9,0.198179175
y_true_train,Nitrate-N,9,0.011
y_true_train,Nitrate-N,9,0.318333333
y_true_train,Nitrate-N,9,2.243
y_true_train,Nitrate-N,9,0.077
y_true_train,Nitrate-N,9,0.323333333
y_true_train,Nitrate-N,9,0.275
y_true_train,Nitrate-N,9,5.165333333
y_true_train,Nitrate-N,9,2.300666667
y_true_train,Nitrate-N,9,0.110666667
y_true_train,Nitrate-N,9,0.152333333
y_true_train,Nitrate-N,9,0.132333333
y_true_train,Nitrate-N,9,0.244666667
y_true_train,Nitrate-N,9,0.789
y_true_train,Nitrate-N,9,0.192666667
y_true_train,Nitrate-N,9,0.361757248
y_true_train,Nitrate-N,9,0.122666667
y_true_train,Nitrate-N,9,0.630666667
y_true_train,Nitrate-N,9,0.013
y_true_train,Nitrate-N,9,0.014086754
y_true_train,Nitrate-N,9,0.011
y_true_train,Nitrate-N,9,0.137333333
y_true_train,Nitrate-N,9,0.294984357
y_true_train,Nitrate-N,9,0.166666667
y_true_train,Nitrate-N,9,3.665666667
y_true_train,Nitrate-N,9,0.439971979
y_true_train,Nitrate-N,9,0.235
y_true_train,Nitrate-N,9,0.17
y_true_train,Nitrate-N,9,0.011
y_true_test,Nitrate-N,9,0.150333333
y_true_test,Nitrate-N,9,0.131
y_true_test,Nitrate-N,9,0.336795488
y_true_test,Nitrate-N,9,2.28
y_true_test,Nitrate-N,9,0.040627835
y_true_test,Nitrate-N,9,0.116666667
y_true_test,Nitrate-N,9,0.002333333
y_true_test,Nitrate-N,9,0.273394835
y_true_test,Nitrate-N,9,0.052136398
y_true_test,Nitrate-N,9,4.182333333
y_true_test,Nitrate-N,9,0.148140528
y_true_test,Nitrate-N,9,2.539583346
y_true_test,Nitrate-N,9,0.41
y_true_test,Nitrate-N,9,0.113333333
y_true_test,Nitrate-N,9,0.153138762
y_true_test,Nitrate-N,9,0.131905178
y_true_test,Nitrate-N,9,0.647288174
y_true_test,Nitrate-N,9,0.273
y_true_test,Nitrate-N,9,0.014333333
y_true_test,Nitrate-N,9,0.264333333
y_true_test,Nitrate-N,9,0.128
y_true_test,Nitrate-N,9,0.401233963
y_true_test,Nitrate-N,9,0.084
y_true_test,Nitrate-N,9,0.205742231
y_true_test,Nitrate-N,9,0.04
y_true_test,Nitrate-N,9,0.217333333
y_true_test,Nitrate-N,9,0.148140528
y_true_test,Nitrate-N,9,0.182
y_true_test,Nitrate-N,9,0.113333333
y_true_test,Nitrate-N,9,3.105
y_true_test,Nitrate-N,9,0.023333333
y_true_test,Nitrate-N,9,0.233666667
y_true_test,Nitrate-N,9,0.08
y_true_test,Nitrate-N,9,0.17
y_true_test,Nitrate-N,9,0.16
y_true_test,Nitrate-N,9,0.215
y_true_test,Nitrate-N,9,0.219
y_true_test,Nitrate-N,9,3.498
y_true_test,Nitrate-N,9,1.42
y_true_test,Nitrate-N,9,0.471333333
y_true_test,Nitrate-N,9,0.564666667
y_true_test,Nitrate-N,9,0.153138762
y_true_test,Nitrate-N,9,0.108333333
y_true_test,Nitrate-N,9,0.994
y_true_test,Nitrate-N,9,0.002666667
y_true_test,Nitrate-N,9,0.192666667
y_true_test,Nitrate-N,9,0.249333333
y_true_test,Nitrate-N,9,0.141333333
y_true_test,Nitrate-N,9,2.611691805
y_true_test,Nitrate-N,9,0.104333333
y_true_test,Nitrate-N,9,0.13339733
y_true_test,Nitrate-N,9,0.632
test_ind,Nitrate-N,9,28.0
test_ind,Nitrate-N,9,382.0
test_ind,Nitrate-N,9,172.0
test_ind,Nitrate-N,9,343.0
test_ind,Nitrate-N,9,99.0
test_ind,Nitrate-N,9,238.0
test_ind,Nitrate-N,9,38.0
test_ind,Nitrate-N,9,173.0
test_ind,Nitrate-N,9,79.0
test_ind,Nitrate-N,9,365.0
test_ind,Nitrate-N,9,78.0
test_ind,Nitrate-N,9,193.0
test_ind,Nitrate-N,9,324.0
test_ind,Nitrate-N,9,170.0
test_ind,Nitrate-N,9,126.0
test_ind,Nitrate-N,9,136.0
test_ind,Nitrate-N,9,143.0
test_ind,Nitrate-N,9,233.0
test_ind,Nitrate-N,9,59.0
test_ind,Nitrate-N,9,61.0
test_ind,Nitrate-N,9,300.0
test_ind,Nitrate-N,9,123.0
test_ind,Nitrate-N,9,14.0
test_ind,Nitrate-N,9,212.0
test_ind,Nitrate-N,9,302.0
test_ind,Nitrate-N,9,65.0
test_ind,Nitrate-N,9,77.0
test_ind,Nitrate-N,9,57.0
test_ind,Nitrate-N,9,171.0
test_ind,Nitrate-N,9,67.0
test_ind,Nitrate-N,9,370.0
test_ind,Nitrate-N,9,333.0
test_ind,Nitrate-N,9,329.0
test_ind,Nitrate-N,9,339.0
test_ind,Nitrate-N,9,8.0
test_ind,Nitrate-N,9,17.0
test_ind,Nitrate-N,9,386.0
test_ind,Nitrate-N,9,6.0
test_ind,Nitrate-N,9,55.0
test_ind,Nitrate-N,9,48.0
test_ind,Nitrate-N,9,269.0
test_ind,Nitrate-N,9,125.0
test_ind,Nitrate-N,9,216.0
test_ind,Nitrate-N,9,281.0
test_ind,Nitrate-N,9,16.0
test_ind,Nitrate-N,9,351.0
test_ind,Nitrate-N,9,319.0
test_ind,Nitrate-N,9,42.0
test_ind,Nitrate-N,9,187.0
test_ind,Nitrate-N,9,347.0
test_ind,Nitrate-N,9,98.0
test_ind,Nitrate-N,9,392.0
train_ind,Nitrate-N,9,359.0
train_ind,Nitrate-N,9,243.0
train_ind,Nitrate-N,9,51.0
train_ind,Nitrate-N,9,217.0
train_ind,Nitrate-N,9,262.0
train_ind,Nitrate-N,9,244.0
train_ind,Nitrate-N,9,75.0
train_ind,Nitrate-N,9,344.0
train_ind,Nitrate-N,9,104.0
train_ind,Nitrate-N,9,231.0
train_ind,Nitrate-N,9,102.0
train_ind,Nitrate-N,9,2.0
train_ind,Nitrate-N,9,258.0
train_ind,Nitrate-N,9,15.0
train_ind,Nitrate-N,9,326.0
train_ind,Nitrate-N,9,323.0
train_ind,Nitrate-N,9,232.0
train_ind,Nitrate-N,9,372.0
train_ind,Nitrate-N,9,346.0
train_ind,Nitrate-N,9,266.0
train_ind,Nitrate-N,9,20.0
train_ind,Nitrate-N,9,362.0
train_ind,Nitrate-N,9,248.0
train_ind,Nitrate-N,9,268.0
train_ind,Nitrate-N,9,218.0
train_ind,Nitrate-N,9,378.0
train_ind,Nitrate-N,9,299.0
train_ind,Nitrate-N,9,342.0
train_ind,Nitrate-N,9,23.0
train_ind,Nitrate-N,9,194.0
train_ind,Nitrate-N,9,191.0
train_ind,Nitrate-N,9,139.0
train_ind,Nitrate-N,9,293.0
train_ind,Nitrate-N,9,395.0
train_ind,Nitrate-N,9,219.0
train_ind,Nitrate-N,9,72.0
train_ind,Nitrate-N,9,220.0
train_ind,Nitrate-N,9,318.0
train_ind,Nitrate-N,9,165.0
train_ind,Nitrate-N,9,76.0
train_ind,Nitrate-N,9,215.0
train_ind,Nitrate-N,9,69.0
train_ind,Nitrate-N,9,374.0
train_ind,Nitrate-N,9,389.0
train_ind,Nitrate-N,9,366.0
train_ind,Nitrate-N,9,190.0
train_ind,Nitrate-N,9,29.0
train_ind,Nitrate-N,9,349.0
train_ind,Nitrate-N,9,274.0
train_ind,Nitrate-N,9,252.0
train_ind,Nitrate-N,9,36.0
train_ind,Nitrate-N,9,361.0
train_ind,Nitrate-N,9,247.0
train_ind,Nitrate-N,9,213.0
train_ind,Nitrate-N,9,119.0
train_ind,Nitrate-N,9,279.0
train_ind,Nitrate-N,9,311.0
train_ind,Nitrate-N,9,95.0
train_ind,Nitrate-N,9,94.0
train_ind,Nitrate-N,9,358.0
train_ind,Nitrate-N,9,278.0
train_ind,Nitrate-N,9,144.0
train_ind,Nitrate-N,9,249.0
train_ind,Nitrate-N,9,122.0
train_ind,Nitrate-N,9,64.0
train_ind,Nitrate-N,9,168.0
train_ind,Nitrate-N,9,260.0
train_ind,Nitrate-N,9,103.0
train_ind,Nitrate-N,9,291.0
train_ind,Nitrate-N,9,280.0
train_ind,Nitrate-N,9,34.0
train_ind,Nitrate-N,9,284.0
train_ind,Nitrate-N,9,390.0
train_ind,Nitrate-N,9,174.0
train_ind,Nitrate-N,9,192.0
train_ind,Nitrate-N,9,287.0
train_ind,Nitrate-N,9,270.0
train_ind,Nitrate-N,9,74.0
train_ind,Nitrate-N,9,3.0
train_ind,Nitrate-N,9,175.0
train_ind,Nitrate-N,9,345.0
train_ind,Nitrate-N,9,52.0
train_ind,Nitrate-N,9,12.0
train_ind,Nitrate-N,9,320.0
train_ind,Nitrate-N,9,188.0
train_ind,Nitrate-N,9,373.0
train_ind,Nitrate-N,9,124.0
train_ind,Nitrate-N,9,250.0
train_ind,Nitrate-N,9,9.0
train_ind,Nitrate-N,9,381.0
train_ind,Nitrate-N,9,385.0
train_ind,Nitrate-N,9,164.0
train_ind,Nitrate-N,9,141.0
train_ind,Nitrate-N,9,341.0
train_ind,Nitrate-N,9,265.0
train_ind,Nitrate-N,9,121.0
train_ind,Nitrate-N,9,391.0
train_ind,Nitrate-N,9,332.0
train_ind,Nitrate-N,9,295.0
train_ind,Nitrate-N,9,41.0
train_ind,Nitrate-N,9,338.0
train_ind,Nitrate-N,9,315.0
train_ind,Nitrate-N,9,39.0
train_ind,Nitrate-N,9,27.0
train_ind,Nitrate-N,9,298.0
train_ind,Nitrate-N,9,304.0
train_ind,Nitrate-N,9,145.0
train_ind,Nitrate-N,9,312.0
train_ind,Nitrate-N,9,236.0
train_ind,Nitrate-N,9,292.0
train_ind,Nitrate-N,9,80.0
train_ind,Nitrate-N,9,142.0
train_ind,Nitrate-N,9,49.0
train_ind,Nitrate-N,9,167.0
train_ind,Nitrate-N,9,305.0
train_ind,Nitrate-N,9,353.0
train_ind,Nitrate-N,9,138.0
train_ind,Nitrate-N,9,398.0
train_ind,Nitrate-N,9,237.0
train_ind,Nitrate-N,9,306.0
test_rsq,Nitrate-N,9,0.9419682511678736
train_rsq,Nitrate-N,9,0.9790464432104713
test_rmse,Nitrate-N,9,0.22927821740411444
train_rmse,Nitrate-N,9,0.13470285968577306
test_mape,Nitrate-N,9,317.12477837785246
train_mape,Nitrate-N,9,119.3777873954369
n_comp,Nitrate-N,9,12.0
y_hat_test,Nitrate-N,10,0.5110084459181051
y_hat_test,Nitrate-N,10,2.1893621940549455
y_hat_test,Nitrate-N,10,0.626691068572087
y_hat_test,Nitrate-N,10,0.17093813131337288
y_hat_test,Nitrate-N,10,0.25054941342384407
y_hat_test,Nitrate-N,10,0.5557375178653609
y_hat_test,Nitrate-N,10,0.21024435905399924
y_hat_test,Nitrate-N,10,0.27797756968230025
y_hat_test,Nitrate-N,10,1.4512110737112092
y_hat_test,Nitrate-N,10,0.29407183608181287
y_hat_test,Nitrate-N,10,0.08003268586196732
y_hat_test,Nitrate-N,10,2.565689817711092
y_hat_test,Nitrate-N,10,0.4063936827571648
y_hat_test,Nitrate-N,10,0.14911418888016897
y_hat_test,Nitrate-N,10,0.1854750722567074
y_hat_test,Nitrate-N,10,0.159101117291773
y_hat_test,Nitrate-N,10,0.14170856270208193
y_hat_test,Nitrate-N,10,-0.24127511543432295
y_hat_test,Nitrate-N,10,0.21348538697194136
y_hat_test,Nitrate-N,10,0.40874142361562044
y_hat_test,Nitrate-N,10,3.480307731843976
y_hat_test,Nitrate-N,10,0.6355264233674448
y_hat_test,Nitrate-N,10,3.0925797780824347
y_hat_test,Nitrate-N,10,0.1267174205849983
y_hat_test,Nitrate-N,10,0.22491004353126987
y_hat_test,Nitrate-N,10,2.6009853828090024
y_hat_test,Nitrate-N,10,0.0055904260804762185
y_hat_test,Nitrate-N,10,0.16755605579517968
y_hat_test,Nitrate-N,10,0.37349289634252814
y_hat_test,Nitrate-N,10,-0.11728961525736475
y_hat_test,Nitrate-N,10,0.13939369491919174
y_hat_test,Nitrate-N,10,2.295594122018721
y_hat_test,Nitrate-N,10,0.4640883371329631
y_hat_test,Nitrate-N,10,3.988144124669249
y_hat_test,Nitrate-N,10,0.03517762447212802
y_hat_test,Nitrate-N,10,0.4225023239567584
y_hat_test,Nitrate-N,10,0.35984581318176234
y_hat_test,Nitrate-N,10,-0.07797766961362845
y_hat_test,Nitrate-N,10,0.5152490904494228
y_hat_test,Nitrate-N,10,0.05557443844701726
y_hat_test,Nitrate-N,10,0.44058191037119554
y_hat_test,Nitrate-N,10,0.46019655554674305
y_hat_test,Nitrate-N,10,0.6892592693282837
y_hat_test,Nitrate-N,10,0.2022654748946392
y_hat_test,Nitrate-N,10,3.641673391487336
y_hat_test,Nitrate-N,10,0.25165268016804104
y_hat_test,Nitrate-N,10,0.5598049919952285
y_hat_test,Nitrate-N,10,0.44380263441097545
y_hat_test,Nitrate-N,10,0.2226257775583308
y_hat_test,Nitrate-N,10,0.2646618371900835
y_hat_test,Nitrate-N,10,0.2702589393685182
y_hat_test,Nitrate-N,10,-0.008417740107995286
y_hat_train,Nitrate-N,10,1.1527359703591498
y_hat_train,Nitrate-N,10,0.3830980923722793
y_hat_train,Nitrate-N,10,3.412342467310897
y_hat_train,Nitrate-N,10,0.47924721744144666
y_hat_train,Nitrate-N,10,0.11138291924017674
y_hat_train,Nitrate-N,10,0.10776667114532223
y_hat_train,Nitrate-N,10,0.3015578898629351
y_hat_train,Nitrate-N,10,0.27933925351804223
y_hat_train,Nitrate-N,10,0.20954056740546928
y_hat_train,Nitrate-N,10,0.04467426693261545
y_hat_train,Nitrate-N,10,0.3175135000665479
y_hat_train,Nitrate-N,10,0.2255481477412793
y_hat_train,Nitrate-N,10,2.6271715259491724
y_hat_train,Nitrate-N,10,0.13267618577240098
y_hat_train,Nitrate-N,10,0.12863568330996322
y_hat_train,Nitrate-N,10,0.19180140031682485
y_hat_train,Nitrate-N,10,0.19818952338416385
y_hat_train,Nitrate-N,10,0.14373096612324254
y_hat_train,Nitrate-N,10,-0.03916236426973824
y_hat_train,Nitrate-N,10,0.17477270125667643
y_hat_train,Nitrate-N,10,1.8027435430716303
y_hat_train,Nitrate-N,10,0.03665357808199837
y_hat_train,Nitrate-N,10,0.17525554661687126
y_hat_train,Nitrate-N,10,0.10927922950448116
y_hat_train,Nitrate-N,10,0.12865590452733483
y_hat_train,Nitrate-N,10,0.45497227509615135
y_hat_train,Nitrate-N,10,0.12034315407620949
y_hat_train,Nitrate-N,10,0.6871373233553697
y_hat_train,Nitrate-N,10,0.20491946994398424
y_hat_train,Nitrate-N,10,0.14335027168962422
y_hat_train,Nitrate-N,10,1.6515524324997743
y_hat_train,Nitrate-N,10,0.15967955778387122
y_hat_train,Nitrate-N,10,0.11118662368475213
y_hat_train,Nitrate-N,10,1.530032650570093
y_hat_train,Nitrate-N,10,0.28941253684174906
y_hat_train,Nitrate-N,10,0.24442352087864386
y_hat_train,Nitrate-N,10,0.02425211711503339
y_hat_train,Nitrate-N,10,0.2824160489814286
y_hat_train,Nitrate-N,10,0.20754586170373923
y_hat_train,Nitrate-N,10,2.0337875330471937
y_hat_train,Nitrate-N,10,0.02056737256934693
y_hat_train,Nitrate-N,10,3.1739757786532588
y_hat_train,Nitrate-N,10,0.14678328578213617
y_hat_train,Nitrate-N,10,0.2177663411281407
y_hat_train,Nitrate-N,10,0.09992750582965398
y_hat_train,Nitrate-N,10,0.2531123941680838
y_hat_train,Nitrate-N,10,0.18819075857749662
y_hat_train,Nitrate-N,10,0.07207130262093486
y_hat_train,Nitrate-N,10,0.3145766587310842
y_hat_train,Nitrate-N,10,0.16242296736718503
y_hat_train,Nitrate-N,10,0.22430391493991053
y_hat_train,Nitrate-N,10,0.04534098450035684
y_hat_train,Nitrate-N,10,-0.009241202600109133
y_hat_train,Nitrate-N,10,0.02416406943016919
y_hat_train,Nitrate-N,10,0.3660089135831155
y_hat_train,Nitrate-N,10,-0.031747679712849586
y_hat_train,Nitrate-N,10,0.13809346156830804
y_hat_train,Nitrate-N,10,0.2756225568687175
y_hat_train,Nitrate-N,10,0.3799389672718386
y_hat_train,Nitrate-N,10,0.13855803422581386
y_hat_train,Nitrate-N,10,0.0411573824262757
y_hat_train,Nitrate-N,10,2.2073254710420613
y_hat_train,Nitrate-N,10,0.0880949815664202
y_hat_train,Nitrate-N,10,0.2295722858950054
y_hat_train,Nitrate-N,10,0.35303133058762715
y_hat_train,Nitrate-N,10,0.26470891536611274
y_hat_train,Nitrate-N,10,3.459153156912326
y_hat_train,Nitrate-N,10,0.20563431025464768
y_hat_train,Nitrate-N,10,0.2802785582369756
y_hat_train,Nitrate-N,10,0.08614359205610378
y_hat_train,Nitrate-N,10,0.10582852109336621
y_hat_train,Nitrate-N,10,0.701377326831153
y_hat_train,Nitrate-N,10,0.1525488280289285
y_hat_train,Nitrate-N,10,-0.0842386100130072
y_hat_train,Nitrate-N,10,0.24471617537724724
y_hat_train,Nitrate-N,10,-0.11435217941652814
y_hat_train,Nitrate-N,10,0.571591240468311
y_hat_train,Nitrate-N,10,3.040218324798649
y_hat_train,Nitrate-N,10,-0.17928190842471864
y_hat_train,Nitrate-N,10,0.22089300934261163
y_hat_train,Nitrate-N,10,0.13182736116253974
y_hat_train,Nitrate-N,10,0.16194173733434136
y_hat_train,Nitrate-N,10,-0.023573411808824163
y_hat_train,Nitrate-N,10,-0.03428374198405676
y_hat_train,Nitrate-N,10,0.30192704210416177
y_hat_train,Nitrate-N,10,3.0924766740842347
y_hat_train,Nitrate-N,10,0.3520525486521073
y_hat_train,Nitrate-N,10,3.2984959157759204
y_hat_train,Nitrate-N,10,0.5425676304542482
y_hat_train,Nitrate-N,10,0.18845230330837415
y_hat_train,Nitrate-N,10,0.17852649737145726
y_hat_train,Nitrate-N,10,0.22214087573819224
y_hat_train,Nitrate-N,10,0.10631696187475181
y_hat_train,Nitrate-N,10,0.0299665224027732
y_hat_train,Nitrate-N,10,2.3848804100755205
y_hat_train,Nitrate-N,10,0.09012166154505852
y_hat_train,Nitrate-N,10,0.06378731896635192
y_hat_train,Nitrate-N,10,0.16317015961632325
y_hat_train,Nitrate-N,10,0.2227036656659493
y_hat_train,Nitrate-N,10,0.23461943499263105
y_hat_train,Nitrate-N,10,0.6255272678257259
y_hat_train,Nitrate-N,10,0.3699892737025866
y_hat_train,Nitrate-N,10,0.1457300879798531
y_hat_train,Nitrate-N,10,0.22587339730951467
y_hat_train,Nitrate-N,10,0.21646786844722266
y_hat_train,Nitrate-N,10,0.08425739150226608
y_hat_train,Nitrate-N,10,0.1580643736017905
y_hat_train,Nitrate-N,10,-0.02483503759105038
y_hat_train,Nitrate-N,10,0.27349539643119003
y_hat_train,Nitrate-N,10,2.5869212803312824
y_hat_train,Nitrate-N,10,-0.10361975543175067
y_hat_train,Nitrate-N,10,0.19665056886351845
y_hat_train,Nitrate-N,10,0.15967306893431432
y_hat_train,Nitrate-N,10,0.229090908326388
y_hat_train,Nitrate-N,10,0.08872292362749357
y_hat_train,Nitrate-N,10,0.8102883108252921
y_hat_train,Nitrate-N,10,0.165761390569025
y_hat_train,Nitrate-N,10,0.019284700437848024
y_hat_train,Nitrate-N,10,0.11660652023240109
y_hat_train,Nitrate-N,10,0.21958237350208099
y_true_train,Nitrate-N,10,1.146333333
y_true_train,Nitrate-N,10,0.558333333
y_true_train,Nitrate-N,10,3.498
y_true_train,Nitrate-N,10,0.336795488
y_true_train,Nitrate-N,10,0.046666667
y_true_train,Nitrate-N,10,0.148140528
y_true_train,Nitrate-N,10,0.284944721
y_true_train,Nitrate-N,10,0.198179175
y_true_train,Nitrate-N,10,0.235
y_true_train,Nitrate-N,10,0.091
y_true_train,Nitrate-N,10,0.275
y_true_train,Nitrate-N,10,0.108333333
y_true_train,Nitrate-N,10,2.539583346
y_true_train,Nitrate-N,10,0.273394835
y_true_train,Nitrate-N,10,0.17
y_true_train,Nitrate-N,10,0.178
y_true_train,Nitrate-N,10,0.162743322
y_true_train,Nitrate-N,10,0.140333333
y_true_train,Nitrate-N,10,0.038
y_true_train,Nitrate-N,10,0.146508959
y_true_train,Nitrate-N,10,1.42
y_true_train,Nitrate-N,10,0.153138762
y_true_train,Nitrate-N,10,0.160333333
y_true_train,Nitrate-N,10,0.248333333
y_true_train,Nitrate-N,10,0.401233963
y_true_train,Nitrate-N,10,0.361666667
y_true_train,Nitrate-N,10,0.044666667
y_true_train,Nitrate-N,10,0.557
y_true_train,Nitrate-N,10,0.16
y_true_train,Nitrate-N,10,0.203
y_true_train,Nitrate-N,10,1.687
y_true_train,Nitrate-N,10,0.155666667
y_true_train,Nitrate-N,10,0.148140528
y_true_train,Nitrate-N,10,1.549666667
y_true_train,Nitrate-N,10,0.322666667
y_true_train,Nitrate-N,10,0.325615728
y_true_train,Nitrate-N,10,0.110666667
y_true_train,Nitrate-N,10,0.196
y_true_train,Nitrate-N,10,0.046914199
y_true_train,Nitrate-N,10,1.965431456
y_true_train,Nitrate-N,10,0.08
y_true_train,Nitrate-N,10,3.665666667
y_true_train,Nitrate-N,10,0.054
y_true_train,Nitrate-N,10,0.244666667
y_true_train,Nitrate-N,10,0.227333333
y_true_train,Nitrate-N,10,0.137333333
y_true_train,Nitrate-N,10,0.206816238
y_true_train,Nitrate-N,10,0.084
y_true_train,Nitrate-N,10,0.215666667
y_true_train,Nitrate-N,10,0.141
y_true_train,Nitrate-N,10,0.249333333
y_true_train,Nitrate-N,10,0.122666667
y_true_train,Nitrate-N,10,0.012333333
y_true_train,Nitrate-N,10,0.104333333
y_true_train,Nitrate-N,10,0.077
y_true_train,Nitrate-N,10,0.029
y_true_train,Nitrate-N,10,0.131
y_true_train,Nitrate-N,10,0.192666667
y_true_train,Nitrate-N,10,0.605
y_true_train,Nitrate-N,10,0.167666667
y_true_train,Nitrate-N,10,0.040627835
y_true_train,Nitrate-N,10,2.438333333
y_true_train,Nitrate-N,10,0.023
y_true_train,Nitrate-N,10,0.237415705
y_true_train,Nitrate-N,10,0.192666667
y_true_train,Nitrate-N,10,0.264333333
y_true_train,Nitrate-N,10,3.455
y_true_train,Nitrate-N,10,0.129333333
y_true_train,Nitrate-N,10,0.290190215
y_true_train,Nitrate-N,10,0.002333333
y_true_train,Nitrate-N,10,0.011333333
y_true_train,Nitrate-N,10,0.468666667
y_true_train,Nitrate-N,10,0.272591332
y_true_train,Nitrate-N,10,0.080333333
y_true_train,Nitrate-N,10,0.205742231
y_true_train,Nitrate-N,10,0.029
y_true_train,Nitrate-N,10,0.632
y_true_train,Nitrate-N,10,3.177604111
y_true_train,Nitrate-N,10,0.028666667
y_true_train,Nitrate-N,10,0.138666667
y_true_train,Nitrate-N,10,0.116666667
y_true_train,Nitrate-N,10,0.132333333
y_true_train,Nitrate-N,10,0.014333333
y_true_train,Nitrate-N,10,0.012333333
y_true_train,Nitrate-N,10,0.351510981
y_true_train,Nitrate-N,10,3.105
y_true_train,Nitrate-N,10,0.294984357
y_true_train,Nitrate-N,10,2.861333333
y_true_train,Nitrate-N,10,0.217333333
y_true_train,Nitrate-N,10,0.128214103
y_true_train,Nitrate-N,10,0.17
y_true_train,Nitrate-N,10,0.318333333
y_true_train,Nitrate-N,10,0.011
y_true_train,Nitrate-N,10,0.150333333
y_true_train,Nitrate-N,10,2.524276858
y_true_train,Nitrate-N,10,0.101
y_true_train,Nitrate-N,10,0.219
y_true_train,Nitrate-N,10,0.037253617
y_true_train,Nitrate-N,10,0.361757248
y_true_train,Nitrate-N,10,0.128
y_true_train,Nitrate-N,10,0.564666667
y_true_train,Nitrate-N,10,0.242114912
y_true_train,Nitrate-N,10,0.153138762
y_true_train,Nitrate-N,10,0.110666667
y_true_train,Nitrate-N,10,0.090666667
y_true_train,Nitrate-N,10,0.061333333
y_true_train,Nitrate-N,10,0.188333333
y_true_train,Nitrate-N,10,0.014086754
y_true_train,Nitrate-N,10,0.287666667
y_true_train,Nitrate-N,10,2.611691805
y_true_train,Nitrate-N,10,0.002666667
y_true_train,Nitrate-N,10,0.054
y_true_train,Nitrate-N,10,0.023333333
y_true_train,Nitrate-N,10,0.206
y_true_train,Nitrate-N,10,0.04
y_true_train,Nitrate-N,10,0.994
y_true_train,Nitrate-N,10,0.216533333
y_true_train,Nitrate-N,10,0.171333333
y_true_train,Nitrate-N,10,0.166666667
y_true_train,Nitrate-N,10,0.215
y_true_test,Nitrate-N,10,0.265
y_true_test,Nitrate-N,10,2.300666667
y_true_test,Nitrate-N,10,0.113333333
y_true_test,Nitrate-N,10,0.172333333
y_true_test,Nitrate-N,10,0.08225616
y_true_test,Nitrate-N,10,0.113333333
y_true_test,Nitrate-N,10,0.273
y_true_test,Nitrate-N,10,0.05942377
y_true_test,Nitrate-N,10,1.501333333
y_true_test,Nitrate-N,10,0.077
y_true_test,Nitrate-N,10,0.044666667
y_true_test,Nitrate-N,10,2.544333333
y_true_test,Nitrate-N,10,0.011
y_true_test,Nitrate-N,10,0.157333333
y_true_test,Nitrate-N,10,0.323333333
y_true_test,Nitrate-N,10,0.141333333
y_true_test,Nitrate-N,10,0.006474193
y_true_test,Nitrate-N,10,0.052136398
y_true_test,Nitrate-N,10,0.075333333
y_true_test,Nitrate-N,10,0.326333333
y_true_test,Nitrate-N,10,3.455
y_true_test,Nitrate-N,10,0.789
y_true_test,Nitrate-N,10,4.182333333
y_true_test,Nitrate-N,10,0.233666667
y_true_test,Nitrate-N,10,0.337
y_true_test,Nitrate-N,10,2.243
y_true_test,Nitrate-N,10,0.272591332
y_true_test,Nitrate-N,10,0.152333333
y_true_test,Nitrate-N,10,0.142333333
y_true_test,Nitrate-N,10,0.013
y_true_test,Nitrate-N,10,0.103
y_true_test,Nitrate-N,10,2.28
y_true_test,Nitrate-N,10,0.283666667
y_true_test,Nitrate-N,10,5.165333333
y_true_test,Nitrate-N,10,0.182
y_true_test,Nitrate-N,10,0.647288174
y_true_test,Nitrate-N,10,0.131905178
y_true_test,Nitrate-N,10,0.197
y_true_test,Nitrate-N,10,0.011
y_true_test,Nitrate-N,10,0.387333333
y_true_test,Nitrate-N,10,0.471333333
y_true_test,Nitrate-N,10,0.368333333
y_true_test,Nitrate-N,10,0.636679275
y_true_test,Nitrate-N,10,0.439971979
y_true_test,Nitrate-N,10,2.810666667
y_true_test,Nitrate-N,10,0.128214103
y_true_test,Nitrate-N,10,0.630666667
y_true_test,Nitrate-N,10,0.13339733
y_true_test,Nitrate-N,10,0.088
y_true_test,Nitrate-N,10,0.108333333
y_true_test,Nitrate-N,10,0.41
y_true_test,Nitrate-N,10,0.012333333
test_ind,Nitrate-N,10,279.0
test_ind,Nitrate-N,10,41.0
test_ind,Nitrate-N,10,171.0
test_ind,Nitrate-N,10,266.0
test_ind,Nitrate-N,10,168.0
test_ind,Nitrate-N,10,170.0
test_ind,Nitrate-N,10,233.0
test_ind,Nitrate-N,10,104.0
test_ind,Nitrate-N,10,20.0
test_ind,Nitrate-N,10,121.0
test_ind,Nitrate-N,10,349.0
test_ind,Nitrate-N,10,249.0
test_ind,Nitrate-N,10,142.0
test_ind,Nitrate-N,10,250.0
test_ind,Nitrate-N,10,391.0
test_ind,Nitrate-N,10,42.0
test_ind,Nitrate-N,10,213.0
test_ind,Nitrate-N,10,79.0
test_ind,Nitrate-N,10,278.0
test_ind,Nitrate-N,10,3.0
test_ind,Nitrate-N,10,191.0
test_ind,Nitrate-N,10,298.0
test_ind,Nitrate-N,10,365.0
test_ind,Nitrate-N,10,333.0
test_ind,Nitrate-N,10,260.0
test_ind,Nitrate-N,10,265.0
test_ind,Nitrate-N,10,175.0
test_ind,Nitrate-N,10,315.0
test_ind,Nitrate-N,10,274.0
test_ind,Nitrate-N,10,292.0
test_ind,Nitrate-N,10,326.0
test_ind,Nitrate-N,10,343.0
test_ind,Nitrate-N,10,381.0
test_ind,Nitrate-N,10,295.0
test_ind,Nitrate-N,10,57.0
test_ind,Nitrate-N,10,143.0
test_ind,Nitrate-N,10,136.0
test_ind,Nitrate-N,10,52.0
test_ind,Nitrate-N,10,141.0
test_ind,Nitrate-N,10,291.0
test_ind,Nitrate-N,10,48.0
test_ind,Nitrate-N,10,280.0
test_ind,Nitrate-N,10,144.0
test_ind,Nitrate-N,10,138.0
test_ind,Nitrate-N,10,284.0
test_ind,Nitrate-N,10,220.0
test_ind,Nitrate-N,10,236.0
test_ind,Nitrate-N,10,98.0
test_ind,Nitrate-N,10,345.0
test_ind,Nitrate-N,10,215.0
test_ind,Nitrate-N,10,324.0
test_ind,Nitrate-N,10,75.0
train_ind,Nitrate-N,10,320.0
train_ind,Nitrate-N,10,344.0
train_ind,Nitrate-N,10,6.0
train_ind,Nitrate-N,10,172.0
train_ind,Nitrate-N,10,248.0
train_ind,Nitrate-N,10,78.0
train_ind,Nitrate-N,10,124.0
train_ind,Nitrate-N,10,164.0
train_ind,Nitrate-N,10,398.0
train_ind,Nitrate-N,10,372.0
train_ind,Nitrate-N,10,332.0
train_ind,Nitrate-N,10,216.0
train_ind,Nitrate-N,10,193.0
train_ind,Nitrate-N,10,173.0
train_ind,Nitrate-N,10,339.0
train_ind,Nitrate-N,10,244.0
train_ind,Nitrate-N,10,94.0
train_ind,Nitrate-N,10,69.0
train_ind,Nitrate-N,10,395.0
train_ind,Nitrate-N,10,119.0
train_ind,Nitrate-N,10,55.0
train_ind,Nitrate-N,10,125.0
train_ind,Nitrate-N,10,258.0
train_ind,Nitrate-N,10,299.0
train_ind,Nitrate-N,10,123.0
train_ind,Nitrate-N,10,29.0
train_ind,Nitrate-N,10,385.0
train_ind,Nitrate-N,10,64.0
train_ind,Nitrate-N,10,8.0
train_ind,Nitrate-N,10,51.0
train_ind,Nitrate-N,10,311.0
train_ind,Nitrate-N,10,374.0
train_ind,Nitrate-N,10,77.0
train_ind,Nitrate-N,10,378.0
train_ind,Nitrate-N,10,373.0
train_ind,Nitrate-N,10,102.0
train_ind,Nitrate-N,10,268.0
train_ind,Nitrate-N,10,318.0
train_ind,Nitrate-N,10,95.0
train_ind,Nitrate-N,10,194.0
train_ind,Nitrate-N,10,329.0
train_ind,Nitrate-N,10,353.0
train_ind,Nitrate-N,10,342.0
train_ind,Nitrate-N,10,27.0
train_ind,Nitrate-N,10,358.0
train_ind,Nitrate-N,10,49.0
train_ind,Nitrate-N,10,218.0
train_ind,Nitrate-N,10,14.0
train_ind,Nitrate-N,10,262.0
train_ind,Nitrate-N,10,359.0
train_ind,Nitrate-N,10,319.0
train_ind,Nitrate-N,10,312.0
train_ind,Nitrate-N,10,74.0
train_ind,Nitrate-N,10,347.0
train_ind,Nitrate-N,10,122.0
train_ind,Nitrate-N,10,270.0
train_ind,Nitrate-N,10,382.0
train_ind,Nitrate-N,10,304.0
train_ind,Nitrate-N,10,9.0
train_ind,Nitrate-N,10,12.0
train_ind,Nitrate-N,10,99.0
train_ind,Nitrate-N,10,389.0
train_ind,Nitrate-N,10,247.0
train_ind,Nitrate-N,10,217.0
train_ind,Nitrate-N,10,351.0
train_ind,Nitrate-N,10,61.0
train_ind,Nitrate-N,10,190.0
train_ind,Nitrate-N,10,15.0
train_ind,Nitrate-N,10,103.0
train_ind,Nitrate-N,10,38.0
train_ind,Nitrate-N,10,23.0
train_ind,Nitrate-N,10,361.0
train_ind,Nitrate-N,10,174.0
train_ind,Nitrate-N,10,293.0
train_ind,Nitrate-N,10,212.0
train_ind,Nitrate-N,10,323.0
train_ind,Nitrate-N,10,392.0
train_ind,Nitrate-N,10,188.0
train_ind,Nitrate-N,10,243.0
train_ind,Nitrate-N,10,346.0
train_ind,Nitrate-N,10,238.0
train_ind,Nitrate-N,10,39.0
train_ind,Nitrate-N,10,59.0
train_ind,Nitrate-N,10,76.0
train_ind,Nitrate-N,10,139.0
train_ind,Nitrate-N,10,67.0
train_ind,Nitrate-N,10,167.0
train_ind,Nitrate-N,10,232.0
train_ind,Nitrate-N,10,65.0
train_ind,Nitrate-N,10,219.0
train_ind,Nitrate-N,10,237.0
train_ind,Nitrate-N,10,341.0
train_ind,Nitrate-N,10,306.0
train_ind,Nitrate-N,10,28.0
train_ind,Nitrate-N,10,192.0
train_ind,Nitrate-N,10,362.0
train_ind,Nitrate-N,10,386.0
train_ind,Nitrate-N,10,72.0
train_ind,Nitrate-N,10,145.0
train_ind,Nitrate-N,10,300.0
train_ind,Nitrate-N,10,269.0
train_ind,Nitrate-N,10,231.0
train_ind,Nitrate-N,10,126.0
train_ind,Nitrate-N,10,338.0
train_ind,Nitrate-N,10,252.0
train_ind,Nitrate-N,10,36.0
train_ind,Nitrate-N,10,287.0
train_ind,Nitrate-N,10,80.0
train_ind,Nitrate-N,10,2.0
train_ind,Nitrate-N,10,187.0
train_ind,Nitrate-N,10,16.0
train_ind,Nitrate-N,10,390.0
train_ind,Nitrate-N,10,370.0
train_ind,Nitrate-N,10,366.0
train_ind,Nitrate-N,10,302.0
train_ind,Nitrate-N,10,281.0
train_ind,Nitrate-N,10,165.0
train_ind,Nitrate-N,10,34.0
train_ind,Nitrate-N,10,305.0
train_ind,Nitrate-N,10,17.0
test_rsq,Nitrate-N,10,0.9193590636349586
train_rsq,Nitrate-N,10,0.9778476676702482
test_rmse,Nitrate-N,10,0.3221799496871078
train_rmse,Nitrate-N,10,0.12334731764216196
test_mape,Nitrate-N,10,307.97085331092256
train_mape,Nitrate-N,10,150.5916360071925
n_comp,Nitrate-N,10,12.0
y_hat_test,Nitrate-N,11,0.04848808007941796
y_hat_test,Nitrate-N,11,0.17228337044703013
y_hat_test,Nitrate-N,11,0.5081501075529897
y_hat_test,Nitrate-N,11,0.6073898144360305
y_hat_test,Nitrate-N,11,0.0557990604440759
y_hat_test,Nitrate-N,11,0.43759510678331437
y_hat_test,Nitrate-N,11,-0.15751605114576817
y_hat_test,Nitrate-N,11,-0.1468664109585346
y_hat_test,Nitrate-N,11,0.08454851793095286
y_hat_test,Nitrate-N,11,0.5618765085018909
y_hat_test,Nitrate-N,11,-0.0677024452096785
y_hat_test,Nitrate-N,11,0.1229660590158187
y_hat_test,Nitrate-N,11,0.08711143032994889
y_hat_test,Nitrate-N,11,-0.0215494640713656
y_hat_test,Nitrate-N,11,0.47181788586901896
y_hat_test,Nitrate-N,11,0.2090896846824739
y_hat_test,Nitrate-N,11,2.7012882667393057
y_hat_test,Nitrate-N,11,0.20798541278505156
y_hat_test,Nitrate-N,11,0.49271832065673415
y_hat_test,Nitrate-N,11,0.017434115138086015
y_hat_test,Nitrate-N,11,0.37373873659793344
y_hat_test,Nitrate-N,11,0.32906685458043683
y_hat_test,Nitrate-N,11,2.293564298745263
y_hat_test,Nitrate-N,11,0.13225033386857488
y_hat_test,Nitrate-N,11,0.1332438871628855
y_hat_test,Nitrate-N,11,0.40006128959841203
y_hat_test,Nitrate-N,11,0.3365858780672434
y_hat_test,Nitrate-N,11,0.4171560626124614
y_hat_test,Nitrate-N,11,3.0366757333135035
y_hat_test,Nitrate-N,11,-0.11389635970939327
y_hat_test,Nitrate-N,11,0.7629700359788681
y_hat_test,Nitrate-N,11,-0.041911062976091484
y_hat_test,Nitrate-N,11,0.12674879701343678
y_hat_test,Nitrate-N,11,0.08948517451454024
y_hat_test,Nitrate-N,11,0.6067437711489525
y_hat_test,Nitrate-N,11,0.34963643958956814
y_hat_test,Nitrate-N,11,0.5032350767405184
y_hat_test,Nitrate-N,11,0.27794055274783
y_hat_test,Nitrate-N,11,-0.046220012170625324
y_hat_test,Nitrate-N,11,0.5015219002517806
y_hat_test,Nitrate-N,11,0.294532513332565
y_hat_test,Nitrate-N,11,0.9032398238258511
y_hat_test,Nitrate-N,11,0.44538732838751566
y_hat_test,Nitrate-N,11,2.8345911670284822
y_hat_test,Nitrate-N,11,0.45587471943881236
y_hat_test,Nitrate-N,11,0.5567081313391555
y_hat_test,Nitrate-N,11,0.34832906475124914
y_hat_test,Nitrate-N,11,0.4353332717141022
y_hat_test,Nitrate-N,11,1.9758931697305164
y_hat_test,Nitrate-N,11,0.5669186512368688
y_hat_test,Nitrate-N,11,0.4101941881332294
y_hat_test,Nitrate-N,11,0.6233930934473056
y_hat_train,Nitrate-N,11,4.138040654018984
y_hat_train,Nitrate-N,11,0.4065456823250236
y_hat_train,Nitrate-N,11,0.26863895587088243
y_hat_train,Nitrate-N,11,0.19192355714625686
y_hat_train,Nitrate-N,11,0.22888380497738686
y_hat_train,Nitrate-N,11,0.20523250220900552
y_hat_train,Nitrate-N,11,0.053059903625588434
y_hat_train,Nitrate-N,11,0.2609222207535783
y_hat_train,Nitrate-N,11,0.07059257200728158
y_hat_train,Nitrate-N,11,0.025677848971391914
y_hat_train,Nitrate-N,11,0.08941507281954614
y_hat_train,Nitrate-N,11,-0.004071686497083782
y_hat_train,Nitrate-N,11,0.08691197232204223
y_hat_train,Nitrate-N,11,0.25257730401479567
y_hat_train,Nitrate-N,11,0.18465263673490212
y_hat_train,Nitrate-N,11,2.47696926022991
y_hat_train,Nitrate-N,11,0.09126290481087895
y_hat_train,Nitrate-N,11,0.10967310504807343
y_hat_train,Nitrate-N,11,0.017383423795919506
y_hat_train,Nitrate-N,11,0.13470367235183078
y_hat_train,Nitrate-N,11,0.05975065083679154
y_hat_train,Nitrate-N,11,0.08036112364048659
y_hat_train,Nitrate-N,11,2.5262272149206964
y_hat_train,Nitrate-N,11,0.017795693647667088
y_hat_train,Nitrate-N,11,0.4893300316441437
y_hat_train,Nitrate-N,11,0.027006833003743957
y_hat_train,Nitrate-N,11,0.114895227739228
y_hat_train,Nitrate-N,11,0.2047975420941936
y_hat_train,Nitrate-N,11,0.16622568540999122
y_hat_train,Nitrate-N,11,0.43942899462909696
y_hat_train,Nitrate-N,11,0.2772464908288633
y_hat_train,Nitrate-N,11,5.13537138341284
y_hat_train,Nitrate-N,11,0.12566001984587188
y_hat_train,Nitrate-N,11,0.21279717545548327
y_hat_train,Nitrate-N,11,0.3084444640776627
y_hat_train,Nitrate-N,11,0.3491390986997595
y_hat_train,Nitrate-N,11,-0.008991612595024123
y_hat_train,Nitrate-N,11,0.196548361151424
y_hat_train,Nitrate-N,11,0.5957942350245049
y_hat_train,Nitrate-N,11,3.068377446806252
y_hat_train,Nitrate-N,11,0.20619114399964572
y_hat_train,Nitrate-N,11,0.046623089282107566
y_hat_train,Nitrate-N,11,0.23803904610922832
y_hat_train,Nitrate-N,11,0.3664183125473396
y_hat_train,Nitrate-N,11,0.7429220579924154
y_hat_train,Nitrate-N,11,0.08263499135367935
y_hat_train,Nitrate-N,11,0.07425708501206646
y_hat_train,Nitrate-N,11,0.24280406622385609
y_hat_train,Nitrate-N,11,2.261467330257092
y_hat_train,Nitrate-N,11,0.14361489604811817
y_hat_train,Nitrate-N,11,0.04730425826093965
y_hat_train,Nitrate-N,11,0.31118348487294034
y_hat_train,Nitrate-N,11,3.490388872659518
y_hat_train,Nitrate-N,11,0.15849125717783813
y_hat_train,Nitrate-N,11,0.31138309388248064
y_hat_train,Nitrate-N,11,0.03879647492894167
y_hat_train,Nitrate-N,11,0.14742807895789473
y_hat_train,Nitrate-N,11,-0.017859679962897057
y_hat_train,Nitrate-N,11,0.027095107084665337
y_hat_train,Nitrate-N,11,-0.008280920324109542
y_hat_train,Nitrate-N,11,1.7315805239551034
y_hat_train,Nitrate-N,11,0.013160994900575318
y_hat_train,Nitrate-N,11,0.04674675789318694
y_hat_train,Nitrate-N,11,1.4633851059728282
y_hat_train,Nitrate-N,11,0.1409203199211989
y_hat_train,Nitrate-N,11,0.11847147323659035
y_hat_train,Nitrate-N,11,0.1336851098066788
y_hat_train,Nitrate-N,11,-0.009334554465770584
y_hat_train,Nitrate-N,11,-0.0611755704583673
y_hat_train,Nitrate-N,11,0.17423788362777248
y_hat_train,Nitrate-N,11,0.22559644194618161
y_hat_train,Nitrate-N,11,0.0078342328440002
y_hat_train,Nitrate-N,11,1.4453889916238245
y_hat_train,Nitrate-N,11,2.313354663532079
y_hat_train,Nitrate-N,11,2.5600080119023962
y_hat_train,Nitrate-N,11,0.17460644645596218
y_hat_train,Nitrate-N,11,0.20587857852517732
y_hat_train,Nitrate-N,11,0.3391594131996915
y_hat_train,Nitrate-N,11,0.13480491338956052
y_hat_train,Nitrate-N,11,0.2936591846373666
y_hat_train,Nitrate-N,11,0.07836468166349808
y_hat_train,Nitrate-N,11,0.31722373495492384
y_hat_train,Nitrate-N,11,0.5618593719049628
y_hat_train,Nitrate-N,11,0.19593926643281434
y_hat_train,Nitrate-N,11,0.04408585886075411
y_hat_train,Nitrate-N,11,0.058750631951403176
y_hat_train,Nitrate-N,11,0.20797160188632186
y_hat_train,Nitrate-N,11,0.5897106085446433
y_hat_train,Nitrate-N,11,2.9501427928642836
y_hat_train,Nitrate-N,11,0.14373087532204876
y_hat_train,Nitrate-N,11,0.24360391214243554
y_hat_train,Nitrate-N,11,0.09987065971002329
y_hat_train,Nitrate-N,11,1.9611304132191898
y_hat_train,Nitrate-N,11,0.06723696490596587
y_hat_train,Nitrate-N,11,2.8141271033046262
y_hat_train,Nitrate-N,11,0.20311078241292269
y_hat_train,Nitrate-N,11,0.08088888560038932
y_hat_train,Nitrate-N,11,0.07397529966434457
y_hat_train,Nitrate-N,11,0.6518324046618684
y_hat_train,Nitrate-N,11,0.3573459807627159
y_hat_train,Nitrate-N,11,0.1753026904743139
y_hat_train,Nitrate-N,11,3.221786946096612
y_hat_train,Nitrate-N,11,0.14556677587577482
y_hat_train,Nitrate-N,11,0.1995050957286278
y_hat_train,Nitrate-N,11,0.013149056654602087
y_hat_train,Nitrate-N,11,1.1152071448108998
y_hat_train,Nitrate-N,11,0.20267184362721374
y_hat_train,Nitrate-N,11,0.31116616804658337
y_hat_train,Nitrate-N,11,0.118729660230254
y_hat_train,Nitrate-N,11,0.1600371001833671
y_hat_train,Nitrate-N,11,0.15438094550898201
y_hat_train,Nitrate-N,11,0.14577803607776463
y_hat_train,Nitrate-N,11,0.230379490813438
y_hat_train,Nitrate-N,11,1.5407512088564264
y_hat_train,Nitrate-N,11,3.4116295512014334
y_hat_train,Nitrate-N,11,0.14272845043836413
y_hat_train,Nitrate-N,11,0.03412819616435703
y_hat_train,Nitrate-N,11,0.6596355971320053
y_hat_train,Nitrate-N,11,0.2156623912339084
y_hat_train,Nitrate-N,11,0.4606653604551807
y_true_train,Nitrate-N,11,4.182333333
y_true_train,Nitrate-N,11,0.439971979
y_true_train,Nitrate-N,11,0.265
y_true_train,Nitrate-N,11,0.172333333
y_true_train,Nitrate-N,11,0.155666667
y_true_train,Nitrate-N,11,0.153138762
y_true_train,Nitrate-N,11,0.038
y_true_train,Nitrate-N,11,0.244666667
y_true_train,Nitrate-N,11,0.080333333
y_true_train,Nitrate-N,11,0.054
y_true_train,Nitrate-N,11,0.153138762
y_true_train,Nitrate-N,11,0.061333333
y_true_train,Nitrate-N,11,0.077
y_true_train,Nitrate-N,11,0.216533333
y_true_train,Nitrate-N,11,0.188333333
y_true_train,Nitrate-N,11,2.544333333
y_true_train,Nitrate-N,11,0.141
y_true_train,Nitrate-N,11,0.167666667
y_true_train,Nitrate-N,11,0.011
y_true_train,Nitrate-N,11,0.128214103
y_true_train,Nitrate-N,11,0.011
y_true_train,Nitrate-N,11,0.084
y_true_train,Nitrate-N,11,2.524276858
y_true_train,Nitrate-N,11,0.044666667
y_true_train,Nitrate-N,11,0.471333333
y_true_train,Nitrate-N,11,0.012333333
y_true_train,Nitrate-N,11,0.116666667
y_true_train,Nitrate-N,11,0.235
y_true_train,Nitrate-N,11,0.128
y_true_train,Nitrate-N,11,0.361757248
y_true_train,Nitrate-N,11,0.227333333
y_true_train,Nitrate-N,11,5.165333333
y_true_train,Nitrate-N,11,0.141333333
y_true_train,Nitrate-N,11,0.206816238
y_true_train,Nitrate-N,11,0.294984357
y_true_train,Nitrate-N,11,0.351510981
y_true_train,Nitrate-N,11,0.054
y_true_train,Nitrate-N,11,0.264333333
y_true_train,Nitrate-N,11,0.605
y_true_train,Nitrate-N,11,3.105
y_true_train,Nitrate-N,11,0.215666667
y_true_train,Nitrate-N,11,0.052136398
y_true_train,Nitrate-N,11,0.248333333
y_true_train,Nitrate-N,11,0.337
y_true_train,Nitrate-N,11,0.789
y_true_train,Nitrate-N,11,0.131
y_true_train,Nitrate-N,11,0.077
y_true_train,Nitrate-N,11,0.237415705
y_true_train,Nitrate-N,11,2.28
y_true_train,Nitrate-N,11,0.192666667
y_true_train,Nitrate-N,11,0.101
y_true_train,Nitrate-N,11,0.206
y_true_train,Nitrate-N,11,3.455
y_true_train,Nitrate-N,11,0.178
y_true_train,Nitrate-N,11,0.249333333
y_true_train,Nitrate-N,11,0.037253617
y_true_train,Nitrate-N,11,0.196
y_true_train,Nitrate-N,11,0.002666667
y_true_train,Nitrate-N,11,0.014086754
y_true_train,Nitrate-N,11,0.08
y_true_train,Nitrate-N,11,1.687
y_true_train,Nitrate-N,11,0.075333333
y_true_train,Nitrate-N,11,0.05942377
y_true_train,Nitrate-N,11,1.501333333
y_true_train,Nitrate-N,11,0.146508959
y_true_train,Nitrate-N,11,0.132333333
y_true_train,Nitrate-N,11,0.13339733
y_true_train,Nitrate-N,11,0.002333333
y_true_train,Nitrate-N,11,0.011
y_true_train,Nitrate-N,11,0.148140528
y_true_train,Nitrate-N,11,0.273
y_true_train,Nitrate-N,11,0.013
y_true_train,Nitrate-N,11,1.42
y_true_train,Nitrate-N,11,2.300666667
y_true_train,Nitrate-N,11,2.539583346
y_true_train,Nitrate-N,11,0.140333333
y_true_train,Nitrate-N,11,0.138666667
y_true_train,Nitrate-N,11,0.272591332
y_true_train,Nitrate-N,11,0.113333333
y_true_train,Nitrate-N,11,0.326333333
y_true_train,Nitrate-N,11,0.044666667
y_true_train,Nitrate-N,11,0.275
y_true_train,Nitrate-N,11,0.558333333
y_true_train,Nitrate-N,11,0.129333333
y_true_train,Nitrate-N,11,0.040627835
y_true_train,Nitrate-N,11,0.014333333
y_true_train,Nitrate-N,11,0.233666667
y_true_train,Nitrate-N,11,0.564666667
y_true_train,Nitrate-N,11,2.861333333
y_true_train,Nitrate-N,11,0.104333333
y_true_train,Nitrate-N,11,0.203
y_true_train,Nitrate-N,11,0.023
y_true_train,Nitrate-N,11,1.965431456
y_true_train,Nitrate-N,11,0.091
y_true_train,Nitrate-N,11,2.810666667
y_true_train,Nitrate-N,11,0.273394835
y_true_train,Nitrate-N,11,0.113333333
y_true_train,Nitrate-N,11,0.088
y_true_train,Nitrate-N,11,0.632
y_true_train,Nitrate-N,11,0.323333333
y_true_train,Nitrate-N,11,0.148140528
y_true_train,Nitrate-N,11,3.177604111
y_true_train,Nitrate-N,11,0.152333333
y_true_train,Nitrate-N,11,0.17
y_true_train,Nitrate-N,11,0.012333333
y_true_train,Nitrate-N,11,1.146333333
y_true_train,Nitrate-N,11,0.166666667
y_true_train,Nitrate-N,11,0.325615728
y_true_train,Nitrate-N,11,0.17
y_true_train,Nitrate-N,11,0.142333333
y_true_train,Nitrate-N,11,0.197
y_true_train,Nitrate-N,11,0.108333333
y_true_train,Nitrate-N,11,0.272591332
y_true_train,Nitrate-N,11,1.549666667
y_true_train,Nitrate-N,11,3.455
y_true_train,Nitrate-N,11,0.150333333
y_true_train,Nitrate-N,11,0.006474193
y_true_train,Nitrate-N,11,0.630666667
y_true_train,Nitrate-N,11,0.205742231
y_true_train,Nitrate-N,11,0.468666667
y_true_test,Nitrate-N,11,0.046666667
y_true_test,Nitrate-N,11,0.029
y_true_test,Nitrate-N,11,0.287666667
y_true_test,Nitrate-N,11,0.131905178
y_true_test,Nitrate-N,11,0.16
y_true_test,Nitrate-N,11,0.336795488
y_true_test,Nitrate-N,11,0.028666667
y_true_test,Nitrate-N,11,0.029
y_true_test,Nitrate-N,11,0.122666667
y_true_test,Nitrate-N,11,0.290190215
y_true_test,Nitrate-N,11,0.219
y_true_test,Nitrate-N,11,0.284944721
y_true_test,Nitrate-N,11,0.110666667
y_true_test,Nitrate-N,11,0.198179175
y_true_test,Nitrate-N,11,0.318333333
y_true_test,Nitrate-N,11,0.157333333
y_true_test,Nitrate-N,11,2.611691805
y_true_test,Nitrate-N,11,0.387333333
y_true_test,Nitrate-N,11,0.322666667
y_true_test,Nitrate-N,11,0.011333333
y_true_test,Nitrate-N,11,0.557
y_true_test,Nitrate-N,11,0.182
y_true_test,Nitrate-N,11,2.243
y_true_test,Nitrate-N,11,0.012333333
y_true_test,Nitrate-N,11,0.08225616
y_true_test,Nitrate-N,11,0.192666667
y_true_test,Nitrate-N,11,0.137333333
y_true_test,Nitrate-N,11,0.994
y_true_test,Nitrate-N,11,3.665666667
y_true_test,Nitrate-N,11,0.090666667
y_true_test,Nitrate-N,11,0.647288174
y_true_test,Nitrate-N,11,0.242114912
y_true_test,Nitrate-N,11,0.103
y_true_test,Nitrate-N,11,0.215
y_true_test,Nitrate-N,11,0.401233963
y_true_test,Nitrate-N,11,0.162743322
y_true_test,Nitrate-N,11,0.283666667
y_true_test,Nitrate-N,11,0.368333333
y_true_test,Nitrate-N,11,0.171333333
y_true_test,Nitrate-N,11,0.217333333
y_true_test,Nitrate-N,11,0.04
y_true_test,Nitrate-N,11,0.046914199
y_true_test,Nitrate-N,11,0.160333333
y_true_test,Nitrate-N,11,3.498
y_true_test,Nitrate-N,11,0.361666667
y_true_test,Nitrate-N,11,0.41
y_true_test,Nitrate-N,11,0.110666667
y_true_test,Nitrate-N,11,0.128214103
y_true_test,Nitrate-N,11,2.438333333
y_true_test,Nitrate-N,11,0.023333333
y_true_test,Nitrate-N,11,0.108333333
y_true_test,Nitrate-N,11,0.636679275
test_ind,Nitrate-N,11,248.0
test_ind,Nitrate-N,11,270.0
test_ind,Nitrate-N,11,2.0
test_ind,Nitrate-N,11,136.0
test_ind,Nitrate-N,11,8.0
test_ind,Nitrate-N,11,172.0
test_ind,Nitrate-N,11,243.0
test_ind,Nitrate-N,11,323.0
test_ind,Nitrate-N,11,312.0
test_ind,Nitrate-N,11,103.0
test_ind,Nitrate-N,11,386.0
test_ind,Nitrate-N,11,124.0
test_ind,Nitrate-N,11,268.0
test_ind,Nitrate-N,11,164.0
test_ind,Nitrate-N,11,341.0
test_ind,Nitrate-N,11,250.0
test_ind,Nitrate-N,11,187.0
test_ind,Nitrate-N,11,291.0
test_ind,Nitrate-N,11,373.0
test_ind,Nitrate-N,11,23.0
test_ind,Nitrate-N,11,64.0
test_ind,Nitrate-N,11,57.0
test_ind,Nitrate-N,11,265.0
test_ind,Nitrate-N,11,76.0
test_ind,Nitrate-N,11,168.0
test_ind,Nitrate-N,11,304.0
test_ind,Nitrate-N,11,49.0
test_ind,Nitrate-N,11,281.0
test_ind,Nitrate-N,11,353.0
test_ind,Nitrate-N,11,252.0
test_ind,Nitrate-N,11,143.0
test_ind,Nitrate-N,11,231.0
test_ind,Nitrate-N,11,326.0
test_ind,Nitrate-N,11,17.0
test_ind,Nitrate-N,11,123.0
test_ind,Nitrate-N,11,94.0
test_ind,Nitrate-N,11,381.0
test_ind,Nitrate-N,11,280.0
test_ind,Nitrate-N,11,34.0
test_ind,Nitrate-N,11,65.0
test_ind,Nitrate-N,11,302.0
test_ind,Nitrate-N,11,95.0
test_ind,Nitrate-N,11,258.0
test_ind,Nitrate-N,11,6.0
test_ind,Nitrate-N,11,29.0
test_ind,Nitrate-N,11,324.0
test_ind,Nitrate-N,11,338.0
test_ind,Nitrate-N,11,220.0
test_ind,Nitrate-N,11,389.0
test_ind,Nitrate-N,11,370.0
test_ind,Nitrate-N,11,216.0
test_ind,Nitrate-N,11,144.0
train_ind,Nitrate-N,11,365.0
train_ind,Nitrate-N,11,138.0
train_ind,Nitrate-N,11,279.0
train_ind,Nitrate-N,11,266.0
train_ind,Nitrate-N,11,374.0
train_ind,Nitrate-N,11,126.0
train_ind,Nitrate-N,11,395.0
train_ind,Nitrate-N,11,27.0
train_ind,Nitrate-N,11,293.0
train_ind,Nitrate-N,11,342.0
train_ind,Nitrate-N,11,125.0
train_ind,Nitrate-N,11,36.0
train_ind,Nitrate-N,11,121.0
train_ind,Nitrate-N,11,165.0
train_ind,Nitrate-N,11,287.0
train_ind,Nitrate-N,11,249.0
train_ind,Nitrate-N,11,359.0
train_ind,Nitrate-N,11,12.0
train_ind,Nitrate-N,11,306.0
train_ind,Nitrate-N,11,219.0
train_ind,Nitrate-N,11,141.0
train_ind,Nitrate-N,11,14.0
train_ind,Nitrate-N,11,192.0
train_ind,Nitrate-N,11,349.0
train_ind,Nitrate-N,11,48.0
train_ind,Nitrate-N,11,75.0
train_ind,Nitrate-N,11,238.0
train_ind,Nitrate-N,11,398.0
train_ind,Nitrate-N,11,300.0
train_ind,Nitrate-N,11,145.0
train_ind,Nitrate-N,11,358.0
train_ind,Nitrate-N,11,295.0
train_ind,Nitrate-N,11,42.0
train_ind,Nitrate-N,11,218.0
train_ind,Nitrate-N,11,167.0
train_ind,Nitrate-N,11,139.0
train_ind,Nitrate-N,11,390.0
train_ind,Nitrate-N,11,61.0
train_ind,Nitrate-N,11,9.0
train_ind,Nitrate-N,11,67.0
train_ind,Nitrate-N,11,262.0
train_ind,Nitrate-N,11,79.0
train_ind,Nitrate-N,11,299.0
train_ind,Nitrate-N,11,260.0
train_ind,Nitrate-N,11,298.0
train_ind,Nitrate-N,11,382.0
train_ind,Nitrate-N,11,122.0
train_ind,Nitrate-N,11,217.0
train_ind,Nitrate-N,11,343.0
train_ind,Nitrate-N,11,351.0
train_ind,Nitrate-N,11,362.0
train_ind,Nitrate-N,11,366.0
train_ind,Nitrate-N,11,190.0
train_ind,Nitrate-N,11,244.0
train_ind,Nitrate-N,11,319.0
train_ind,Nitrate-N,11,72.0
train_ind,Nitrate-N,11,318.0
train_ind,Nitrate-N,11,16.0
train_ind,Nitrate-N,11,80.0
train_ind,Nitrate-N,11,329.0
train_ind,Nitrate-N,11,311.0
train_ind,Nitrate-N,11,278.0
train_ind,Nitrate-N,11,104.0
train_ind,Nitrate-N,11,20.0
train_ind,Nitrate-N,11,119.0
train_ind,Nitrate-N,11,39.0
train_ind,Nitrate-N,11,98.0
train_ind,Nitrate-N,11,38.0
train_ind,Nitrate-N,11,142.0
train_ind,Nitrate-N,11,78.0
train_ind,Nitrate-N,11,233.0
train_ind,Nitrate-N,11,292.0
train_ind,Nitrate-N,11,55.0
train_ind,Nitrate-N,11,41.0
train_ind,Nitrate-N,11,193.0
train_ind,Nitrate-N,11,69.0
train_ind,Nitrate-N,11,346.0
train_ind,Nitrate-N,11,175.0
train_ind,Nitrate-N,11,171.0
train_ind,Nitrate-N,11,3.0
train_ind,Nitrate-N,11,385.0
train_ind,Nitrate-N,11,332.0
train_ind,Nitrate-N,11,344.0
train_ind,Nitrate-N,11,15.0
train_ind,Nitrate-N,11,99.0
train_ind,Nitrate-N,11,59.0
train_ind,Nitrate-N,11,333.0
train_ind,Nitrate-N,11,269.0
train_ind,Nitrate-N,11,232.0
train_ind,Nitrate-N,11,347.0
train_ind,Nitrate-N,11,51.0
train_ind,Nitrate-N,11,247.0
train_ind,Nitrate-N,11,194.0
train_ind,Nitrate-N,11,372.0
train_ind,Nitrate-N,11,284.0
train_ind,Nitrate-N,11,173.0
train_ind,Nitrate-N,11,170.0
train_ind,Nitrate-N,11,345.0
train_ind,Nitrate-N,11,392.0
train_ind,Nitrate-N,11,391.0
train_ind,Nitrate-N,11,77.0
train_ind,Nitrate-N,11,188.0
train_ind,Nitrate-N,11,315.0
train_ind,Nitrate-N,11,339.0
train_ind,Nitrate-N,11,74.0
train_ind,Nitrate-N,11,320.0
train_ind,Nitrate-N,11,305.0
train_ind,Nitrate-N,11,102.0
train_ind,Nitrate-N,11,237.0
train_ind,Nitrate-N,11,274.0
train_ind,Nitrate-N,11,52.0
train_ind,Nitrate-N,11,215.0
train_ind,Nitrate-N,11,174.0
train_ind,Nitrate-N,11,378.0
train_ind,Nitrate-N,11,191.0
train_ind,Nitrate-N,11,28.0
train_ind,Nitrate-N,11,213.0
train_ind,Nitrate-N,11,236.0
train_ind,Nitrate-N,11,212.0
train_ind,Nitrate-N,11,361.0
test_rsq,Nitrate-N,11,0.8843102733999205
train_rsq,Nitrate-N,11,0.9984361269052464
test_rmse,Nitrate-N,11,0.2811632953002772
train_rmse,Nitrate-N,11,0.038751691049232574
test_mape,Nitrate-N,11,215.73207014113513
train_mape,Nitrate-N,11,47.993440647449034
n_comp,Nitrate-N,11,19.0
y_hat_test,Nitrate-N,12,0.18393891322684403
y_hat_test,Nitrate-N,12,0.21153842992014776
y_hat_test,Nitrate-N,12,0.4130828847307973
y_hat_test,Nitrate-N,12,0.5697926737801057
y_hat_test,Nitrate-N,12,0.3986018028261302
y_hat_test,Nitrate-N,12,0.26201359958884796
y_hat_test,Nitrate-N,12,0.24325161040966664
y_hat_test,Nitrate-N,12,0.3108381697825798
y_hat_test,Nitrate-N,12,-0.0521623257926509
y_hat_test,Nitrate-N,12,0.4107496996332734
y_hat_test,Nitrate-N,12,0.43255823180687764
y_hat_test,Nitrate-N,12,3.530367902795442
y_hat_test,Nitrate-N,12,0.0944311370419274
y_hat_test,Nitrate-N,12,0.008420828739239106
y_hat_test,Nitrate-N,12,0.14219432442038482
y_hat_test,Nitrate-N,12,0.05916919348560501
y_hat_test,Nitrate-N,12,0.5561687349695074
y_hat_test,Nitrate-N,12,3.1336293955422256
y_hat_test,Nitrate-N,12,-0.0607432708620772
y_hat_test,Nitrate-N,12,-0.32733547669680185
y_hat_test,Nitrate-N,12,2.420348097454828
y_hat_test,Nitrate-N,12,2.984359828100061
y_hat_test,Nitrate-N,12,0.10582529553781261
y_hat_test,Nitrate-N,12,0.24586293893357336
y_hat_test,Nitrate-N,12,0.398328593282525
y_hat_test,Nitrate-N,12,0.16264047440913415
y_hat_test,Nitrate-N,12,0.6076670627104115
y_hat_test,Nitrate-N,12,0.44167988517432105
y_hat_test,Nitrate-N,12,0.3740386567821037
y_hat_test,Nitrate-N,12,0.0013273695478872582
y_hat_test,Nitrate-N,12,-0.08464138957162881
y_hat_test,Nitrate-N,12,0.1277812855692485
y_hat_test,Nitrate-N,12,-0.17347029130779124
y_hat_test,Nitrate-N,12,0.0841288239521698
y_hat_test,Nitrate-N,12,0.35983855150500665
y_hat_test,Nitrate-N,12,0.30702465392032635
y_hat_test,Nitrate-N,12,2.110128430799093
y_hat_test,Nitrate-N,12,0.15820275779322512
y_hat_test,Nitrate-N,12,0.032419540374057365
y_hat_test,Nitrate-N,12,0.07083606235712742
y_hat_test,Nitrate-N,12,0.11969251870356085
y_hat_test,Nitrate-N,12,0.11716822942392402
y_hat_test,Nitrate-N,12,0.4992498349277038
y_hat_test,Nitrate-N,12,0.13176607447597766
y_hat_test,Nitrate-N,12,0.4087286827403621
y_hat_test,Nitrate-N,12,0.2675411686953176
y_hat_test,Nitrate-N,12,0.3205002092853044
y_hat_test,Nitrate-N,12,0.6537004030764186
y_hat_test,Nitrate-N,12,0.17906046726974467
y_hat_test,Nitrate-N,12,3.1014893543368274
y_hat_test,Nitrate-N,12,1.0873352200580755
y_hat_test,Nitrate-N,12,0.07008937997134745
y_hat_train,Nitrate-N,12,0.13419031277298504
y_hat_train,Nitrate-N,12,0.08314738434700375
y_hat_train,Nitrate-N,12,2.5395095666714176
y_hat_train,Nitrate-N,12,0.6800202344740762
y_hat_train,Nitrate-N,12,0.14825076872592569
y_hat_train,Nitrate-N,12,0.013380821028169398
y_hat_train,Nitrate-N,12,2.264203324728972
y_hat_train,Nitrate-N,12,0.22905137262478714
y_hat_train,Nitrate-N,12,0.03968122346271663
y_hat_train,Nitrate-N,12,0.31777737075086876
y_hat_train,Nitrate-N,12,0.32114065921693496
y_hat_train,Nitrate-N,12,-0.05311755033478183
y_hat_train,Nitrate-N,12,-0.08412106725857205
y_hat_train,Nitrate-N,12,0.14598246576209017
y_hat_train,Nitrate-N,12,0.1512181773075037
y_hat_train,Nitrate-N,12,0.14766849011028316
y_hat_train,Nitrate-N,12,0.05736546633703987
y_hat_train,Nitrate-N,12,0.22246875781827796
y_hat_train,Nitrate-N,12,1.430485725887698
y_hat_train,Nitrate-N,12,0.3989766066195642
y_hat_train,Nitrate-N,12,0.03220276002573896
y_hat_train,Nitrate-N,12,0.10770076640509779
y_hat_train,Nitrate-N,12,0.3085389274367958
y_hat_train,Nitrate-N,12,-0.03287153588056424
y_hat_train,Nitrate-N,12,0.36197449607592946
y_hat_train,Nitrate-N,12,0.5282467086834675
y_hat_train,Nitrate-N,12,0.08792626040330298
y_hat_train,Nitrate-N,12,0.2503115324278894
y_hat_train,Nitrate-N,12,0.21852288544546888
y_hat_train,Nitrate-N,12,0.07191131785297944
y_hat_train,Nitrate-N,12,0.1637876317824314
y_hat_train,Nitrate-N,12,3.4784759526409275
y_hat_train,Nitrate-N,12,0.15848690968657764
y_hat_train,Nitrate-N,12,2.1341170519946537
y_hat_train,Nitrate-N,12,0.39004755436703914
y_hat_train,Nitrate-N,12,0.1627994829359679
y_hat_train,Nitrate-N,12,-0.020688622691945935
y_hat_train,Nitrate-N,12,0.23958146040671957
y_hat_train,Nitrate-N,12,0.21949346243841372
y_hat_train,Nitrate-N,12,0.36701293975446314
y_hat_train,Nitrate-N,12,0.1819870376228283
y_hat_train,Nitrate-N,12,0.05170940743457786
y_hat_train,Nitrate-N,12,0.14676226484214888
y_hat_train,Nitrate-N,12,0.44017979453625644
y_hat_train,Nitrate-N,12,0.012207585877197058
y_hat_train,Nitrate-N,12,0.11340393010625538
y_hat_train,Nitrate-N,12,0.21431725456802786
y_hat_train,Nitrate-N,12,1.4012306809639474
y_hat_train,Nitrate-N,12,0.20865118113771597
y_hat_train,Nitrate-N,12,0.2994003921609774
y_hat_train,Nitrate-N,12,0.0607688514594148
y_hat_train,Nitrate-N,12,0.10069704131402463
y_hat_train,Nitrate-N,12,0.1246755314840104
y_hat_train,Nitrate-N,12,0.316887575054608
y_hat_train,Nitrate-N,12,-0.05842478737368828
y_hat_train,Nitrate-N,12,0.5922166383658986
y_hat_train,Nitrate-N,12,0.28572254382068824
y_hat_train,Nitrate-N,12,0.7838518481495604
y_hat_train,Nitrate-N,12,0.052631987591177154
y_hat_train,Nitrate-N,12,0.8295650902852665
y_hat_train,Nitrate-N,12,0.19454543258739448
y_hat_train,Nitrate-N,12,0.1483889571397639
y_hat_train,Nitrate-N,12,0.42448995087491914
y_hat_train,Nitrate-N,12,0.48965364498768493
y_hat_train,Nitrate-N,12,0.20266688655210136
y_hat_train,Nitrate-N,12,0.4967842672452975
y_hat_train,Nitrate-N,12,0.07696628534980104
y_hat_train,Nitrate-N,12,0.004119805968726076
y_hat_train,Nitrate-N,12,0.2736063472178164
y_hat_train,Nitrate-N,12,0.1220924172009416
y_hat_train,Nitrate-N,12,1.7266089822208999
y_hat_train,Nitrate-N,12,0.16041022484790562
y_hat_train,Nitrate-N,12,0.2089652634167138
y_hat_train,Nitrate-N,12,0.28194053435055155
y_hat_train,Nitrate-N,12,0.1466027590381409
y_hat_train,Nitrate-N,12,0.2773772020019505
y_hat_train,Nitrate-N,12,-0.03251916508792263
y_hat_train,Nitrate-N,12,0.09491318935913018
y_hat_train,Nitrate-N,12,0.20440321705707182
y_hat_train,Nitrate-N,12,0.19340641235192746
y_hat_train,Nitrate-N,12,0.6482003047304656
y_hat_train,Nitrate-N,12,0.5853831378082576
y_hat_train,Nitrate-N,12,0.13551721073883743
y_hat_train,Nitrate-N,12,0.1404744350730306
y_hat_train,Nitrate-N,12,0.17243159733968738
y_hat_train,Nitrate-N,12,0.01714566118529559
y_hat_train,Nitrate-N,12,0.3423670196456778
y_hat_train,Nitrate-N,12,0.602624947229963
y_hat_train,Nitrate-N,12,0.35941127081441526
y_hat_train,Nitrate-N,12,1.535902377111045
y_hat_train,Nitrate-N,12,1.8951022798656367
y_hat_train,Nitrate-N,12,0.09499196538629828
y_hat_train,Nitrate-N,12,0.1421051748009433
y_hat_train,Nitrate-N,12,2.5644234381487587
y_hat_train,Nitrate-N,12,0.2583252552632285
y_hat_train,Nitrate-N,12,0.10998397272403465
y_hat_train,Nitrate-N,12,0.727143170243301
y_hat_train,Nitrate-N,12,0.20001937138041448
y_hat_train,Nitrate-N,12,0.0790907207550619
y_hat_train,Nitrate-N,12,5.033043812366022
y_hat_train,Nitrate-N,12,-0.0069198277148025955
y_hat_train,Nitrate-N,12,-0.04559449202748822
y_hat_train,Nitrate-N,12,3.2738370579591
y_hat_train,Nitrate-N,12,0.10690726550150348
y_hat_train,Nitrate-N,12,0.11084455325462045
y_hat_train,Nitrate-N,12,2.293971167214666
y_hat_train,Nitrate-N,12,0.07020313690861951
y_hat_train,Nitrate-N,12,0.12585976136051402
y_hat_train,Nitrate-N,12,3.246237637254489
y_hat_train,Nitrate-N,12,-0.06882916611195633
y_hat_train,Nitrate-N,12,0.38204083041484377
y_hat_train,Nitrate-N,12,-0.03200295733895242
y_hat_train,Nitrate-N,12,0.06398296926593283
y_hat_train,Nitrate-N,12,0.17564646913046078
y_hat_train,Nitrate-N,12,3.374234755637885
y_hat_train,Nitrate-N,12,0.16772055569607525
y_hat_train,Nitrate-N,12,0.24790671285262095
y_hat_train,Nitrate-N,12,0.4813244460000291
y_hat_train,Nitrate-N,12,4.081690817054042
y_hat_train,Nitrate-N,12,3.453591391751355
y_true_train,Nitrate-N,12,0.160333333
y_true_train,Nitrate-N,12,0.091
y_true_train,Nitrate-N,12,2.544333333
y_true_train,Nitrate-N,12,0.636679275
y_true_train,Nitrate-N,12,0.197
y_true_train,Nitrate-N,12,0.077
y_true_train,Nitrate-N,12,2.300666667
y_true_train,Nitrate-N,12,0.206816238
y_true_train,Nitrate-N,12,0.08225616
y_true_train,Nitrate-N,12,0.265
y_true_train,Nitrate-N,12,0.242114912
y_true_train,Nitrate-N,12,0.002333333
y_true_train,Nitrate-N,12,0.011
y_true_train,Nitrate-N,12,0.128
y_true_train,Nitrate-N,12,0.110666667
y_true_train,Nitrate-N,12,0.116666667
y_true_train,Nitrate-N,12,0.101
y_true_train,Nitrate-N,12,0.182
y_true_train,Nitrate-N,12,1.501333333
y_true_train,Nitrate-N,12,0.290190215
y_true_train,Nitrate-N,12,0.012333333
y_true_train,Nitrate-N,12,0.044666667
y_true_train,Nitrate-N,12,0.217333333
y_true_train,Nitrate-N,12,0.028666667
y_true_train,Nitrate-N,12,0.272591332
y_true_train,Nitrate-N,12,0.468666667
y_true_train,Nitrate-N,12,0.038
y_true_train,Nitrate-N,12,0.284944721
y_true_train,Nitrate-N,12,0.273
y_true_train,Nitrate-N,12,0.146508959
y_true_train,Nitrate-N,12,0.17
y_true_train,Nitrate-N,12,3.498
y_true_train,Nitrate-N,12,0.264333333
y_true_train,Nitrate-N,12,2.28
y_true_train,Nitrate-N,12,0.322666667
y_true_train,Nitrate-N,12,0.215
y_true_train,Nitrate-N,12,0.08
y_true_train,Nitrate-N,12,0.219
y_true_train,Nitrate-N,12,0.275
y_true_train,Nitrate-N,12,0.283666667
y_true_train,Nitrate-N,12,0.103
y_true_train,Nitrate-N,12,0.17
y_true_train,Nitrate-N,12,0.192666667
y_true_train,Nitrate-N,12,0.351510981
y_true_train,Nitrate-N,12,0.128214103
y_true_train,Nitrate-N,12,0.113333333
y_true_train,Nitrate-N,12,0.205742231
y_true_train,Nitrate-N,12,1.549666667
y_true_train,Nitrate-N,12,0.148140528
y_true_train,Nitrate-N,12,0.287666667
y_true_train,Nitrate-N,12,0.152333333
y_true_train,Nitrate-N,12,0.044666667
y_true_train,Nitrate-N,12,0.141
y_true_train,Nitrate-N,12,0.337
y_true_train,Nitrate-N,12,0.012333333
y_true_train,Nitrate-N,12,0.630666667
y_true_train,Nitrate-N,12,0.249333333
y_true_train,Nitrate-N,12,0.789
y_true_train,Nitrate-N,12,0.132333333
y_true_train,Nitrate-N,12,0.994
y_true_train,Nitrate-N,12,0.140333333
y_true_train,Nitrate-N,12,0.13339733
y_true_train,Nitrate-N,12,0.401233963
y_true_train,Nitrate-N,12,0.336795488
y_true_train,Nitrate-N,12,0.172333333
y_true_train,Nitrate-N,12,0.557
y_true_train,Nitrate-N,12,0.141333333
y_true_train,Nitrate-N,12,0.046666667
y_true_train,Nitrate-N,12,0.323333333
y_true_train,Nitrate-N,12,0.131
y_true_train,Nitrate-N,12,1.687
y_true_train,Nitrate-N,12,0.131905178
y_true_train,Nitrate-N,12,0.153138762
y_true_train,Nitrate-N,12,0.248333333
y_true_train,Nitrate-N,12,0.157333333
y_true_train,Nitrate-N,12,0.237415705
y_true_train,Nitrate-N,12,0.011
y_true_train,Nitrate-N,12,0.011
y_true_train,Nitrate-N,12,0.192666667
y_true_train,Nitrate-N,12,0.273394835
y_true_train,Nitrate-N,12,0.647288174
y_true_train,Nitrate-N,12,0.564666667
y_true_train,Nitrate-N,12,0.153138762
y_true_train,Nitrate-N,12,0.113333333
y_true_train,Nitrate-N,12,0.188333333
y_true_train,Nitrate-N,12,0.040627835
y_true_train,Nitrate-N,12,0.294984357
y_true_train,Nitrate-N,12,0.605
y_true_train,Nitrate-N,12,0.439971979
y_true_train,Nitrate-N,12,1.42
y_true_train,Nitrate-N,12,1.965431456
y_true_train,Nitrate-N,12,0.014333333
y_true_train,Nitrate-N,12,0.075333333
y_true_train,Nitrate-N,12,2.611691805
y_true_train,Nitrate-N,12,0.142333333
y_true_train,Nitrate-N,12,0.04
y_true_train,Nitrate-N,12,0.632
y_true_train,Nitrate-N,12,0.138666667
y_true_train,Nitrate-N,12,0.023
y_true_train,Nitrate-N,12,5.165333333
y_true_train,Nitrate-N,12,0.090666667
y_true_train,Nitrate-N,12,0.012333333
y_true_train,Nitrate-N,12,2.861333333
y_true_train,Nitrate-N,12,0.108333333
y_true_train,Nitrate-N,12,0.150333333
y_true_train,Nitrate-N,12,2.243
y_true_train,Nitrate-N,12,0.013
y_true_train,Nitrate-N,12,0.122666667
y_true_train,Nitrate-N,12,3.177604111
y_true_train,Nitrate-N,12,0.080333333
y_true_train,Nitrate-N,12,0.318333333
y_true_train,Nitrate-N,12,0.029
y_true_train,Nitrate-N,12,0.077
y_true_train,Nitrate-N,12,0.137333333
y_true_train,Nitrate-N,12,3.455
y_true_train,Nitrate-N,12,0.16
y_true_train,Nitrate-N,12,0.196
y_true_train,Nitrate-N,12,0.41
y_true_train,Nitrate-N,12,4.182333333
y_true_train,Nitrate-N,12,3.455
y_true_test,Nitrate-N,12,0.215666667
y_true_test,Nitrate-N,12,0.235
y_true_test,Nitrate-N,12,0.129333333
y_true_test,Nitrate-N,12,0.046914199
y_true_test,Nitrate-N,12,0.471333333
y_true_test,Nitrate-N,12,0.558333333
y_true_test,Nitrate-N,12,0.387333333
y_true_test,Nitrate-N,12,0.178
y_true_test,Nitrate-N,12,0.052136398
y_true_test,Nitrate-N,12,0.325615728
y_true_test,Nitrate-N,12,0.162743322
y_true_test,Nitrate-N,12,2.810666667
y_true_test,Nitrate-N,12,0.233666667
y_true_test,Nitrate-N,12,0.167666667
y_true_test,Nitrate-N,12,0.011333333
y_true_test,Nitrate-N,12,0.006474193
y_true_test,Nitrate-N,12,0.361666667
y_true_test,Nitrate-N,12,3.665666667
y_true_test,Nitrate-N,12,0.166666667
y_true_test,Nitrate-N,12,0.128214103
y_true_test,Nitrate-N,12,2.524276858
y_true_test,Nitrate-N,12,2.539583346
y_true_test,Nitrate-N,12,0.203
y_true_test,Nitrate-N,12,0.002666667
y_true_test,Nitrate-N,12,0.272591332
y_true_test,Nitrate-N,12,0.227333333
y_true_test,Nitrate-N,12,0.206
y_true_test,Nitrate-N,12,0.244666667
y_true_test,Nitrate-N,12,0.326333333
y_true_test,Nitrate-N,12,0.054
y_true_test,Nitrate-N,12,0.171333333
y_true_test,Nitrate-N,12,0.054
y_true_test,Nitrate-N,12,0.014086754
y_true_test,Nitrate-N,12,0.084
y_true_test,Nitrate-N,12,0.05942377
y_true_test,Nitrate-N,12,0.155666667
y_true_test,Nitrate-N,12,2.438333333
y_true_test,Nitrate-N,12,0.198179175
y_true_test,Nitrate-N,12,0.061333333
y_true_test,Nitrate-N,12,0.104333333
y_true_test,Nitrate-N,12,0.110666667
y_true_test,Nitrate-N,12,0.088
y_true_test,Nitrate-N,12,0.368333333
y_true_test,Nitrate-N,12,0.029
y_true_test,Nitrate-N,12,0.361757248
y_true_test,Nitrate-N,12,0.108333333
y_true_test,Nitrate-N,12,0.216533333
y_true_test,Nitrate-N,12,0.023333333
y_true_test,Nitrate-N,12,0.148140528
y_true_test,Nitrate-N,12,3.105
y_true_test,Nitrate-N,12,1.146333333
y_true_test,Nitrate-N,12,0.037253617
test_ind,Nitrate-N,12,262.0
test_ind,Nitrate-N,12,398.0
test_ind,Nitrate-N,12,15.0
test_ind,Nitrate-N,12,95.0
test_ind,Nitrate-N,12,48.0
test_ind,Nitrate-N,12,344.0
test_ind,Nitrate-N,12,291.0
test_ind,Nitrate-N,12,244.0
test_ind,Nitrate-N,12,79.0
test_ind,Nitrate-N,12,102.0
test_ind,Nitrate-N,12,94.0
test_ind,Nitrate-N,12,284.0
test_ind,Nitrate-N,12,333.0
test_ind,Nitrate-N,12,12.0
test_ind,Nitrate-N,12,23.0
test_ind,Nitrate-N,12,213.0
test_ind,Nitrate-N,12,29.0
test_ind,Nitrate-N,12,353.0
test_ind,Nitrate-N,12,305.0
test_ind,Nitrate-N,12,219.0
test_ind,Nitrate-N,12,192.0
test_ind,Nitrate-N,12,193.0
test_ind,Nitrate-N,12,51.0
test_ind,Nitrate-N,12,16.0
test_ind,Nitrate-N,12,175.0
test_ind,Nitrate-N,12,358.0
test_ind,Nitrate-N,12,366.0
test_ind,Nitrate-N,12,27.0
test_ind,Nitrate-N,12,3.0
test_ind,Nitrate-N,12,342.0
test_ind,Nitrate-N,12,34.0
test_ind,Nitrate-N,12,390.0
test_ind,Nitrate-N,12,80.0
test_ind,Nitrate-N,12,14.0
test_ind,Nitrate-N,12,104.0
test_ind,Nitrate-N,12,374.0
test_ind,Nitrate-N,12,389.0
test_ind,Nitrate-N,12,164.0
test_ind,Nitrate-N,12,36.0
test_ind,Nitrate-N,12,347.0
test_ind,Nitrate-N,12,268.0
test_ind,Nitrate-N,12,345.0
test_ind,Nitrate-N,12,280.0
test_ind,Nitrate-N,12,270.0
test_ind,Nitrate-N,12,145.0
test_ind,Nitrate-N,12,216.0
test_ind,Nitrate-N,12,165.0
test_ind,Nitrate-N,12,370.0
test_ind,Nitrate-N,12,78.0
test_ind,Nitrate-N,12,67.0
test_ind,Nitrate-N,12,320.0
test_ind,Nitrate-N,12,72.0
train_ind,Nitrate-N,12,258.0
train_ind,Nitrate-N,12,372.0
train_ind,Nitrate-N,12,249.0
train_ind,Nitrate-N,12,144.0
train_ind,Nitrate-N,12,52.0
train_ind,Nitrate-N,12,122.0
train_ind,Nitrate-N,12,41.0
train_ind,Nitrate-N,12,218.0
train_ind,Nitrate-N,12,168.0
train_ind,Nitrate-N,12,279.0
train_ind,Nitrate-N,12,231.0
train_ind,Nitrate-N,12,38.0
train_ind,Nitrate-N,12,306.0
train_ind,Nitrate-N,12,300.0
train_ind,Nitrate-N,12,338.0
train_ind,Nitrate-N,12,238.0
train_ind,Nitrate-N,12,362.0
train_ind,Nitrate-N,12,57.0
train_ind,Nitrate-N,12,20.0
train_ind,Nitrate-N,12,103.0
train_ind,Nitrate-N,12,76.0
train_ind,Nitrate-N,12,385.0
train_ind,Nitrate-N,12,65.0
train_ind,Nitrate-N,12,243.0
train_ind,Nitrate-N,12,174.0
train_ind,Nitrate-N,12,361.0
train_ind,Nitrate-N,12,395.0
train_ind,Nitrate-N,12,124.0
train_ind,Nitrate-N,12,233.0
train_ind,Nitrate-N,12,119.0
train_ind,Nitrate-N,12,237.0
train_ind,Nitrate-N,12,6.0
train_ind,Nitrate-N,12,61.0
train_ind,Nitrate-N,12,343.0
train_ind,Nitrate-N,12,373.0
train_ind,Nitrate-N,12,17.0
train_ind,Nitrate-N,12,329.0
train_ind,Nitrate-N,12,386.0
train_ind,Nitrate-N,12,332.0
train_ind,Nitrate-N,12,381.0
train_ind,Nitrate-N,12,326.0
train_ind,Nitrate-N,12,339.0
train_ind,Nitrate-N,12,304.0
train_ind,Nitrate-N,12,139.0
train_ind,Nitrate-N,12,220.0
train_ind,Nitrate-N,12,170.0
train_ind,Nitrate-N,12,212.0
train_ind,Nitrate-N,12,378.0
train_ind,Nitrate-N,12,77.0
train_ind,Nitrate-N,12,2.0
train_ind,Nitrate-N,12,315.0
train_ind,Nitrate-N,12,349.0
train_ind,Nitrate-N,12,359.0
train_ind,Nitrate-N,12,260.0
train_ind,Nitrate-N,12,74.0
train_ind,Nitrate-N,12,236.0
train_ind,Nitrate-N,12,319.0
train_ind,Nitrate-N,12,298.0
train_ind,Nitrate-N,12,39.0
train_ind,Nitrate-N,12,281.0
train_ind,Nitrate-N,12,69.0
train_ind,Nitrate-N,12,98.0
train_ind,Nitrate-N,12,123.0
train_ind,Nitrate-N,12,172.0
train_ind,Nitrate-N,12,266.0
train_ind,Nitrate-N,12,64.0
train_ind,Nitrate-N,12,42.0
train_ind,Nitrate-N,12,248.0
train_ind,Nitrate-N,12,391.0
train_ind,Nitrate-N,12,382.0
train_ind,Nitrate-N,12,311.0
train_ind,Nitrate-N,12,136.0
train_ind,Nitrate-N,12,126.0
train_ind,Nitrate-N,12,299.0
train_ind,Nitrate-N,12,250.0
train_ind,Nitrate-N,12,217.0
train_ind,Nitrate-N,12,142.0
train_ind,Nitrate-N,12,141.0
train_ind,Nitrate-N,12,351.0
train_ind,Nitrate-N,12,173.0
train_ind,Nitrate-N,12,143.0
train_ind,Nitrate-N,12,269.0
train_ind,Nitrate-N,12,125.0
train_ind,Nitrate-N,12,171.0
train_ind,Nitrate-N,12,287.0
train_ind,Nitrate-N,12,99.0
train_ind,Nitrate-N,12,167.0
train_ind,Nitrate-N,12,9.0
train_ind,Nitrate-N,12,138.0
train_ind,Nitrate-N,12,55.0
train_ind,Nitrate-N,12,194.0
train_ind,Nitrate-N,12,59.0
train_ind,Nitrate-N,12,278.0
train_ind,Nitrate-N,12,187.0
train_ind,Nitrate-N,12,274.0
train_ind,Nitrate-N,12,302.0
train_ind,Nitrate-N,12,392.0
train_ind,Nitrate-N,12,346.0
train_ind,Nitrate-N,12,247.0
train_ind,Nitrate-N,12,295.0
train_ind,Nitrate-N,12,252.0
train_ind,Nitrate-N,12,75.0
train_ind,Nitrate-N,12,232.0
train_ind,Nitrate-N,12,215.0
train_ind,Nitrate-N,12,28.0
train_ind,Nitrate-N,12,265.0
train_ind,Nitrate-N,12,292.0
train_ind,Nitrate-N,12,312.0
train_ind,Nitrate-N,12,188.0
train_ind,Nitrate-N,12,293.0
train_ind,Nitrate-N,12,341.0
train_ind,Nitrate-N,12,323.0
train_ind,Nitrate-N,12,121.0
train_ind,Nitrate-N,12,49.0
train_ind,Nitrate-N,12,191.0
train_ind,Nitrate-N,12,8.0
train_ind,Nitrate-N,12,318.0
train_ind,Nitrate-N,12,324.0
train_ind,Nitrate-N,12,365.0
train_ind,Nitrate-N,12,190.0
test_rsq,Nitrate-N,12,0.92421525520687
train_rsq,Nitrate-N,12,0.993761877307383
test_rmse,Nitrate-N,12,0.24192834022724338
train_rmse,Nitrate-N,12,0.07587642870835672
test_mape,Nitrate-N,12,386.14724784270106
train_mape,Nitrate-N,12,87.74007713646878
n_comp,Nitrate-N,12,15.0
y_hat_test,Nitrate-N,13,0.08531063545163242
y_hat_test,Nitrate-N,13,0.33270460587122275
y_hat_test,Nitrate-N,13,0.5255720586858812
y_hat_test,Nitrate-N,13,0.5159451368352999
y_hat_test,Nitrate-N,13,0.1704550603649146
y_hat_test,Nitrate-N,13,0.032106204048530707
y_hat_test,Nitrate-N,13,0.11985096055896222
y_hat_test,Nitrate-N,13,0.1635142449146167
y_hat_test,Nitrate-N,13,1.4996670010259707
y_hat_test,Nitrate-N,13,0.3432890908133249
y_hat_test,Nitrate-N,13,0.26078494383702505
y_hat_test,Nitrate-N,13,0.26707124072575766
y_hat_test,Nitrate-N,13,0.23742609304232448
y_hat_test,Nitrate-N,13,0.12518711913481717
y_hat_test,Nitrate-N,13,0.19549153999639357
y_hat_test,Nitrate-N,13,2.910059304334363
y_hat_test,Nitrate-N,13,0.016556494800931243
y_hat_test,Nitrate-N,13,3.4221682464709144
y_hat_test,Nitrate-N,13,2.413561630321575
y_hat_test,Nitrate-N,13,-0.06452413368608456
y_hat_test,Nitrate-N,13,-0.029607056580623237
y_hat_test,Nitrate-N,13,0.1526505010806099
y_hat_test,Nitrate-N,13,0.12096604258014237
y_hat_test,Nitrate-N,13,0.3721136410504089
y_hat_test,Nitrate-N,13,0.21761002744349922
y_hat_test,Nitrate-N,13,0.4258768353239005
y_hat_test,Nitrate-N,13,0.22699802825712345
y_hat_test,Nitrate-N,13,-0.07435119598060891
y_hat_test,Nitrate-N,13,0.09673306472957216
y_hat_test,Nitrate-N,13,0.18740126535510915
y_hat_test,Nitrate-N,13,0.18432580530425335
y_hat_test,Nitrate-N,13,0.35135657652812524
y_hat_test,Nitrate-N,13,-0.011153018161790706
y_hat_test,Nitrate-N,13,0.08165982880163242
y_hat_test,Nitrate-N,13,0.42987443667360287
y_hat_test,Nitrate-N,13,0.09488907624678705
y_hat_test,Nitrate-N,13,0.3716461764867172
y_hat_test,Nitrate-N,13,3.677466236748566
y_hat_test,Nitrate-N,13,0.45622569189024753
y_hat_test,Nitrate-N,13,0.02302266712074752
y_hat_test,Nitrate-N,13,0.16891992558329594
y_hat_test,Nitrate-N,13,0.2341099951045736
y_hat_test,Nitrate-N,13,0.1583385326548441
y_hat_test,Nitrate-N,13,0.5428683380396667
y_hat_test,Nitrate-N,13,0.19811786257804043
y_hat_test,Nitrate-N,13,-0.02083868184614257
y_hat_test,Nitrate-N,13,0.48585149112225245
y_hat_test,Nitrate-N,13,0.15995826454910778
y_hat_test,Nitrate-N,13,1.7931019975796287
y_hat_test,Nitrate-N,13,-0.19136178702132123
y_hat_test,Nitrate-N,13,2.0677956161893105
y_hat_test,Nitrate-N,13,0.04050113652443965
y_hat_train,Nitrate-N,13,3.0970055350106076
y_hat_train,Nitrate-N,13,1.36815079848913
y_hat_train,Nitrate-N,13,0.024469659423825285
y_hat_train,Nitrate-N,13,3.397852534945171
y_hat_train,Nitrate-N,13,0.27417400143824655
y_hat_train,Nitrate-N,13,-0.09210495316686074
y_hat_train,Nitrate-N,13,0.06623304542129999
y_hat_train,Nitrate-N,13,0.10700687833910144
y_hat_train,Nitrate-N,13,0.2109493302295894
y_hat_train,Nitrate-N,13,0.171345231341187
y_hat_train,Nitrate-N,13,0.20423088856352356
y_hat_train,Nitrate-N,13,0.1897610554413462
y_hat_train,Nitrate-N,13,4.971628279279304
y_hat_train,Nitrate-N,13,0.44137585534115276
y_hat_train,Nitrate-N,13,0.5485633927320949
y_hat_train,Nitrate-N,13,0.17435016920643437
y_hat_train,Nitrate-N,13,0.07029773093243596
y_hat_train,Nitrate-N,13,0.2046894296305235
y_hat_train,Nitrate-N,13,0.20916115985047318
y_hat_train,Nitrate-N,13,-0.037030129170876114
y_hat_train,Nitrate-N,13,1.0592041941981862
y_hat_train,Nitrate-N,13,0.139894973571341
y_hat_train,Nitrate-N,13,-0.04095322886278052
y_hat_train,Nitrate-N,13,0.09373339438036499
y_hat_train,Nitrate-N,13,0.268735653439319
y_hat_train,Nitrate-N,13,0.577757470948898
y_hat_train,Nitrate-N,13,0.30631138202691266
y_hat_train,Nitrate-N,13,0.17045315499811176
y_hat_train,Nitrate-N,13,2.3399944404639013
y_hat_train,Nitrate-N,13,0.2734818259829377
y_hat_train,Nitrate-N,13,0.1060160066614898
y_hat_train,Nitrate-N,13,0.13043570587541575
y_hat_train,Nitrate-N,13,0.4046384865090634
y_hat_train,Nitrate-N,13,0.4898358145246182
y_hat_train,Nitrate-N,13,1.732851644825892
y_hat_train,Nitrate-N,13,0.6758784092973531
y_hat_train,Nitrate-N,13,0.09999166231150386
y_hat_train,Nitrate-N,13,0.09181033340197792
y_hat_train,Nitrate-N,13,0.045635213867215696
y_hat_train,Nitrate-N,13,-0.020694779172325317
y_hat_train,Nitrate-N,13,0.20810985290664197
y_hat_train,Nitrate-N,13,0.3500689347782543
y_hat_train,Nitrate-N,13,0.23804481684994666
y_hat_train,Nitrate-N,13,0.11750230200279005
y_hat_train,Nitrate-N,13,0.010589752074485759
y_hat_train,Nitrate-N,13,0.10208968097677595
y_hat_train,Nitrate-N,13,0.31529173957967993
y_hat_train,Nitrate-N,13,0.22171480534383825
y_hat_train,Nitrate-N,13,0.3974553353166297
y_hat_train,Nitrate-N,13,0.07967826625466645
y_hat_train,Nitrate-N,13,0.688412205488022
y_hat_train,Nitrate-N,13,0.4552723814951527
y_hat_train,Nitrate-N,13,1.7612484324491327
y_hat_train,Nitrate-N,13,0.37405907239103886
y_hat_train,Nitrate-N,13,-0.06260600080681633
y_hat_train,Nitrate-N,13,2.2194691056186633
y_hat_train,Nitrate-N,13,-0.06672683421839298
y_hat_train,Nitrate-N,13,0.1987140659393286
y_hat_train,Nitrate-N,13,0.3426583705390638
y_hat_train,Nitrate-N,13,0.06566433615891276
y_hat_train,Nitrate-N,13,0.32161559290445746
y_hat_train,Nitrate-N,13,0.0806193780246719
y_hat_train,Nitrate-N,13,0.25821259162478777
y_hat_train,Nitrate-N,13,0.17827605987168255
y_hat_train,Nitrate-N,13,0.23232481493850426
y_hat_train,Nitrate-N,13,0.13642345263041095
y_hat_train,Nitrate-N,13,0.2975168088574449
y_hat_train,Nitrate-N,13,3.2372471745078326
y_hat_train,Nitrate-N,13,0.19303875909793833
y_hat_train,Nitrate-N,13,0.14955872330119635
y_hat_train,Nitrate-N,13,0.16901206593166213
y_hat_train,Nitrate-N,13,0.07955508362523189
y_hat_train,Nitrate-N,13,2.305629171085491
y_hat_train,Nitrate-N,13,-0.18549747496206292
y_hat_train,Nitrate-N,13,-0.003182118828446878
y_hat_train,Nitrate-N,13,0.3150112272457688
y_hat_train,Nitrate-N,13,0.5808641238947067
y_hat_train,Nitrate-N,13,0.28217837654420186
y_hat_train,Nitrate-N,13,0.33872065981841415
y_hat_train,Nitrate-N,13,0.1992899534306698
y_hat_train,Nitrate-N,13,0.44513872590133874
y_hat_train,Nitrate-N,13,0.014438437521851921
y_hat_train,Nitrate-N,13,0.048406369570613506
y_hat_train,Nitrate-N,13,0.05868758090924309
y_hat_train,Nitrate-N,13,0.18142067693296282
y_hat_train,Nitrate-N,13,0.3426761700224719
y_hat_train,Nitrate-N,13,0.7608664469936989
y_hat_train,Nitrate-N,13,0.025287522873064128
y_hat_train,Nitrate-N,13,0.06608364267624456
y_hat_train,Nitrate-N,13,0.17059368105580003
y_hat_train,Nitrate-N,13,0.31753523757712043
y_hat_train,Nitrate-N,13,0.8495277329804453
y_hat_train,Nitrate-N,13,-0.16194208572532864
y_hat_train,Nitrate-N,13,0.04410807920306026
y_hat_train,Nitrate-N,13,0.019104225614211656
y_hat_train,Nitrate-N,13,0.21237860109028955
y_hat_train,Nitrate-N,13,0.19768660997309556
y_hat_train,Nitrate-N,13,3.423676588147971
y_hat_train,Nitrate-N,13,-0.05705430350467011
y_hat_train,Nitrate-N,13,0.07636284134567256
y_hat_train,Nitrate-N,13,-0.018109481415009343
y_hat_train,Nitrate-N,13,0.2781860193754183
y_hat_train,Nitrate-N,13,0.3630711831948039
y_hat_train,Nitrate-N,13,0.2834324412140735
y_hat_train,Nitrate-N,13,0.21421609224653082
y_hat_train,Nitrate-N,13,0.33760100897527656
y_hat_train,Nitrate-N,13,0.2523118682908621
y_hat_train,Nitrate-N,13,0.1967091512924296
y_hat_train,Nitrate-N,13,3.2862381882269562
y_hat_train,Nitrate-N,13,0.309481072314632
y_hat_train,Nitrate-N,13,3.417947251635131
y_hat_train,Nitrate-N,13,2.5927344397774075
y_hat_train,Nitrate-N,13,0.1438539114912848
y_hat_train,Nitrate-N,13,0.1271293761695379
y_hat_train,Nitrate-N,13,0.028355350106801902
y_hat_train,Nitrate-N,13,0.43610940913224727
y_hat_train,Nitrate-N,13,2.678648248963871
y_hat_train,Nitrate-N,13,0.06046978870283515
y_hat_train,Nitrate-N,13,3.2099982707974277
y_hat_train,Nitrate-N,13,0.25242957913881
y_true_train,Nitrate-N,13,3.105
y_true_train,Nitrate-N,13,1.549666667
y_true_train,Nitrate-N,13,0.014333333
y_true_train,Nitrate-N,13,3.665666667
y_true_train,Nitrate-N,13,0.153138762
y_true_train,Nitrate-N,13,0.080333333
y_true_train,Nitrate-N,13,0.029
y_true_train,Nitrate-N,13,0.17
y_true_train,Nitrate-N,13,0.273394835
y_true_train,Nitrate-N,13,0.203
y_true_train,Nitrate-N,13,0.248333333
y_true_train,Nitrate-N,13,0.233666667
y_true_train,Nitrate-N,13,5.165333333
y_true_train,Nitrate-N,13,0.564666667
y_true_train,Nitrate-N,13,0.439971979
y_true_train,Nitrate-N,13,0.131905178
y_true_train,Nitrate-N,13,0.075333333
y_true_train,Nitrate-N,13,0.198179175
y_true_train,Nitrate-N,13,0.249333333
y_true_train,Nitrate-N,13,0.052136398
y_true_train,Nitrate-N,13,1.146333333
y_true_train,Nitrate-N,13,0.08225616
y_true_train,Nitrate-N,13,0.17
y_true_train,Nitrate-N,13,0.215
y_true_train,Nitrate-N,13,0.205742231
y_true_train,Nitrate-N,13,0.557
y_true_train,Nitrate-N,13,0.318333333
y_true_train,Nitrate-N,13,0.337
y_true_train,Nitrate-N,13,2.243
y_true_train,Nitrate-N,13,0.16
y_true_train,Nitrate-N,13,0.13339733
y_true_train,Nitrate-N,13,0.122666667
y_true_train,Nitrate-N,13,0.41
y_true_train,Nitrate-N,13,0.605
y_true_train,Nitrate-N,13,1.687
y_true_train,Nitrate-N,13,0.647288174
y_true_train,Nitrate-N,13,0.023
y_true_train,Nitrate-N,13,0.146508959
y_true_train,Nitrate-N,13,0.141333333
y_true_train,Nitrate-N,13,0.012333333
y_true_train,Nitrate-N,13,0.077
y_true_train,Nitrate-N,13,0.351510981
y_true_train,Nitrate-N,13,0.113333333
y_true_train,Nitrate-N,13,0.152333333
y_true_train,Nitrate-N,13,0.219
y_true_train,Nitrate-N,13,0.153138762
y_true_train,Nitrate-N,13,0.160333333
y_true_train,Nitrate-N,13,0.172333333
y_true_train,Nitrate-N,13,0.275
y_true_train,Nitrate-N,13,0.182
y_true_train,Nitrate-N,13,0.632
y_true_train,Nitrate-N,13,0.294984357
y_true_train,Nitrate-N,13,1.42
y_true_train,Nitrate-N,13,0.265
y_true_train,Nitrate-N,13,0.08
y_true_train,Nitrate-N,13,2.28
y_true_train,Nitrate-N,13,0.150333333
y_true_train,Nitrate-N,13,0.148140528
y_true_train,Nitrate-N,13,0.272591332
y_true_train,Nitrate-N,13,0.011
y_true_train,Nitrate-N,13,0.264333333
y_true_train,Nitrate-N,13,0.006474193
y_true_train,Nitrate-N,13,0.155666667
y_true_train,Nitrate-N,13,0.157333333
y_true_train,Nitrate-N,13,0.387333333
y_true_train,Nitrate-N,13,0.162743322
y_true_train,Nitrate-N,13,0.325615728
y_true_train,Nitrate-N,13,2.861333333
y_true_train,Nitrate-N,13,0.05942377
y_true_train,Nitrate-N,13,0.206816238
y_true_train,Nitrate-N,13,0.287666667
y_true_train,Nitrate-N,13,0.167666667
y_true_train,Nitrate-N,13,2.300666667
y_true_train,Nitrate-N,13,0.028666667
y_true_train,Nitrate-N,13,0.012333333
y_true_train,Nitrate-N,13,0.361757248
y_true_train,Nitrate-N,13,0.636679275
y_true_train,Nitrate-N,13,0.023333333
y_true_train,Nitrate-N,13,0.142333333
y_true_train,Nitrate-N,13,0.206
y_true_train,Nitrate-N,13,0.368333333
y_true_train,Nitrate-N,13,0.128214103
y_true_train,Nitrate-N,13,0.084
y_true_train,Nitrate-N,13,0.04
y_true_train,Nitrate-N,13,0.103
y_true_train,Nitrate-N,13,0.272591332
y_true_train,Nitrate-N,13,0.994
y_true_train,Nitrate-N,13,0.141
y_true_train,Nitrate-N,13,0.077
y_true_train,Nitrate-N,13,0.242114912
y_true_train,Nitrate-N,13,0.128
y_true_train,Nitrate-N,13,0.789
y_true_train,Nitrate-N,13,0.029
y_true_train,Nitrate-N,13,0.013
y_true_train,Nitrate-N,13,0.012333333
y_true_train,Nitrate-N,13,0.137333333
y_true_train,Nitrate-N,13,0.011
y_true_train,Nitrate-N,13,3.455
y_true_train,Nitrate-N,13,0.014086754
y_true_train,Nitrate-N,13,0.011333333
y_true_train,Nitrate-N,13,0.197
y_true_train,Nitrate-N,13,0.138666667
y_true_train,Nitrate-N,13,0.326333333
y_true_train,Nitrate-N,13,0.283666667
y_true_train,Nitrate-N,13,0.110666667
y_true_train,Nitrate-N,13,0.322666667
y_true_train,Nitrate-N,13,0.192666667
y_true_train,Nitrate-N,13,0.104333333
y_true_train,Nitrate-N,13,3.498
y_true_train,Nitrate-N,13,0.284944721
y_true_train,Nitrate-N,13,3.455
y_true_train,Nitrate-N,13,2.611691805
y_true_train,Nitrate-N,13,0.038
y_true_train,Nitrate-N,13,0.011
y_true_train,Nitrate-N,13,0.101
y_true_train,Nitrate-N,13,0.468666667
y_true_train,Nitrate-N,13,2.544333333
y_true_train,Nitrate-N,13,0.061333333
y_true_train,Nitrate-N,13,3.177604111
y_true_train,Nitrate-N,13,0.108333333
y_true_test,Nitrate-N,13,0.171333333
y_true_test,Nitrate-N,13,0.196
y_true_test,Nitrate-N,13,0.290190215
y_true_test,Nitrate-N,13,0.336795488
y_true_test,Nitrate-N,13,0.235
y_true_test,Nitrate-N,13,0.116666667
y_true_test,Nitrate-N,13,0.129333333
y_true_test,Nitrate-N,13,0.558333333
y_true_test,Nitrate-N,13,1.501333333
y_true_test,Nitrate-N,13,0.044666667
y_true_test,Nitrate-N,13,0.140333333
y_true_test,Nitrate-N,13,0.108333333
y_true_test,Nitrate-N,13,0.113333333
y_true_test,Nitrate-N,13,0.227333333
y_true_test,Nitrate-N,13,0.215666667
y_true_test,Nitrate-N,13,2.539583346
y_true_test,Nitrate-N,13,0.188333333
y_true_test,Nitrate-N,13,4.182333333
y_true_test,Nitrate-N,13,2.524276858
y_true_test,Nitrate-N,13,0.273
y_true_test,Nitrate-N,13,0.128214103
y_true_test,Nitrate-N,13,0.132333333
y_true_test,Nitrate-N,13,0.323333333
y_true_test,Nitrate-N,13,0.054
y_true_test,Nitrate-N,13,0.192666667
y_true_test,Nitrate-N,13,0.002333333
y_true_test,Nitrate-N,13,0.088
y_true_test,Nitrate-N,13,0.131
y_true_test,Nitrate-N,13,0.178
y_true_test,Nitrate-N,13,0.037253617
y_true_test,Nitrate-N,13,0.630666667
y_true_test,Nitrate-N,13,0.244666667
y_true_test,Nitrate-N,13,0.110666667
y_true_test,Nitrate-N,13,0.054
y_true_test,Nitrate-N,13,0.046914199
y_true_test,Nitrate-N,13,0.237415705
y_true_test,Nitrate-N,13,0.044666667
y_true_test,Nitrate-N,13,2.810666667
y_true_test,Nitrate-N,13,0.471333333
y_true_test,Nitrate-N,13,0.166666667
y_true_test,Nitrate-N,13,0.040627835
y_true_test,Nitrate-N,13,0.002666667
y_true_test,Nitrate-N,13,0.401233963
y_true_test,Nitrate-N,13,0.217333333
y_true_test,Nitrate-N,13,0.148140528
y_true_test,Nitrate-N,13,0.091
y_true_test,Nitrate-N,13,0.361666667
y_true_test,Nitrate-N,13,0.090666667
y_true_test,Nitrate-N,13,1.965431456
y_true_test,Nitrate-N,13,0.216533333
y_true_test,Nitrate-N,13,2.438333333
y_true_test,Nitrate-N,13,0.046666667
test_ind,Nitrate-N,13,34.0
test_ind,Nitrate-N,13,318.0
test_ind,Nitrate-N,13,103.0
test_ind,Nitrate-N,13,172.0
test_ind,Nitrate-N,13,398.0
test_ind,Nitrate-N,13,238.0
test_ind,Nitrate-N,13,15.0
test_ind,Nitrate-N,13,344.0
test_ind,Nitrate-N,13,20.0
test_ind,Nitrate-N,13,349.0
test_ind,Nitrate-N,13,69.0
test_ind,Nitrate-N,13,216.0
test_ind,Nitrate-N,13,171.0
test_ind,Nitrate-N,13,358.0
test_ind,Nitrate-N,13,262.0
test_ind,Nitrate-N,13,193.0
test_ind,Nitrate-N,13,287.0
test_ind,Nitrate-N,13,365.0
test_ind,Nitrate-N,13,192.0
test_ind,Nitrate-N,13,233.0
test_ind,Nitrate-N,13,220.0
test_ind,Nitrate-N,13,39.0
test_ind,Nitrate-N,13,391.0
test_ind,Nitrate-N,13,342.0
test_ind,Nitrate-N,13,304.0
test_ind,Nitrate-N,13,38.0
test_ind,Nitrate-N,13,345.0
test_ind,Nitrate-N,13,382.0
test_ind,Nitrate-N,13,244.0
test_ind,Nitrate-N,13,72.0
test_ind,Nitrate-N,13,236.0
test_ind,Nitrate-N,13,27.0
test_ind,Nitrate-N,13,268.0
test_ind,Nitrate-N,13,390.0
test_ind,Nitrate-N,13,95.0
test_ind,Nitrate-N,13,217.0
test_ind,Nitrate-N,13,385.0
test_ind,Nitrate-N,13,284.0
test_ind,Nitrate-N,13,48.0
test_ind,Nitrate-N,13,305.0
test_ind,Nitrate-N,13,99.0
test_ind,Nitrate-N,13,16.0
test_ind,Nitrate-N,13,123.0
test_ind,Nitrate-N,13,65.0
test_ind,Nitrate-N,13,78.0
test_ind,Nitrate-N,13,372.0
test_ind,Nitrate-N,13,29.0
test_ind,Nitrate-N,13,252.0
test_ind,Nitrate-N,13,194.0
test_ind,Nitrate-N,13,165.0
test_ind,Nitrate-N,13,389.0
test_ind,Nitrate-N,13,248.0
train_ind,Nitrate-N,13,67.0
train_ind,Nitrate-N,13,378.0
train_ind,Nitrate-N,13,59.0
train_ind,Nitrate-N,13,353.0
train_ind,Nitrate-N,13,126.0
train_ind,Nitrate-N,13,293.0
train_ind,Nitrate-N,13,270.0
train_ind,Nitrate-N,13,339.0
train_ind,Nitrate-N,13,173.0
train_ind,Nitrate-N,13,51.0
train_ind,Nitrate-N,13,299.0
train_ind,Nitrate-N,13,333.0
train_ind,Nitrate-N,13,295.0
train_ind,Nitrate-N,13,269.0
train_ind,Nitrate-N,13,138.0
train_ind,Nitrate-N,13,136.0
train_ind,Nitrate-N,13,278.0
train_ind,Nitrate-N,13,164.0
train_ind,Nitrate-N,13,319.0
train_ind,Nitrate-N,13,79.0
train_ind,Nitrate-N,13,320.0
train_ind,Nitrate-N,13,168.0
train_ind,Nitrate-N,13,237.0
train_ind,Nitrate-N,13,17.0
train_ind,Nitrate-N,13,212.0
train_ind,Nitrate-N,13,64.0
train_ind,Nitrate-N,13,341.0
train_ind,Nitrate-N,13,260.0
train_ind,Nitrate-N,13,265.0
train_ind,Nitrate-N,13,8.0
train_ind,Nitrate-N,13,98.0
train_ind,Nitrate-N,13,312.0
train_ind,Nitrate-N,13,324.0
train_ind,Nitrate-N,13,9.0
train_ind,Nitrate-N,13,311.0
train_ind,Nitrate-N,13,143.0
train_ind,Nitrate-N,13,247.0
train_ind,Nitrate-N,13,119.0
train_ind,Nitrate-N,13,42.0
train_ind,Nitrate-N,13,75.0
train_ind,Nitrate-N,13,122.0
train_ind,Nitrate-N,13,139.0
train_ind,Nitrate-N,13,170.0
train_ind,Nitrate-N,13,315.0
train_ind,Nitrate-N,13,386.0
train_ind,Nitrate-N,13,125.0
train_ind,Nitrate-N,13,258.0
train_ind,Nitrate-N,13,266.0
train_ind,Nitrate-N,13,332.0
train_ind,Nitrate-N,13,57.0
train_ind,Nitrate-N,13,392.0
train_ind,Nitrate-N,13,167.0
train_ind,Nitrate-N,13,55.0
train_ind,Nitrate-N,13,279.0
train_ind,Nitrate-N,13,329.0
train_ind,Nitrate-N,13,343.0
train_ind,Nitrate-N,13,28.0
train_ind,Nitrate-N,13,77.0
train_ind,Nitrate-N,13,175.0
train_ind,Nitrate-N,13,142.0
train_ind,Nitrate-N,13,61.0
train_ind,Nitrate-N,13,213.0
train_ind,Nitrate-N,13,374.0
train_ind,Nitrate-N,13,250.0
train_ind,Nitrate-N,13,291.0
train_ind,Nitrate-N,13,94.0
train_ind,Nitrate-N,13,102.0
train_ind,Nitrate-N,13,232.0
train_ind,Nitrate-N,13,104.0
train_ind,Nitrate-N,13,218.0
train_ind,Nitrate-N,13,2.0
train_ind,Nitrate-N,13,12.0
train_ind,Nitrate-N,13,41.0
train_ind,Nitrate-N,13,243.0
train_ind,Nitrate-N,13,76.0
train_ind,Nitrate-N,13,145.0
train_ind,Nitrate-N,13,144.0
train_ind,Nitrate-N,13,370.0
train_ind,Nitrate-N,13,274.0
train_ind,Nitrate-N,13,366.0
train_ind,Nitrate-N,13,280.0
train_ind,Nitrate-N,13,219.0
train_ind,Nitrate-N,13,14.0
train_ind,Nitrate-N,13,302.0
train_ind,Nitrate-N,13,326.0
train_ind,Nitrate-N,13,174.0
train_ind,Nitrate-N,13,281.0
train_ind,Nitrate-N,13,359.0
train_ind,Nitrate-N,13,121.0
train_ind,Nitrate-N,13,231.0
train_ind,Nitrate-N,13,300.0
train_ind,Nitrate-N,13,298.0
train_ind,Nitrate-N,13,323.0
train_ind,Nitrate-N,13,292.0
train_ind,Nitrate-N,13,74.0
train_ind,Nitrate-N,13,49.0
train_ind,Nitrate-N,13,141.0
train_ind,Nitrate-N,13,191.0
train_ind,Nitrate-N,13,80.0
train_ind,Nitrate-N,13,23.0
train_ind,Nitrate-N,13,52.0
train_ind,Nitrate-N,13,346.0
train_ind,Nitrate-N,13,3.0
train_ind,Nitrate-N,13,381.0
train_ind,Nitrate-N,13,338.0
train_ind,Nitrate-N,13,373.0
train_ind,Nitrate-N,13,351.0
train_ind,Nitrate-N,13,347.0
train_ind,Nitrate-N,13,6.0
train_ind,Nitrate-N,13,124.0
train_ind,Nitrate-N,13,190.0
train_ind,Nitrate-N,13,187.0
train_ind,Nitrate-N,13,395.0
train_ind,Nitrate-N,13,306.0
train_ind,Nitrate-N,13,362.0
train_ind,Nitrate-N,13,361.0
train_ind,Nitrate-N,13,249.0
train_ind,Nitrate-N,13,36.0
train_ind,Nitrate-N,13,188.0
train_ind,Nitrate-N,13,215.0
test_rsq,Nitrate-N,13,0.9081998965510384
train_rsq,Nitrate-N,13,0.9856673383131137
test_rmse,Nitrate-N,13,0.2638781093047743
train_rmse,Nitrate-N,13,0.11539612773906117
test_mape,Nitrate-N,13,637.8819721711014
train_mape,Nitrate-N,13,116.41498335979621
n_comp,Nitrate-N,13,13.0
y_hat_test,Nitrate-N,14,-0.09368926634578634
y_hat_test,Nitrate-N,14,-0.1959712121653715
y_hat_test,Nitrate-N,14,-0.36994348318228176
y_hat_test,Nitrate-N,14,0.14549194821013273
y_hat_test,Nitrate-N,14,-0.07731053070666827
y_hat_test,Nitrate-N,14,0.07360316115390159
y_hat_test,Nitrate-N,14,0.10685046839979134
y_hat_test,Nitrate-N,14,1.7646240026057498
y_hat_test,Nitrate-N,14,0.016596515222255803
y_hat_test,Nitrate-N,14,0.19343204230927347
y_hat_test,Nitrate-N,14,3.8273598361034002
y_hat_test,Nitrate-N,14,0.33913392598166564
y_hat_test,Nitrate-N,14,-0.02648453131776818
y_hat_test,Nitrate-N,14,0.15755934898051255
y_hat_test,Nitrate-N,14,0.041176237873730814
y_hat_test,Nitrate-N,14,3.8291625821483124
y_hat_test,Nitrate-N,14,-0.3131313848973698
y_hat_test,Nitrate-N,14,0.03927742923767774
y_hat_test,Nitrate-N,14,0.03825124256000667
y_hat_test,Nitrate-N,14,-0.11184763199955639
y_hat_test,Nitrate-N,14,2.6589422567169496
y_hat_test,Nitrate-N,14,0.13634908843560384
y_hat_test,Nitrate-N,14,0.18510746950322216
y_hat_test,Nitrate-N,14,3.1884547987151124
y_hat_test,Nitrate-N,14,0.5413033289953806
y_hat_test,Nitrate-N,14,0.08831925241100474
y_hat_test,Nitrate-N,14,0.20245471830416895
y_hat_test,Nitrate-N,14,0.3547686504513262
y_hat_test,Nitrate-N,14,0.35937139213669717
y_hat_test,Nitrate-N,14,-0.14720003639410584
y_hat_test,Nitrate-N,14,0.3066437796665308
y_hat_test,Nitrate-N,14,0.14199345267229757
y_hat_test,Nitrate-N,14,0.18576477443753842
y_hat_test,Nitrate-N,14,3.1494372072657346
y_hat_test,Nitrate-N,14,0.0712552152417597
y_hat_test,Nitrate-N,14,0.011796408630494137
y_hat_test,Nitrate-N,14,0.13824561261288315
y_hat_test,Nitrate-N,14,0.5314101601944384
y_hat_test,Nitrate-N,14,0.2556983850118307
y_hat_test,Nitrate-N,14,-0.07091043519286
y_hat_test,Nitrate-N,14,0.06604298635898054
y_hat_test,Nitrate-N,14,0.11583435921794394
y_hat_test,Nitrate-N,14,0.03973007135837903
y_hat_test,Nitrate-N,14,-0.16541236171836005
y_hat_test,Nitrate-N,14,0.318824000895157
y_hat_test,Nitrate-N,14,0.14108558322372133
y_hat_test,Nitrate-N,14,-0.02616175893560313
y_hat_test,Nitrate-N,14,0.14587432020162383
y_hat_test,Nitrate-N,14,0.2175974610628304
y_hat_test,Nitrate-N,14,0.6517205411049523
y_hat_test,Nitrate-N,14,0.5595020689037692
y_hat_test,Nitrate-N,14,0.6547444394018925
y_hat_train,Nitrate-N,14,-0.1097105147336157
y_hat_train,Nitrate-N,14,0.17543919829639465
y_hat_train,Nitrate-N,14,-0.0842078746569852
y_hat_train,Nitrate-N,14,0.23939611687619178
y_hat_train,Nitrate-N,14,0.44401294362048926
y_hat_train,Nitrate-N,14,2.4717265844359444
y_hat_train,Nitrate-N,14,0.32127618906904676
y_hat_train,Nitrate-N,14,2.341755087640063
y_hat_train,Nitrate-N,14,0.20727528788621769
y_hat_train,Nitrate-N,14,-0.12081045505231347
y_hat_train,Nitrate-N,14,0.359835931139871
y_hat_train,Nitrate-N,14,0.028273766139958245
y_hat_train,Nitrate-N,14,0.03562650292981684
y_hat_train,Nitrate-N,14,4.032041148806418
y_hat_train,Nitrate-N,14,-0.10257503194181306
y_hat_train,Nitrate-N,14,0.3869867473293894
y_hat_train,Nitrate-N,14,0.25093407826969816
y_hat_train,Nitrate-N,14,0.05796705013965442
y_hat_train,Nitrate-N,14,0.19272842979403693
y_hat_train,Nitrate-N,14,2.3841775697331715
y_hat_train,Nitrate-N,14,0.1283234347260221
y_hat_train,Nitrate-N,14,0.07962345848951285
y_hat_train,Nitrate-N,14,1.4180800530323885
y_hat_train,Nitrate-N,14,1.167265962931193
y_hat_train,Nitrate-N,14,0.9230330127444725
y_hat_train,Nitrate-N,14,0.18310080683435626
y_hat_train,Nitrate-N,14,-0.0428951472830672
y_hat_train,Nitrate-N,14,0.13174911568359665
y_hat_train,Nitrate-N,14,3.3953891114766135
y_hat_train,Nitrate-N,14,0.1119844737021245
y_hat_train,Nitrate-N,14,0.4465677535011008
y_hat_train,Nitrate-N,14,0.17342169229141519
y_hat_train,Nitrate-N,14,0.012385950725163464
y_hat_train,Nitrate-N,14,0.2977200762610795
y_hat_train,Nitrate-N,14,0.3069653380960087
y_hat_train,Nitrate-N,14,2.6439579149463643
y_hat_train,Nitrate-N,14,0.4426310228000032
y_hat_train,Nitrate-N,14,0.09842912500419176
y_hat_train,Nitrate-N,14,0.0956041437348017
y_hat_train,Nitrate-N,14,0.01872342883942224
y_hat_train,Nitrate-N,14,0.3452711859263567
y_hat_train,Nitrate-N,14,0.3368120577433854
y_hat_train,Nitrate-N,14,1.502611469039889
y_hat_train,Nitrate-N,14,0.24468177859469664
y_hat_train,Nitrate-N,14,0.42824115232409077
y_hat_train,Nitrate-N,14,0.014212808333293858
y_hat_train,Nitrate-N,14,0.07934280910528202
y_hat_train,Nitrate-N,14,0.21058743267359126
y_hat_train,Nitrate-N,14,0.17013480208876136
y_hat_train,Nitrate-N,14,0.19370354301489445
y_hat_train,Nitrate-N,14,0.1770056674160116
y_hat_train,Nitrate-N,14,0.6802558384730827
y_hat_train,Nitrate-N,14,-0.04383597183353649
y_hat_train,Nitrate-N,14,0.19159913810949192
y_hat_train,Nitrate-N,14,-0.03862788960406949
y_hat_train,Nitrate-N,14,0.02236742438752637
y_hat_train,Nitrate-N,14,0.09239890138478957
y_hat_train,Nitrate-N,14,0.22751863875693484
y_hat_train,Nitrate-N,14,0.26378841117013946
y_hat_train,Nitrate-N,14,0.04592374587460546
y_hat_train,Nitrate-N,14,0.10292112220480676
y_hat_train,Nitrate-N,14,0.0823723252894169
y_hat_train,Nitrate-N,14,5.136668482574463
y_hat_train,Nitrate-N,14,2.226955723371777
y_hat_train,Nitrate-N,14,0.6114415997645382
y_hat_train,Nitrate-N,14,0.2079086036917407
y_hat_train,Nitrate-N,14,0.1645375715110542
y_hat_train,Nitrate-N,14,2.7052699391609822
y_hat_train,Nitrate-N,14,0.5768540648044729
y_hat_train,Nitrate-N,14,0.15264845479991684
y_hat_train,Nitrate-N,14,3.279530349259059
y_hat_train,Nitrate-N,14,0.09928773806443913
y_hat_train,Nitrate-N,14,0.11305764624733072
y_hat_train,Nitrate-N,14,0.13261657255622689
y_hat_train,Nitrate-N,14,0.3312527425914819
y_hat_train,Nitrate-N,14,0.2364395756060902
y_hat_train,Nitrate-N,14,1.998659023195684
y_hat_train,Nitrate-N,14,0.014957329554003196
y_hat_train,Nitrate-N,14,0.24925316683207271
y_hat_train,Nitrate-N,14,-0.06995701406980148
y_hat_train,Nitrate-N,14,3.467687773122517
y_hat_train,Nitrate-N,14,0.34432567746194537
y_hat_train,Nitrate-N,14,0.3155707872424216
y_hat_train,Nitrate-N,14,0.2872831969953315
y_hat_train,Nitrate-N,14,0.4323561781265301
y_hat_train,Nitrate-N,14,2.378247825148438
y_hat_train,Nitrate-N,14,0.16945321680395953
y_hat_train,Nitrate-N,14,0.2020865193622985
y_hat_train,Nitrate-N,14,0.3582968112149073
y_hat_train,Nitrate-N,14,0.06022797616932407
y_hat_train,Nitrate-N,14,0.014857111148069868
y_hat_train,Nitrate-N,14,0.1459676348971397
y_hat_train,Nitrate-N,14,0.04718169008781381
y_hat_train,Nitrate-N,14,0.0038810396739596964
y_hat_train,Nitrate-N,14,0.11948961517079215
y_hat_train,Nitrate-N,14,0.1462393203953098
y_hat_train,Nitrate-N,14,0.16050628577987458
y_hat_train,Nitrate-N,14,0.19960479596664543
y_hat_train,Nitrate-N,14,0.15458349433768037
y_hat_train,Nitrate-N,14,0.7914102113912498
y_hat_train,Nitrate-N,14,0.16541859200402365
y_hat_train,Nitrate-N,14,-0.041159766138526344
y_hat_train,Nitrate-N,14,0.2317306717969549
y_hat_train,Nitrate-N,14,0.28491268649221113
y_hat_train,Nitrate-N,14,0.21869028387562633
y_hat_train,Nitrate-N,14,0.14957589588079806
y_hat_train,Nitrate-N,14,0.607855688341538
y_hat_train,Nitrate-N,14,0.19204186594450978
y_hat_train,Nitrate-N,14,1.497716842205818
y_hat_train,Nitrate-N,14,0.012451970572850746
y_hat_train,Nitrate-N,14,0.25118089904227797
y_hat_train,Nitrate-N,14,0.5664167934853475
y_hat_train,Nitrate-N,14,0.16062122045791505
y_hat_train,Nitrate-N,14,0.2947492593881165
y_hat_train,Nitrate-N,14,0.28312818673194395
y_hat_train,Nitrate-N,14,0.3303437726811983
y_hat_train,Nitrate-N,14,3.4727294011264154
y_hat_train,Nitrate-N,14,0.28847715794305606
y_hat_train,Nitrate-N,14,0.3663173064945352
y_hat_train,Nitrate-N,14,0.4606162719298219
y_true_train,Nitrate-N,14,0.014086754
y_true_train,Nitrate-N,14,0.128
y_true_train,Nitrate-N,14,0.028666667
y_true_train,Nitrate-N,14,0.273394835
y_true_train,Nitrate-N,14,0.361666667
y_true_train,Nitrate-N,14,2.524276858
y_true_train,Nitrate-N,14,0.178
y_true_train,Nitrate-N,14,2.300666667
y_true_train,Nitrate-N,14,0.172333333
y_true_train,Nitrate-N,14,0.080333333
y_true_train,Nitrate-N,14,0.318333333
y_true_train,Nitrate-N,14,0.054
y_true_train,Nitrate-N,14,0.128214103
y_true_train,Nitrate-N,14,4.182333333
y_true_train,Nitrate-N,14,0.012333333
y_true_train,Nitrate-N,14,0.41
y_true_train,Nitrate-N,14,0.219
y_true_train,Nitrate-N,14,0.002666667
y_true_train,Nitrate-N,14,0.148140528
y_true_train,Nitrate-N,14,2.438333333
y_true_train,Nitrate-N,14,0.077
y_true_train,Nitrate-N,14,0.182
y_true_train,Nitrate-N,14,1.549666667
y_true_train,Nitrate-N,14,1.146333333
y_true_train,Nitrate-N,14,0.994
y_true_train,Nitrate-N,14,0.198179175
y_true_train,Nitrate-N,14,0.037253617
y_true_train,Nitrate-N,14,0.131905178
y_true_train,Nitrate-N,14,3.455
y_true_train,Nitrate-N,14,0.011
y_true_train,Nitrate-N,14,0.368333333
y_true_train,Nitrate-N,14,0.215666667
y_true_train,Nitrate-N,14,0.038
y_true_train,Nitrate-N,14,0.273
y_true_train,Nitrate-N,14,0.272591332
y_true_train,Nitrate-N,14,2.544333333
y_true_train,Nitrate-N,14,0.439971979
y_true_train,Nitrate-N,14,0.110666667
y_true_train,Nitrate-N,14,0.116666667
y_true_train,Nitrate-N,14,0.013
y_true_train,Nitrate-N,14,0.361757248
y_true_train,Nitrate-N,14,0.283666667
y_true_train,Nitrate-N,14,1.501333333
y_true_train,Nitrate-N,14,0.249333333
y_true_train,Nitrate-N,14,0.322666667
y_true_train,Nitrate-N,14,0.012333333
y_true_train,Nitrate-N,14,0.146508959
y_true_train,Nitrate-N,14,0.108333333
y_true_train,Nitrate-N,14,0.088
y_true_train,Nitrate-N,14,0.206816238
y_true_train,Nitrate-N,14,0.264333333
y_true_train,Nitrate-N,14,0.632
y_true_train,Nitrate-N,14,0.046666667
y_true_train,Nitrate-N,14,0.16
y_true_train,Nitrate-N,14,0.090666667
y_true_train,Nitrate-N,14,0.011333333
y_true_train,Nitrate-N,14,0.17
y_true_train,Nitrate-N,14,0.284944721
y_true_train,Nitrate-N,14,0.196
y_true_train,Nitrate-N,14,0.061333333
y_true_train,Nitrate-N,14,0.077
y_true_train,Nitrate-N,14,0.091
y_true_train,Nitrate-N,14,5.165333333
y_true_train,Nitrate-N,14,2.28
y_true_train,Nitrate-N,14,0.647288174
y_true_train,Nitrate-N,14,0.248333333
y_true_train,Nitrate-N,14,0.17
y_true_train,Nitrate-N,14,2.539583346
y_true_train,Nitrate-N,14,0.468666667
y_true_train,Nitrate-N,14,0.075333333
y_true_train,Nitrate-N,14,3.177604111
y_true_train,Nitrate-N,14,0.131
y_true_train,Nitrate-N,14,0.044666667
y_true_train,Nitrate-N,14,0.152333333
y_true_train,Nitrate-N,14,0.471333333
y_true_train,Nitrate-N,14,0.192666667
y_true_train,Nitrate-N,14,1.965431456
y_true_train,Nitrate-N,14,0.150333333
y_true_train,Nitrate-N,14,0.323333333
y_true_train,Nitrate-N,14,0.006474193
y_true_train,Nitrate-N,14,3.455
y_true_train,Nitrate-N,14,0.351510981
y_true_train,Nitrate-N,14,0.294984357
y_true_train,Nitrate-N,14,0.217333333
y_true_train,Nitrate-N,14,0.325615728
y_true_train,Nitrate-N,14,2.243
y_true_train,Nitrate-N,14,0.054
y_true_train,Nitrate-N,14,0.192666667
y_true_train,Nitrate-N,14,0.326333333
y_true_train,Nitrate-N,14,0.13339733
y_true_train,Nitrate-N,14,0.014333333
y_true_train,Nitrate-N,14,0.215
y_true_train,Nitrate-N,14,0.122666667
y_true_train,Nitrate-N,14,0.002333333
y_true_train,Nitrate-N,14,0.04
y_true_train,Nitrate-N,14,0.113333333
y_true_train,Nitrate-N,14,0.113333333
y_true_train,Nitrate-N,14,0.162743322
y_true_train,Nitrate-N,14,0.160333333
y_true_train,Nitrate-N,14,0.789
y_true_train,Nitrate-N,14,0.148140528
y_true_train,Nitrate-N,14,0.029
y_true_train,Nitrate-N,14,0.237415705
y_true_train,Nitrate-N,14,0.287666667
y_true_train,Nitrate-N,14,0.023333333
y_true_train,Nitrate-N,14,0.044666667
y_true_train,Nitrate-N,14,0.605
y_true_train,Nitrate-N,14,0.140333333
y_true_train,Nitrate-N,14,1.42
y_true_train,Nitrate-N,14,0.101
y_true_train,Nitrate-N,14,0.142333333
y_true_train,Nitrate-N,14,0.636679275
y_true_train,Nitrate-N,14,0.233666667
y_true_train,Nitrate-N,14,0.206
y_true_train,Nitrate-N,14,0.337
y_true_train,Nitrate-N,14,0.272591332
y_true_train,Nitrate-N,14,3.665666667
y_true_train,Nitrate-N,14,0.244666667
y_true_train,Nitrate-N,14,0.242114912
y_true_train,Nitrate-N,14,0.564666667
y_true_test,Nitrate-N,14,0.171333333
y_true_test,Nitrate-N,14,0.197
y_true_test,Nitrate-N,14,0.128214103
y_true_test,Nitrate-N,14,0.157333333
y_true_test,Nitrate-N,14,0.029
y_true_test,Nitrate-N,14,0.141333333
y_true_test,Nitrate-N,14,0.235
y_true_test,Nitrate-N,14,1.687
y_true_test,Nitrate-N,14,0.153138762
y_true_test,Nitrate-N,14,0.05942377
y_true_test,Nitrate-N,14,2.861333333
y_true_test,Nitrate-N,14,0.155666667
y_true_test,Nitrate-N,14,0.084
y_true_test,Nitrate-N,14,0.108333333
y_true_test,Nitrate-N,14,0.401233963
y_true_test,Nitrate-N,14,2.810666667
y_true_test,Nitrate-N,14,0.08
y_true_test,Nitrate-N,14,0.167666667
y_true_test,Nitrate-N,14,0.110666667
y_true_test,Nitrate-N,14,0.166666667
y_true_test,Nitrate-N,14,2.611691805
y_true_test,Nitrate-N,14,0.023
y_true_test,Nitrate-N,14,0.227333333
y_true_test,Nitrate-N,14,3.105
y_true_test,Nitrate-N,14,0.630666667
y_true_test,Nitrate-N,14,0.040627835
y_true_test,Nitrate-N,14,0.275
y_true_test,Nitrate-N,14,0.138666667
y_true_test,Nitrate-N,14,0.265
y_true_test,Nitrate-N,14,0.203
y_true_test,Nitrate-N,14,0.205742231
y_true_test,Nitrate-N,14,0.558333333
y_true_test,Nitrate-N,14,0.387333333
y_true_test,Nitrate-N,14,3.498
y_true_test,Nitrate-N,14,0.132333333
y_true_test,Nitrate-N,14,0.011
y_true_test,Nitrate-N,14,0.104333333
y_true_test,Nitrate-N,14,0.336795488
y_true_test,Nitrate-N,14,0.011
y_true_test,Nitrate-N,14,0.103
y_true_test,Nitrate-N,14,0.188333333
y_true_test,Nitrate-N,14,0.137333333
y_true_test,Nitrate-N,14,0.141
y_true_test,Nitrate-N,14,0.052136398
y_true_test,Nitrate-N,14,0.129333333
y_true_test,Nitrate-N,14,0.012333333
y_true_test,Nitrate-N,14,0.153138762
y_true_test,Nitrate-N,14,0.216533333
y_true_test,Nitrate-N,14,0.08225616
y_true_test,Nitrate-N,14,0.046914199
y_true_test,Nitrate-N,14,0.557
y_true_test,Nitrate-N,14,0.290190215
test_ind,Nitrate-N,14,34.0
test_ind,Nitrate-N,14,52.0
test_ind,Nitrate-N,14,219.0
test_ind,Nitrate-N,14,250.0
test_ind,Nitrate-N,14,270.0
test_ind,Nitrate-N,14,42.0
test_ind,Nitrate-N,14,398.0
test_ind,Nitrate-N,14,311.0
test_ind,Nitrate-N,14,126.0
test_ind,Nitrate-N,14,104.0
test_ind,Nitrate-N,14,232.0
test_ind,Nitrate-N,14,374.0
test_ind,Nitrate-N,14,14.0
test_ind,Nitrate-N,14,215.0
test_ind,Nitrate-N,14,123.0
test_ind,Nitrate-N,14,284.0
test_ind,Nitrate-N,14,329.0
test_ind,Nitrate-N,14,12.0
test_ind,Nitrate-N,14,268.0
test_ind,Nitrate-N,14,305.0
test_ind,Nitrate-N,14,187.0
test_ind,Nitrate-N,14,247.0
test_ind,Nitrate-N,14,358.0
test_ind,Nitrate-N,14,67.0
test_ind,Nitrate-N,14,236.0
test_ind,Nitrate-N,14,99.0
test_ind,Nitrate-N,14,332.0
test_ind,Nitrate-N,14,346.0
test_ind,Nitrate-N,14,279.0
test_ind,Nitrate-N,14,51.0
test_ind,Nitrate-N,14,212.0
test_ind,Nitrate-N,14,344.0
test_ind,Nitrate-N,14,291.0
test_ind,Nitrate-N,14,6.0
test_ind,Nitrate-N,14,39.0
test_ind,Nitrate-N,14,306.0
test_ind,Nitrate-N,14,347.0
test_ind,Nitrate-N,14,172.0
test_ind,Nitrate-N,14,141.0
test_ind,Nitrate-N,14,326.0
test_ind,Nitrate-N,14,287.0
test_ind,Nitrate-N,14,49.0
test_ind,Nitrate-N,14,359.0
test_ind,Nitrate-N,14,79.0
test_ind,Nitrate-N,14,15.0
test_ind,Nitrate-N,14,76.0
test_ind,Nitrate-N,14,125.0
test_ind,Nitrate-N,14,165.0
test_ind,Nitrate-N,14,168.0
test_ind,Nitrate-N,14,95.0
test_ind,Nitrate-N,14,64.0
test_ind,Nitrate-N,14,103.0
train_ind,Nitrate-N,14,80.0
train_ind,Nitrate-N,14,300.0
train_ind,Nitrate-N,14,243.0
train_ind,Nitrate-N,14,173.0
train_ind,Nitrate-N,14,29.0
train_ind,Nitrate-N,14,192.0
train_ind,Nitrate-N,14,244.0
train_ind,Nitrate-N,14,41.0
train_ind,Nitrate-N,14,266.0
train_ind,Nitrate-N,14,293.0
train_ind,Nitrate-N,14,341.0
train_ind,Nitrate-N,14,342.0
train_ind,Nitrate-N,14,220.0
train_ind,Nitrate-N,14,365.0
train_ind,Nitrate-N,14,74.0
train_ind,Nitrate-N,14,324.0
train_ind,Nitrate-N,14,386.0
train_ind,Nitrate-N,14,16.0
train_ind,Nitrate-N,14,78.0
train_ind,Nitrate-N,14,389.0
train_ind,Nitrate-N,14,121.0
train_ind,Nitrate-N,14,57.0
train_ind,Nitrate-N,14,378.0
train_ind,Nitrate-N,14,320.0
train_ind,Nitrate-N,14,281.0
train_ind,Nitrate-N,14,164.0
train_ind,Nitrate-N,14,72.0
train_ind,Nitrate-N,14,136.0
train_ind,Nitrate-N,14,191.0
train_ind,Nitrate-N,14,142.0
train_ind,Nitrate-N,14,280.0
train_ind,Nitrate-N,14,262.0
train_ind,Nitrate-N,14,395.0
train_ind,Nitrate-N,14,233.0
train_ind,Nitrate-N,14,175.0
train_ind,Nitrate-N,14,249.0
train_ind,Nitrate-N,14,138.0
train_ind,Nitrate-N,14,338.0
train_ind,Nitrate-N,14,238.0
train_ind,Nitrate-N,14,292.0
train_ind,Nitrate-N,14,145.0
train_ind,Nitrate-N,14,381.0
train_ind,Nitrate-N,14,20.0
train_ind,Nitrate-N,14,319.0
train_ind,Nitrate-N,14,373.0
train_ind,Nitrate-N,14,75.0
train_ind,Nitrate-N,14,119.0
train_ind,Nitrate-N,14,216.0
train_ind,Nitrate-N,14,345.0
train_ind,Nitrate-N,14,218.0
train_ind,Nitrate-N,14,61.0
train_ind,Nitrate-N,14,392.0
train_ind,Nitrate-N,14,248.0
train_ind,Nitrate-N,14,8.0
train_ind,Nitrate-N,14,252.0
train_ind,Nitrate-N,14,23.0
train_ind,Nitrate-N,14,339.0
train_ind,Nitrate-N,14,124.0
train_ind,Nitrate-N,14,318.0
train_ind,Nitrate-N,14,36.0
train_ind,Nitrate-N,14,122.0
train_ind,Nitrate-N,14,372.0
train_ind,Nitrate-N,14,295.0
train_ind,Nitrate-N,14,343.0
train_ind,Nitrate-N,14,143.0
train_ind,Nitrate-N,14,299.0
train_ind,Nitrate-N,14,237.0
train_ind,Nitrate-N,14,193.0
train_ind,Nitrate-N,14,361.0
train_ind,Nitrate-N,14,278.0
train_ind,Nitrate-N,14,188.0
train_ind,Nitrate-N,14,382.0
train_ind,Nitrate-N,14,349.0
train_ind,Nitrate-N,14,315.0
train_ind,Nitrate-N,14,48.0
train_ind,Nitrate-N,14,351.0
train_ind,Nitrate-N,14,194.0
train_ind,Nitrate-N,14,28.0
train_ind,Nitrate-N,14,391.0
train_ind,Nitrate-N,14,213.0
train_ind,Nitrate-N,14,190.0
train_ind,Nitrate-N,14,139.0
train_ind,Nitrate-N,14,167.0
train_ind,Nitrate-N,14,65.0
train_ind,Nitrate-N,14,102.0
train_ind,Nitrate-N,14,265.0
train_ind,Nitrate-N,14,390.0
train_ind,Nitrate-N,14,304.0
train_ind,Nitrate-N,14,3.0
train_ind,Nitrate-N,14,98.0
train_ind,Nitrate-N,14,59.0
train_ind,Nitrate-N,14,17.0
train_ind,Nitrate-N,14,312.0
train_ind,Nitrate-N,14,38.0
train_ind,Nitrate-N,14,302.0
train_ind,Nitrate-N,14,171.0
train_ind,Nitrate-N,14,170.0
train_ind,Nitrate-N,14,94.0
train_ind,Nitrate-N,14,258.0
train_ind,Nitrate-N,14,298.0
train_ind,Nitrate-N,14,77.0
train_ind,Nitrate-N,14,323.0
train_ind,Nitrate-N,14,217.0
train_ind,Nitrate-N,14,2.0
train_ind,Nitrate-N,14,370.0
train_ind,Nitrate-N,14,385.0
train_ind,Nitrate-N,14,9.0
train_ind,Nitrate-N,14,69.0
train_ind,Nitrate-N,14,55.0
train_ind,Nitrate-N,14,362.0
train_ind,Nitrate-N,14,274.0
train_ind,Nitrate-N,14,144.0
train_ind,Nitrate-N,14,333.0
train_ind,Nitrate-N,14,366.0
train_ind,Nitrate-N,14,260.0
train_ind,Nitrate-N,14,174.0
train_ind,Nitrate-N,14,353.0
train_ind,Nitrate-N,14,27.0
train_ind,Nitrate-N,14,231.0
train_ind,Nitrate-N,14,269.0
test_rsq,Nitrate-N,14,0.8867428216350005
train_rsq,Nitrate-N,14,0.9938230070088943
test_rmse,Nitrate-N,14,0.288430368600799
train_rmse,Nitrate-N,14,0.07610548288036591
test_mape,Nitrate-N,14,193.1488371842011
train_mape,Nitrate-N,14,96.97447888260456
n_comp,Nitrate-N,14,15.0
y_hat_test,Nitrate-N,15,3.2582582979673114
y_hat_test,Nitrate-N,15,0.5565696923464899
y_hat_test,Nitrate-N,15,0.2540066307541654
y_hat_test,Nitrate-N,15,0.617025322596502
y_hat_test,Nitrate-N,15,0.2958322442032893
y_hat_test,Nitrate-N,15,0.2005381721116572
y_hat_test,Nitrate-N,15,-0.4834189380461321
y_hat_test,Nitrate-N,15,0.19181757616887618
y_hat_test,Nitrate-N,15,0.24678445127407145
y_hat_test,Nitrate-N,15,0.5303339204610436
y_hat_test,Nitrate-N,15,0.34535419584698646
y_hat_test,Nitrate-N,15,3.7345953658506246
y_hat_test,Nitrate-N,15,0.1479744868638465
y_hat_test,Nitrate-N,15,0.13950759705548965
y_hat_test,Nitrate-N,15,0.3986875199633072
y_hat_test,Nitrate-N,15,0.12933682445442368
y_hat_test,Nitrate-N,15,0.2114985253019394
y_hat_test,Nitrate-N,15,-0.002522345731084341
y_hat_test,Nitrate-N,15,2.798347094959436
y_hat_test,Nitrate-N,15,0.6688159283611754
y_hat_test,Nitrate-N,15,0.30580686825650016
y_hat_test,Nitrate-N,15,0.07584683991083246
y_hat_test,Nitrate-N,15,0.44309471117694643
y_hat_test,Nitrate-N,15,0.2594793005863727
y_hat_test,Nitrate-N,15,-0.06531213541400605
y_hat_test,Nitrate-N,15,0.3450734017655007
y_hat_test,Nitrate-N,15,1.1193163682889806
y_hat_test,Nitrate-N,15,-0.13328362197257926
y_hat_test,Nitrate-N,15,0.5005781030068275
y_hat_test,Nitrate-N,15,2.3649002429995485
y_hat_test,Nitrate-N,15,0.09865879982261916
y_hat_test,Nitrate-N,15,0.2584121564646117
y_hat_test,Nitrate-N,15,0.188524837384626
y_hat_test,Nitrate-N,15,0.5195705891637155
y_hat_test,Nitrate-N,15,-0.01856136164020028
y_hat_test,Nitrate-N,15,0.3315067892594314
y_hat_test,Nitrate-N,15,3.2930735856219298
y_hat_test,Nitrate-N,15,0.09480177030748416
y_hat_test,Nitrate-N,15,0.33101215902749004
y_hat_test,Nitrate-N,15,0.29403838091959
y_hat_test,Nitrate-N,15,0.585778271658823
y_hat_test,Nitrate-N,15,0.39526168842957465
y_hat_test,Nitrate-N,15,0.27369052529276094
y_hat_test,Nitrate-N,15,1.735070171663157
y_hat_test,Nitrate-N,15,0.518687610813141
y_hat_test,Nitrate-N,15,0.18874897175924904
y_hat_test,Nitrate-N,15,0.41054039030034895
y_hat_test,Nitrate-N,15,0.3202024248908118
y_hat_test,Nitrate-N,15,0.04686461768511141
y_hat_test,Nitrate-N,15,0.3374741444575173
y_hat_test,Nitrate-N,15,0.08768181065056335
y_hat_test,Nitrate-N,15,1.9730841755901425
y_hat_train,Nitrate-N,15,0.056501841705567935
y_hat_train,Nitrate-N,15,0.1336119812979562
y_hat_train,Nitrate-N,15,0.2740798663986121
y_hat_train,Nitrate-N,15,0.1464112509761626
y_hat_train,Nitrate-N,15,-0.027756790746109594
y_hat_train,Nitrate-N,15,0.4043941575957994
y_hat_train,Nitrate-N,15,0.6043806840556847
y_hat_train,Nitrate-N,15,0.17912565597364766
y_hat_train,Nitrate-N,15,0.23595780593832344
y_hat_train,Nitrate-N,15,0.2555166772347675
y_hat_train,Nitrate-N,15,0.15629406250185313
y_hat_train,Nitrate-N,15,0.1799059361363013
y_hat_train,Nitrate-N,15,-0.05961084514276305
y_hat_train,Nitrate-N,15,0.32906227273049515
y_hat_train,Nitrate-N,15,0.047319877063266125
y_hat_train,Nitrate-N,15,0.2233457480096402
y_hat_train,Nitrate-N,15,0.6253909559565436
y_hat_train,Nitrate-N,15,0.26383382571904385
y_hat_train,Nitrate-N,15,0.0567988304296585
y_hat_train,Nitrate-N,15,0.08826184569287121
y_hat_train,Nitrate-N,15,0.6136966145417524
y_hat_train,Nitrate-N,15,0.21353946839787935
y_hat_train,Nitrate-N,15,0.17055802587459268
y_hat_train,Nitrate-N,15,-0.036876942620891584
y_hat_train,Nitrate-N,15,0.3012781294525692
y_hat_train,Nitrate-N,15,-0.0705210662136645
y_hat_train,Nitrate-N,15,3.3863371549850805
y_hat_train,Nitrate-N,15,0.4912978402074508
y_hat_train,Nitrate-N,15,0.10713265296655711
y_hat_train,Nitrate-N,15,0.030411620838398767
y_hat_train,Nitrate-N,15,0.16094695347657506
y_hat_train,Nitrate-N,15,0.5687771053505036
y_hat_train,Nitrate-N,15,0.24212138182388232
y_hat_train,Nitrate-N,15,0.26747603582004553
y_hat_train,Nitrate-N,15,0.3837445616452011
y_hat_train,Nitrate-N,15,-0.034611517689048577
y_hat_train,Nitrate-N,15,0.07459547956134538
y_hat_train,Nitrate-N,15,0.3321932094765939
y_hat_train,Nitrate-N,15,0.2942296729697498
y_hat_train,Nitrate-N,15,0.05063289243585567
y_hat_train,Nitrate-N,15,2.707957719441537
y_hat_train,Nitrate-N,15,0.28400587514470776
y_hat_train,Nitrate-N,15,0.18188145175059695
y_hat_train,Nitrate-N,15,0.3708035606736051
y_hat_train,Nitrate-N,15,0.016838140211366315
y_hat_train,Nitrate-N,15,-0.05331726575211049
y_hat_train,Nitrate-N,15,0.3445431432658394
y_hat_train,Nitrate-N,15,0.3258135112352998
y_hat_train,Nitrate-N,15,0.1832281204069487
y_hat_train,Nitrate-N,15,0.2054666315923005
y_hat_train,Nitrate-N,15,0.24533473872106826
y_hat_train,Nitrate-N,15,0.09040298271056263
y_hat_train,Nitrate-N,15,2.5002630133232002
y_hat_train,Nitrate-N,15,-0.012439242413662899
y_hat_train,Nitrate-N,15,0.4496864174951111
y_hat_train,Nitrate-N,15,0.3432542663240793
y_hat_train,Nitrate-N,15,0.12689466418105616
y_hat_train,Nitrate-N,15,0.0940161097480241
y_hat_train,Nitrate-N,15,2.696095265700931
y_hat_train,Nitrate-N,15,0.26277294080909747
y_hat_train,Nitrate-N,15,1.6417010654540078
y_hat_train,Nitrate-N,15,0.3422890000983219
y_hat_train,Nitrate-N,15,0.38815737462531663
y_hat_train,Nitrate-N,15,0.061481429190163195
y_hat_train,Nitrate-N,15,0.1883643767441509
y_hat_train,Nitrate-N,15,0.14026279111183626
y_hat_train,Nitrate-N,15,0.10864564034443613
y_hat_train,Nitrate-N,15,0.22906107377064122
y_hat_train,Nitrate-N,15,3.4634163621893923
y_hat_train,Nitrate-N,15,0.040991773362991424
y_hat_train,Nitrate-N,15,0.11561046039621209
y_hat_train,Nitrate-N,15,-0.1849767739626248
y_hat_train,Nitrate-N,15,0.2538149669713794
y_hat_train,Nitrate-N,15,3.3389683123125
y_hat_train,Nitrate-N,15,0.45206229844946966
y_hat_train,Nitrate-N,15,0.4037799839946854
y_hat_train,Nitrate-N,15,0.5425863852972144
y_hat_train,Nitrate-N,15,0.17892528053921253
y_hat_train,Nitrate-N,15,0.21728136892729627
y_hat_train,Nitrate-N,15,0.24007461537532243
y_hat_train,Nitrate-N,15,0.1984722406783923
y_hat_train,Nitrate-N,15,0.17499871370821019
y_hat_train,Nitrate-N,15,0.13466326597077977
y_hat_train,Nitrate-N,15,0.3625968834728433
y_hat_train,Nitrate-N,15,0.18122988980039106
y_hat_train,Nitrate-N,15,0.19242588013065037
y_hat_train,Nitrate-N,15,2.4339440082342976
y_hat_train,Nitrate-N,15,0.24023660773054134
y_hat_train,Nitrate-N,15,0.2355447904041576
y_hat_train,Nitrate-N,15,0.15287023403430128
y_hat_train,Nitrate-N,15,0.12738637185803037
y_hat_train,Nitrate-N,15,3.5049777695473496
y_hat_train,Nitrate-N,15,-0.004981800917339796
y_hat_train,Nitrate-N,15,0.10588403396905771
y_hat_train,Nitrate-N,15,0.29040327781425995
y_hat_train,Nitrate-N,15,3.3356414380681167
y_hat_train,Nitrate-N,15,0.4216271372602589
y_hat_train,Nitrate-N,15,0.08293345183412482
y_hat_train,Nitrate-N,15,0.1668609716729963
y_hat_train,Nitrate-N,15,1.9435712987765568
y_hat_train,Nitrate-N,15,0.22687270562895645
y_hat_train,Nitrate-N,15,2.3734381592847114
y_hat_train,Nitrate-N,15,0.13633234456830567
y_hat_train,Nitrate-N,15,0.07366937820306252
y_hat_train,Nitrate-N,15,0.1635218793800311
y_hat_train,Nitrate-N,15,2.366102745848947
y_hat_train,Nitrate-N,15,1.4347305001249788
y_hat_train,Nitrate-N,15,0.22932076081652475
y_hat_train,Nitrate-N,15,0.17267406093219262
y_hat_train,Nitrate-N,15,0.28748897573524396
y_hat_train,Nitrate-N,15,0.29853285373727745
y_hat_train,Nitrate-N,15,0.14949448186325315
y_hat_train,Nitrate-N,15,0.09993872622014621
y_hat_train,Nitrate-N,15,0.14030321050817962
y_hat_train,Nitrate-N,15,3.9514196217560027
y_hat_train,Nitrate-N,15,0.42677417562454134
y_hat_train,Nitrate-N,15,-0.03543771956239472
y_hat_train,Nitrate-N,15,4.852294599643203
y_hat_train,Nitrate-N,15,-0.12840359190216755
y_hat_train,Nitrate-N,15,0.12018777095178484
y_true_train,Nitrate-N,15,0.150333333
y_true_train,Nitrate-N,15,0.090666667
y_true_train,Nitrate-N,15,0.287666667
y_true_train,Nitrate-N,15,0.077
y_true_train,Nitrate-N,15,0.265
y_true_train,Nitrate-N,15,0.294984357
y_true_train,Nitrate-N,15,0.630666667
y_true_train,Nitrate-N,15,0.351510981
y_true_train,Nitrate-N,15,0.141333333
y_true_train,Nitrate-N,15,0.196
y_true_train,Nitrate-N,15,0.215666667
y_true_train,Nitrate-N,15,0.113333333
y_true_train,Nitrate-N,15,0.014333333
y_true_train,Nitrate-N,15,0.272591332
y_true_train,Nitrate-N,15,0.141
y_true_train,Nitrate-N,15,0.198179175
y_true_train,Nitrate-N,15,0.636679275
y_true_train,Nitrate-N,15,0.13339733
y_true_train,Nitrate-N,15,0.091
y_true_train,Nitrate-N,15,0.002666667
y_true_train,Nitrate-N,15,0.647288174
y_true_train,Nitrate-N,15,0.088
y_true_train,Nitrate-N,15,0.128
y_true_train,Nitrate-N,15,0.012333333
y_true_train,Nitrate-N,15,0.248333333
y_true_train,Nitrate-N,15,0.028666667
y_true_train,Nitrate-N,15,3.665666667
y_true_train,Nitrate-N,15,0.468666667
y_true_train,Nitrate-N,15,0.113333333
y_true_train,Nitrate-N,15,0.142333333
y_true_train,Nitrate-N,15,0.235
y_true_train,Nitrate-N,15,0.558333333
y_true_train,Nitrate-N,15,0.284944721
y_true_train,Nitrate-N,15,0.108333333
y_true_train,Nitrate-N,15,0.361666667
y_true_train,Nitrate-N,15,0.046666667
y_true_train,Nitrate-N,15,0.148140528
y_true_train,Nitrate-N,15,0.290190215
y_true_train,Nitrate-N,15,0.275
y_true_train,Nitrate-N,15,0.04
y_true_train,Nitrate-N,15,2.611691805
y_true_train,Nitrate-N,15,0.216533333
y_true_train,Nitrate-N,15,0.153138762
y_true_train,Nitrate-N,15,0.336795488
y_true_train,Nitrate-N,15,0.08
y_true_train,Nitrate-N,15,0.012333333
y_true_train,Nitrate-N,15,0.237415705
y_true_train,Nitrate-N,15,0.264333333
y_true_train,Nitrate-N,15,0.103
y_true_train,Nitrate-N,15,0.273394835
y_true_train,Nitrate-N,15,0.140333333
y_true_train,Nitrate-N,15,0.110666667
y_true_train,Nitrate-N,15,2.524276858
y_true_train,Nitrate-N,15,0.061333333
y_true_train,Nitrate-N,15,0.564666667
y_true_train,Nitrate-N,15,0.273
y_true_train,Nitrate-N,15,0.132333333
y_true_train,Nitrate-N,15,0.128214103
y_true_train,Nitrate-N,15,2.544333333
y_true_train,Nitrate-N,15,0.116666667
y_true_train,Nitrate-N,15,1.549666667
y_true_train,Nitrate-N,15,0.283666667
y_true_train,Nitrate-N,15,0.401233963
y_true_train,Nitrate-N,15,0.006474193
y_true_train,Nitrate-N,15,0.046914199
y_true_train,Nitrate-N,15,0.188333333
y_true_train,Nitrate-N,15,0.029
y_true_train,Nitrate-N,15,0.192666667
y_true_train,Nitrate-N,15,3.498
y_true_train,Nitrate-N,15,0.037253617
y_true_train,Nitrate-N,15,0.166666667
y_true_train,Nitrate-N,15,0.075333333
y_true_train,Nitrate-N,15,0.242114912
y_true_train,Nitrate-N,15,3.455
y_true_train,Nitrate-N,15,0.557
y_true_train,Nitrate-N,15,0.318333333
y_true_train,Nitrate-N,15,0.632
y_true_train,Nitrate-N,15,0.233666667
y_true_train,Nitrate-N,15,0.108333333
y_true_train,Nitrate-N,15,0.325615728
y_true_train,Nitrate-N,15,0.197
y_true_train,Nitrate-N,15,0.08225616
y_true_train,Nitrate-N,15,0.129333333
y_true_train,Nitrate-N,15,0.605
y_true_train,Nitrate-N,15,0.157333333
y_true_train,Nitrate-N,15,0.044666667
y_true_train,Nitrate-N,15,2.243
y_true_train,Nitrate-N,15,0.137333333
y_true_train,Nitrate-N,15,0.162743322
y_true_train,Nitrate-N,15,0.153138762
y_true_train,Nitrate-N,15,0.077
y_true_train,Nitrate-N,15,3.455
y_true_train,Nitrate-N,15,0.219
y_true_train,Nitrate-N,15,0.023
y_true_train,Nitrate-N,15,0.326333333
y_true_train,Nitrate-N,15,2.810666667
y_true_train,Nitrate-N,15,0.439971979
y_true_train,Nitrate-N,15,0.171333333
y_true_train,Nitrate-N,15,0.337
y_true_train,Nitrate-N,15,1.965431456
y_true_train,Nitrate-N,15,0.040627835
y_true_train,Nitrate-N,15,2.300666667
y_true_train,Nitrate-N,15,0.148140528
y_true_train,Nitrate-N,15,0.052136398
y_true_train,Nitrate-N,15,0.172333333
y_true_train,Nitrate-N,15,2.28
y_true_train,Nitrate-N,15,1.501333333
y_true_train,Nitrate-N,15,0.361757248
y_true_train,Nitrate-N,15,0.155666667
y_true_train,Nitrate-N,15,0.203
y_true_train,Nitrate-N,15,0.322666667
y_true_train,Nitrate-N,15,0.002333333
y_true_train,Nitrate-N,15,0.080333333
y_true_train,Nitrate-N,15,0.206816238
y_true_train,Nitrate-N,15,4.182333333
y_true_train,Nitrate-N,15,0.206
y_true_train,Nitrate-N,15,0.122666667
y_true_train,Nitrate-N,15,5.165333333
y_true_train,Nitrate-N,15,0.029
y_true_train,Nitrate-N,15,0.17
y_true_test,Nitrate-N,15,2.539583346
y_true_test,Nitrate-N,15,0.471333333
y_true_test,Nitrate-N,15,0.054
y_true_test,Nitrate-N,15,0.011
y_true_test,Nitrate-N,15,0.044666667
y_true_test,Nitrate-N,15,0.215
y_true_test,Nitrate-N,15,0.128214103
y_true_test,Nitrate-N,15,0.011
y_true_test,Nitrate-N,15,0.17
y_true_test,Nitrate-N,15,0.131905178
y_true_test,Nitrate-N,15,0.104333333
y_true_test,Nitrate-N,15,2.861333333
y_true_test,Nitrate-N,15,0.323333333
y_true_test,Nitrate-N,15,0.152333333
y_true_test,Nitrate-N,15,0.217333333
y_true_test,Nitrate-N,15,0.368333333
y_true_test,Nitrate-N,15,0.387333333
y_true_test,Nitrate-N,15,0.05942377
y_true_test,Nitrate-N,15,3.177604111
y_true_test,Nitrate-N,15,0.789
y_true_test,Nitrate-N,15,0.192666667
y_true_test,Nitrate-N,15,0.182
y_true_test,Nitrate-N,15,0.110666667
y_true_test,Nitrate-N,15,0.178
y_true_test,Nitrate-N,15,0.038
y_true_test,Nitrate-N,15,0.146508959
y_true_test,Nitrate-N,15,1.146333333
y_true_test,Nitrate-N,15,0.013
y_true_test,Nitrate-N,15,0.244666667
y_true_test,Nitrate-N,15,1.42
y_true_test,Nitrate-N,15,0.054
y_true_test,Nitrate-N,15,0.41
y_true_test,Nitrate-N,15,0.084
y_true_test,Nitrate-N,15,0.023333333
y_true_test,Nitrate-N,15,0.131
y_true_test,Nitrate-N,15,0.012333333
y_true_test,Nitrate-N,15,3.105
y_true_test,Nitrate-N,15,0.227333333
y_true_test,Nitrate-N,15,0.272591332
y_true_test,Nitrate-N,15,0.249333333
y_true_test,Nitrate-N,15,0.011
y_true_test,Nitrate-N,15,0.994
y_true_test,Nitrate-N,15,0.101
y_true_test,Nitrate-N,15,1.687
y_true_test,Nitrate-N,15,0.160333333
y_true_test,Nitrate-N,15,0.205742231
y_true_test,Nitrate-N,15,0.138666667
y_true_test,Nitrate-N,15,0.011333333
y_true_test,Nitrate-N,15,0.16
y_true_test,Nitrate-N,15,0.167666667
y_true_test,Nitrate-N,15,0.014086754
y_true_test,Nitrate-N,15,2.438333333
test_ind,Nitrate-N,15,193.0
test_ind,Nitrate-N,15,48.0
test_ind,Nitrate-N,15,342.0
test_ind,Nitrate-N,15,141.0
test_ind,Nitrate-N,15,385.0
test_ind,Nitrate-N,15,17.0
test_ind,Nitrate-N,15,219.0
test_ind,Nitrate-N,15,306.0
test_ind,Nitrate-N,15,237.0
test_ind,Nitrate-N,15,136.0
test_ind,Nitrate-N,15,347.0
test_ind,Nitrate-N,15,232.0
test_ind,Nitrate-N,15,391.0
test_ind,Nitrate-N,15,315.0
test_ind,Nitrate-N,15,65.0
test_ind,Nitrate-N,15,280.0
test_ind,Nitrate-N,15,291.0
test_ind,Nitrate-N,15,104.0
test_ind,Nitrate-N,15,188.0
test_ind,Nitrate-N,15,298.0
test_ind,Nitrate-N,15,351.0
test_ind,Nitrate-N,15,57.0
test_ind,Nitrate-N,15,338.0
test_ind,Nitrate-N,15,244.0
test_ind,Nitrate-N,15,395.0
test_ind,Nitrate-N,15,119.0
test_ind,Nitrate-N,15,320.0
test_ind,Nitrate-N,15,292.0
test_ind,Nitrate-N,15,27.0
test_ind,Nitrate-N,15,55.0
test_ind,Nitrate-N,15,390.0
test_ind,Nitrate-N,15,324.0
test_ind,Nitrate-N,15,14.0
test_ind,Nitrate-N,15,370.0
test_ind,Nitrate-N,15,382.0
test_ind,Nitrate-N,15,76.0
test_ind,Nitrate-N,15,67.0
test_ind,Nitrate-N,15,358.0
test_ind,Nitrate-N,15,174.0
test_ind,Nitrate-N,15,319.0
test_ind,Nitrate-N,15,142.0
test_ind,Nitrate-N,15,281.0
test_ind,Nitrate-N,15,362.0
test_ind,Nitrate-N,15,311.0
test_ind,Nitrate-N,15,258.0
test_ind,Nitrate-N,15,212.0
test_ind,Nitrate-N,15,346.0
test_ind,Nitrate-N,15,23.0
test_ind,Nitrate-N,15,8.0
test_ind,Nitrate-N,15,12.0
test_ind,Nitrate-N,15,80.0
test_ind,Nitrate-N,15,389.0
train_ind,Nitrate-N,15,28.0
train_ind,Nitrate-N,15,252.0
train_ind,Nitrate-N,15,2.0
train_ind,Nitrate-N,15,121.0
train_ind,Nitrate-N,15,279.0
train_ind,Nitrate-N,15,167.0
train_ind,Nitrate-N,15,236.0
train_ind,Nitrate-N,15,139.0
train_ind,Nitrate-N,15,42.0
train_ind,Nitrate-N,15,318.0
train_ind,Nitrate-N,15,262.0
train_ind,Nitrate-N,15,171.0
train_ind,Nitrate-N,15,59.0
train_ind,Nitrate-N,15,175.0
train_ind,Nitrate-N,15,359.0
train_ind,Nitrate-N,15,164.0
train_ind,Nitrate-N,15,144.0
train_ind,Nitrate-N,15,98.0
train_ind,Nitrate-N,15,372.0
train_ind,Nitrate-N,15,16.0
train_ind,Nitrate-N,15,143.0
train_ind,Nitrate-N,15,345.0
train_ind,Nitrate-N,15,300.0
train_ind,Nitrate-N,15,74.0
train_ind,Nitrate-N,15,299.0
train_ind,Nitrate-N,15,243.0
train_ind,Nitrate-N,15,353.0
train_ind,Nitrate-N,15,361.0
train_ind,Nitrate-N,15,170.0
train_ind,Nitrate-N,15,274.0
train_ind,Nitrate-N,15,398.0
train_ind,Nitrate-N,15,344.0
train_ind,Nitrate-N,15,124.0
train_ind,Nitrate-N,15,215.0
train_ind,Nitrate-N,15,29.0
train_ind,Nitrate-N,15,248.0
train_ind,Nitrate-N,15,78.0
train_ind,Nitrate-N,15,103.0
train_ind,Nitrate-N,15,332.0
train_ind,Nitrate-N,15,302.0
train_ind,Nitrate-N,15,187.0
train_ind,Nitrate-N,15,165.0
train_ind,Nitrate-N,15,126.0
train_ind,Nitrate-N,15,172.0
train_ind,Nitrate-N,15,329.0
train_ind,Nitrate-N,15,75.0
train_ind,Nitrate-N,15,217.0
train_ind,Nitrate-N,15,61.0
train_ind,Nitrate-N,15,326.0
train_ind,Nitrate-N,15,173.0
train_ind,Nitrate-N,15,69.0
train_ind,Nitrate-N,15,268.0
train_ind,Nitrate-N,15,192.0
train_ind,Nitrate-N,15,36.0
train_ind,Nitrate-N,15,269.0
train_ind,Nitrate-N,15,233.0
train_ind,Nitrate-N,15,39.0
train_ind,Nitrate-N,15,220.0
train_ind,Nitrate-N,15,249.0
train_ind,Nitrate-N,15,238.0
train_ind,Nitrate-N,15,378.0
train_ind,Nitrate-N,15,381.0
train_ind,Nitrate-N,15,123.0
train_ind,Nitrate-N,15,213.0
train_ind,Nitrate-N,15,95.0
train_ind,Nitrate-N,15,287.0
train_ind,Nitrate-N,15,270.0
train_ind,Nitrate-N,15,304.0
train_ind,Nitrate-N,15,6.0
train_ind,Nitrate-N,15,72.0
train_ind,Nitrate-N,15,305.0
train_ind,Nitrate-N,15,278.0
train_ind,Nitrate-N,15,231.0
train_ind,Nitrate-N,15,191.0
train_ind,Nitrate-N,15,64.0
train_ind,Nitrate-N,15,341.0
train_ind,Nitrate-N,15,392.0
train_ind,Nitrate-N,15,333.0
train_ind,Nitrate-N,15,216.0
train_ind,Nitrate-N,15,102.0
train_ind,Nitrate-N,15,52.0
train_ind,Nitrate-N,15,168.0
train_ind,Nitrate-N,15,15.0
train_ind,Nitrate-N,15,9.0
train_ind,Nitrate-N,15,250.0
train_ind,Nitrate-N,15,349.0
train_ind,Nitrate-N,15,265.0
train_ind,Nitrate-N,15,49.0
train_ind,Nitrate-N,15,94.0
train_ind,Nitrate-N,15,125.0
train_ind,Nitrate-N,15,122.0
train_ind,Nitrate-N,15,190.0
train_ind,Nitrate-N,15,386.0
train_ind,Nitrate-N,15,247.0
train_ind,Nitrate-N,15,3.0
train_ind,Nitrate-N,15,284.0
train_ind,Nitrate-N,15,138.0
train_ind,Nitrate-N,15,34.0
train_ind,Nitrate-N,15,260.0
train_ind,Nitrate-N,15,194.0
train_ind,Nitrate-N,15,99.0
train_ind,Nitrate-N,15,41.0
train_ind,Nitrate-N,15,77.0
train_ind,Nitrate-N,15,79.0
train_ind,Nitrate-N,15,266.0
train_ind,Nitrate-N,15,343.0
train_ind,Nitrate-N,15,20.0
train_ind,Nitrate-N,15,145.0
train_ind,Nitrate-N,15,374.0
train_ind,Nitrate-N,15,51.0
train_ind,Nitrate-N,15,373.0
train_ind,Nitrate-N,15,38.0
train_ind,Nitrate-N,15,293.0
train_ind,Nitrate-N,15,218.0
train_ind,Nitrate-N,15,365.0
train_ind,Nitrate-N,15,366.0
train_ind,Nitrate-N,15,312.0
train_ind,Nitrate-N,15,295.0
train_ind,Nitrate-N,15,323.0
train_ind,Nitrate-N,15,339.0
test_rsq,Nitrate-N,15,0.8443323001220886
train_rsq,Nitrate-N,15,0.9863660125051111
test_rmse,Nitrate-N,15,0.32873361851691246
train_rmse,Nitrate-N,15,0.11424165041923232
test_mape,Nitrate-N,15,505.47059929682706
train_mape,Nitrate-N,15,154.54708355628216
n_comp,Nitrate-N,15,12.0
y_hat_test,Nitrate-N,16,0.3050321958485965
y_hat_test,Nitrate-N,16,0.06271751439054707
y_hat_test,Nitrate-N,16,2.522971975409619
y_hat_test,Nitrate-N,16,0.27639290667129596
y_hat_test,Nitrate-N,16,0.14872868493182367
y_hat_test,Nitrate-N,16,0.45116010088353703
y_hat_test,Nitrate-N,16,0.17339134320148286
y_hat_test,Nitrate-N,16,0.1634620655805225
y_hat_test,Nitrate-N,16,-0.04505905130583232
y_hat_test,Nitrate-N,16,2.475395417346255
y_hat_test,Nitrate-N,16,0.022333898163227728
y_hat_test,Nitrate-N,16,-0.04027197666938942
y_hat_test,Nitrate-N,16,0.47595316813906674
y_hat_test,Nitrate-N,16,0.0625158847406655
y_hat_test,Nitrate-N,16,0.3927825912481827
y_hat_test,Nitrate-N,16,2.1440023868944595
y_hat_test,Nitrate-N,16,-0.20759105649095722
y_hat_test,Nitrate-N,16,0.13913120236254628
y_hat_test,Nitrate-N,16,0.5170018274980805
y_hat_test,Nitrate-N,16,0.02385838593133538
y_hat_test,Nitrate-N,16,0.14420354607132863
y_hat_test,Nitrate-N,16,1.9325846975495187
y_hat_test,Nitrate-N,16,3.7911913681928495
y_hat_test,Nitrate-N,16,0.12306782094417479
y_hat_test,Nitrate-N,16,0.09758124284374031
y_hat_test,Nitrate-N,16,0.5621010410286037
y_hat_test,Nitrate-N,16,0.17156953693588423
y_hat_test,Nitrate-N,16,0.16346147912694775
y_hat_test,Nitrate-N,16,0.47006531749649905
y_hat_test,Nitrate-N,16,0.6782272511408195
y_hat_test,Nitrate-N,16,-0.16601008286925145
y_hat_test,Nitrate-N,16,0.04155430432410556
y_hat_test,Nitrate-N,16,0.13971345414817155
y_hat_test,Nitrate-N,16,0.18735561944361828
y_hat_test,Nitrate-N,16,1.0411196096955453
y_hat_test,Nitrate-N,16,0.18619082345317295
y_hat_test,Nitrate-N,16,0.12256035592666992
y_hat_test,Nitrate-N,16,3.4629140675441827
y_hat_test,Nitrate-N,16,0.5710951584571128
y_hat_test,Nitrate-N,16,0.31038165105902343
y_hat_test,Nitrate-N,16,0.3943001163507978
y_hat_test,Nitrate-N,16,0.3959768576193409
y_hat_test,Nitrate-N,16,0.09117507694486887
y_hat_test,Nitrate-N,16,0.03911980471424037
y_hat_test,Nitrate-N,16,0.06354751609479259
y_hat_test,Nitrate-N,16,-0.2474811305403336
y_hat_test,Nitrate-N,16,-0.03150463467506337
y_hat_test,Nitrate-N,16,0.18483068212016368
y_hat_test,Nitrate-N,16,0.34774093080409285
y_hat_test,Nitrate-N,16,0.5440652205825115
y_hat_test,Nitrate-N,16,-0.0002967599700375301
y_hat_test,Nitrate-N,16,0.4958703565381439
y_hat_train,Nitrate-N,16,0.07355589225359593
y_hat_train,Nitrate-N,16,0.23304904997433884
y_hat_train,Nitrate-N,16,0.09519327594980737
y_hat_train,Nitrate-N,16,0.1943950525904221
y_hat_train,Nitrate-N,16,0.3610816646846531
y_hat_train,Nitrate-N,16,-0.03833072497884382
y_hat_train,Nitrate-N,16,0.21434941032696964
y_hat_train,Nitrate-N,16,0.11858526374832179
y_hat_train,Nitrate-N,16,0.12216966281832736
y_hat_train,Nitrate-N,16,-0.11001792835179258
y_hat_train,Nitrate-N,16,0.14650255466386325
y_hat_train,Nitrate-N,16,2.5919830265185886
y_hat_train,Nitrate-N,16,0.10085708207709504
y_hat_train,Nitrate-N,16,0.2079921830534196
y_hat_train,Nitrate-N,16,0.1454292658694114
y_hat_train,Nitrate-N,16,0.2161738118269672
y_hat_train,Nitrate-N,16,2.6572134749323495
y_hat_train,Nitrate-N,16,2.4031704959547318
y_hat_train,Nitrate-N,16,0.43788268935258556
y_hat_train,Nitrate-N,16,0.12328117134275618
y_hat_train,Nitrate-N,16,0.13978435717468957
y_hat_train,Nitrate-N,16,0.051024190128696856
y_hat_train,Nitrate-N,16,0.27722380263846813
y_hat_train,Nitrate-N,16,0.26376283601658834
y_hat_train,Nitrate-N,16,0.2303916551320463
y_hat_train,Nitrate-N,16,0.23159884826453325
y_hat_train,Nitrate-N,16,3.407649073552907
y_hat_train,Nitrate-N,16,3.409998193047834
y_hat_train,Nitrate-N,16,-0.04127486663358926
y_hat_train,Nitrate-N,16,0.08747705885079754
y_hat_train,Nitrate-N,16,1.5676504972927887
y_hat_train,Nitrate-N,16,1.4387283204105927
y_hat_train,Nitrate-N,16,0.15111841109408458
y_hat_train,Nitrate-N,16,0.411771276850164
y_hat_train,Nitrate-N,16,0.26143913841561806
y_hat_train,Nitrate-N,16,0.18959936252800758
y_hat_train,Nitrate-N,16,0.09449017191391057
y_hat_train,Nitrate-N,16,0.12133970239023395
y_hat_train,Nitrate-N,16,0.13461818682030446
y_hat_train,Nitrate-N,16,0.23644102497038327
y_hat_train,Nitrate-N,16,0.12841340458112027
y_hat_train,Nitrate-N,16,0.12967879965133816
y_hat_train,Nitrate-N,16,0.11185077483648281
y_hat_train,Nitrate-N,16,0.20204319186292796
y_hat_train,Nitrate-N,16,0.10474953687925509
y_hat_train,Nitrate-N,16,0.29769885056427936
y_hat_train,Nitrate-N,16,0.33780221872149074
y_hat_train,Nitrate-N,16,0.25815549815002675
y_hat_train,Nitrate-N,16,2.377326305250846
y_hat_train,Nitrate-N,16,0.6352354373545916
y_hat_train,Nitrate-N,16,0.2275359339917455
y_hat_train,Nitrate-N,16,3.405726883740926
y_hat_train,Nitrate-N,16,-0.02442092941998275
y_hat_train,Nitrate-N,16,0.18090190031828152
y_hat_train,Nitrate-N,16,0.1879151923574035
y_hat_train,Nitrate-N,16,0.1686948496588616
y_hat_train,Nitrate-N,16,-0.02142114422864083
y_hat_train,Nitrate-N,16,0.08289387752366723
y_hat_train,Nitrate-N,16,0.17778500311128337
y_hat_train,Nitrate-N,16,0.29960684498654305
y_hat_train,Nitrate-N,16,2.267318377251775
y_hat_train,Nitrate-N,16,0.0489779427307353
y_hat_train,Nitrate-N,16,0.11395364296965682
y_hat_train,Nitrate-N,16,0.6832407032092681
y_hat_train,Nitrate-N,16,0.24963506327012408
y_hat_train,Nitrate-N,16,0.28068502356323377
y_hat_train,Nitrate-N,16,-0.019928017734229253
y_hat_train,Nitrate-N,16,0.1516009239238767
y_hat_train,Nitrate-N,16,0.41910062131637094
y_hat_train,Nitrate-N,16,0.320500835351769
y_hat_train,Nitrate-N,16,0.07530119213930175
y_hat_train,Nitrate-N,16,0.032495127781218214
y_hat_train,Nitrate-N,16,0.14588089669780685
y_hat_train,Nitrate-N,16,0.11636991076434028
y_hat_train,Nitrate-N,16,0.41240576326511935
y_hat_train,Nitrate-N,16,4.072518600075639
y_hat_train,Nitrate-N,16,0.02244807303933749
y_hat_train,Nitrate-N,16,5.053033309343902
y_hat_train,Nitrate-N,16,0.5462210534051231
y_hat_train,Nitrate-N,16,0.14684769066333203
y_hat_train,Nitrate-N,16,0.13202693669147747
y_hat_train,Nitrate-N,16,0.20814313521911604
y_hat_train,Nitrate-N,16,0.3380596169446831
y_hat_train,Nitrate-N,16,0.10692425709865616
y_hat_train,Nitrate-N,16,0.3163010718567229
y_hat_train,Nitrate-N,16,1.4016047977772237
y_hat_train,Nitrate-N,16,0.0574197061724927
y_hat_train,Nitrate-N,16,0.10049649334722138
y_hat_train,Nitrate-N,16,0.1537991386044149
y_hat_train,Nitrate-N,16,0.39609235206241966
y_hat_train,Nitrate-N,16,0.05794705737567196
y_hat_train,Nitrate-N,16,1.7052941118092342
y_hat_train,Nitrate-N,16,-0.06620393764426447
y_hat_train,Nitrate-N,16,0.08525206845579714
y_hat_train,Nitrate-N,16,0.17772175794166567
y_hat_train,Nitrate-N,16,3.1514764809156213
y_hat_train,Nitrate-N,16,0.2955506632535462
y_hat_train,Nitrate-N,16,0.09143781256860517
y_hat_train,Nitrate-N,16,0.1978216724838825
y_hat_train,Nitrate-N,16,0.16227469021157043
y_hat_train,Nitrate-N,16,0.2289643798706198
y_hat_train,Nitrate-N,16,3.2733435482135356
y_hat_train,Nitrate-N,16,3.1598297221201674
y_hat_train,Nitrate-N,16,0.353628278220134
y_hat_train,Nitrate-N,16,0.33444407614614613
y_hat_train,Nitrate-N,16,0.19409737679096545
y_hat_train,Nitrate-N,16,-0.10714213879000678
y_hat_train,Nitrate-N,16,0.09432793583709259
y_hat_train,Nitrate-N,16,0.8318932109731441
y_hat_train,Nitrate-N,16,-0.05002714520776108
y_hat_train,Nitrate-N,16,0.5177190520948105
y_hat_train,Nitrate-N,16,0.23890108663049225
y_hat_train,Nitrate-N,16,0.49704276515160234
y_hat_train,Nitrate-N,16,0.32045424635667813
y_hat_train,Nitrate-N,16,0.06886122011816143
y_hat_train,Nitrate-N,16,0.03879240740572576
y_hat_train,Nitrate-N,16,0.3881803857936096
y_hat_train,Nitrate-N,16,0.49422704389733807
y_hat_train,Nitrate-N,16,0.2962983133587261
y_hat_train,Nitrate-N,16,0.7717600464862457
y_true_train,Nitrate-N,16,0.05942377
y_true_train,Nitrate-N,16,0.182
y_true_train,Nitrate-N,16,0.08225616
y_true_train,Nitrate-N,16,0.196
y_true_train,Nitrate-N,16,0.401233963
y_true_train,Nitrate-N,16,0.012333333
y_true_train,Nitrate-N,16,0.287666667
y_true_train,Nitrate-N,16,0.128214103
y_true_train,Nitrate-N,16,0.153138762
y_true_train,Nitrate-N,16,0.150333333
y_true_train,Nitrate-N,16,0.219
y_true_train,Nitrate-N,16,2.544333333
y_true_train,Nitrate-N,16,0.167666667
y_true_train,Nitrate-N,16,0.131905178
y_true_train,Nitrate-N,16,0.077
y_true_train,Nitrate-N,16,0.104333333
y_true_train,Nitrate-N,16,2.539583346
y_true_train,Nitrate-N,16,2.524276858
y_true_train,Nitrate-N,16,0.206
y_true_train,Nitrate-N,16,0.141
y_true_train,Nitrate-N,16,0.152333333
y_true_train,Nitrate-N,16,0.023
y_true_train,Nitrate-N,16,0.368333333
y_true_train,Nitrate-N,16,0.235
y_true_train,Nitrate-N,16,0.077
y_true_train,Nitrate-N,16,0.249333333
y_true_train,Nitrate-N,16,3.455
y_true_train,Nitrate-N,16,3.665666667
y_true_train,Nitrate-N,16,0.012333333
y_true_train,Nitrate-N,16,0.142333333
y_true_train,Nitrate-N,16,1.42
y_true_train,Nitrate-N,16,1.501333333
y_true_train,Nitrate-N,16,0.192666667
y_true_train,Nitrate-N,16,0.217333333
y_true_train,Nitrate-N,16,0.237415705
y_true_train,Nitrate-N,16,0.128
y_true_train,Nitrate-N,16,0.17
y_true_train,Nitrate-N,16,0.16
y_true_train,Nitrate-N,16,0.113333333
y_true_train,Nitrate-N,16,0.233666667
y_true_train,Nitrate-N,16,0.128214103
y_true_train,Nitrate-N,16,0.265
y_true_train,Nitrate-N,16,0.037253617
y_true_train,Nitrate-N,16,0.148140528
y_true_train,Nitrate-N,16,0.054
y_true_train,Nitrate-N,16,0.216533333
y_true_train,Nitrate-N,16,0.275
y_true_train,Nitrate-N,16,0.157333333
y_true_train,Nitrate-N,16,2.300666667
y_true_train,Nitrate-N,16,0.630666667
y_true_train,Nitrate-N,16,0.227333333
y_true_train,Nitrate-N,16,3.498
y_true_train,Nitrate-N,16,0.044666667
y_true_train,Nitrate-N,16,0.108333333
y_true_train,Nitrate-N,16,0.012333333
y_true_train,Nitrate-N,16,0.205742231
y_true_train,Nitrate-N,16,0.014333333
y_true_train,Nitrate-N,16,0.013
y_true_train,Nitrate-N,16,0.137333333
y_true_train,Nitrate-N,16,0.351510981
y_true_train,Nitrate-N,16,2.28
y_true_train,Nitrate-N,16,0.273394835
y_true_train,Nitrate-N,16,0.203
y_true_train,Nitrate-N,16,0.994
y_true_train,Nitrate-N,16,0.17
y_true_train,Nitrate-N,16,0.361757248
y_true_train,Nitrate-N,16,0.197
y_true_train,Nitrate-N,16,0.113333333
y_true_train,Nitrate-N,16,0.326333333
y_true_train,Nitrate-N,16,0.244666667
y_true_train,Nitrate-N,16,0.002333333
y_true_train,Nitrate-N,16,0.084
y_true_train,Nitrate-N,16,0.13339733
y_true_train,Nitrate-N,16,0.054
y_true_train,Nitrate-N,16,0.290190215
y_true_train,Nitrate-N,16,4.182333333
y_true_train,Nitrate-N,16,0.131
y_true_train,Nitrate-N,16,5.165333333
y_true_train,Nitrate-N,16,0.564666667
y_true_train,Nitrate-N,16,0.242114912
y_true_train,Nitrate-N,16,0.040627835
y_true_train,Nitrate-N,16,0.132333333
y_true_train,Nitrate-N,16,0.471333333
y_true_train,Nitrate-N,16,0.061333333
y_true_train,Nitrate-N,16,0.283666667
y_true_train,Nitrate-N,16,1.549666667
y_true_train,Nitrate-N,16,0.171333333
y_true_train,Nitrate-N,16,0.206816238
y_true_train,Nitrate-N,16,0.148140528
y_true_train,Nitrate-N,16,0.361666667
y_true_train,Nitrate-N,16,0.029
y_true_train,Nitrate-N,16,1.687
y_true_train,Nitrate-N,16,0.014086754
y_true_train,Nitrate-N,16,0.002666667
y_true_train,Nitrate-N,16,0.188333333
y_true_train,Nitrate-N,16,2.810666667
y_true_train,Nitrate-N,16,0.192666667
y_true_train,Nitrate-N,16,0.264333333
y_true_train,Nitrate-N,16,0.160333333
y_true_train,Nitrate-N,16,0.122666667
y_true_train,Nitrate-N,16,0.116666667
y_true_train,Nitrate-N,16,3.177604111
y_true_train,Nitrate-N,16,3.105
y_true_train,Nitrate-N,16,0.323333333
y_true_train,Nitrate-N,16,0.387333333
y_true_train,Nitrate-N,16,0.138666667
y_true_train,Nitrate-N,16,0.075333333
y_true_train,Nitrate-N,16,0.011
y_true_train,Nitrate-N,16,0.789
y_true_train,Nitrate-N,16,0.091
y_true_train,Nitrate-N,16,0.558333333
y_true_train,Nitrate-N,16,0.162743322
y_true_train,Nitrate-N,16,0.605
y_true_train,Nitrate-N,16,0.322666667
y_true_train,Nitrate-N,16,0.166666667
y_true_train,Nitrate-N,16,0.04
y_true_train,Nitrate-N,16,0.294984357
y_true_train,Nitrate-N,16,0.336795488
y_true_train,Nitrate-N,16,0.248333333
y_true_train,Nitrate-N,16,0.632
y_true_test,Nitrate-N,16,0.41
y_true_test,Nitrate-N,16,0.006474193
y_true_test,Nitrate-N,16,2.243
y_true_test,Nitrate-N,16,0.146508959
y_true_test,Nitrate-N,16,0.129333333
y_true_test,Nitrate-N,16,0.557
y_true_test,Nitrate-N,16,0.140333333
y_true_test,Nitrate-N,16,0.337
y_true_test,Nitrate-N,16,0.046666667
y_true_test,Nitrate-N,16,2.611691805
y_true_test,Nitrate-N,16,0.284944721
y_true_test,Nitrate-N,16,0.028666667
y_true_test,Nitrate-N,16,0.318333333
y_true_test,Nitrate-N,16,0.090666667
y_true_test,Nitrate-N,16,0.647288174
y_true_test,Nitrate-N,16,2.438333333
y_true_test,Nitrate-N,16,0.080333333
y_true_test,Nitrate-N,16,0.044666667
y_true_test,Nitrate-N,16,0.023333333
y_true_test,Nitrate-N,16,0.038
y_true_test,Nitrate-N,16,0.088
y_true_test,Nitrate-N,16,1.965431456
y_true_test,Nitrate-N,16,2.861333333
y_true_test,Nitrate-N,16,0.011
y_true_test,Nitrate-N,16,0.141333333
y_true_test,Nitrate-N,16,0.468666667
y_true_test,Nitrate-N,16,0.101
y_true_test,Nitrate-N,16,0.215
y_true_test,Nitrate-N,16,0.272591332
y_true_test,Nitrate-N,16,0.636679275
y_true_test,Nitrate-N,16,0.08
y_true_test,Nitrate-N,16,0.110666667
y_true_test,Nitrate-N,16,0.172333333
y_true_test,Nitrate-N,16,0.011333333
y_true_test,Nitrate-N,16,1.146333333
y_true_test,Nitrate-N,16,0.155666667
y_true_test,Nitrate-N,16,0.153138762
y_true_test,Nitrate-N,16,3.455
y_true_test,Nitrate-N,16,0.046914199
y_true_test,Nitrate-N,16,0.325615728
y_true_test,Nitrate-N,16,0.273
y_true_test,Nitrate-N,16,0.110666667
y_true_test,Nitrate-N,16,0.198179175
y_true_test,Nitrate-N,16,0.052136398
y_true_test,Nitrate-N,16,0.215666667
y_true_test,Nitrate-N,16,0.029
y_true_test,Nitrate-N,16,0.103
y_true_test,Nitrate-N,16,0.108333333
y_true_test,Nitrate-N,16,0.439971979
y_true_test,Nitrate-N,16,0.178
y_true_test,Nitrate-N,16,0.011
y_true_test,Nitrate-N,16,0.272591332
test_ind,Nitrate-N,16,324.0
test_ind,Nitrate-N,16,213.0
test_ind,Nitrate-N,16,265.0
test_ind,Nitrate-N,16,119.0
test_ind,Nitrate-N,16,15.0
test_ind,Nitrate-N,16,64.0
test_ind,Nitrate-N,16,69.0
test_ind,Nitrate-N,16,260.0
test_ind,Nitrate-N,16,248.0
test_ind,Nitrate-N,16,187.0
test_ind,Nitrate-N,16,124.0
test_ind,Nitrate-N,16,243.0
test_ind,Nitrate-N,16,341.0
test_ind,Nitrate-N,16,252.0
test_ind,Nitrate-N,16,143.0
test_ind,Nitrate-N,16,389.0
test_ind,Nitrate-N,16,293.0
test_ind,Nitrate-N,16,349.0
test_ind,Nitrate-N,16,370.0
test_ind,Nitrate-N,16,395.0
test_ind,Nitrate-N,16,345.0
test_ind,Nitrate-N,16,194.0
test_ind,Nitrate-N,16,232.0
test_ind,Nitrate-N,16,142.0
test_ind,Nitrate-N,16,42.0
test_ind,Nitrate-N,16,361.0
test_ind,Nitrate-N,16,362.0
test_ind,Nitrate-N,16,17.0
test_ind,Nitrate-N,16,174.0
test_ind,Nitrate-N,16,144.0
test_ind,Nitrate-N,16,329.0
test_ind,Nitrate-N,16,268.0
test_ind,Nitrate-N,16,266.0
test_ind,Nitrate-N,16,23.0
test_ind,Nitrate-N,16,320.0
test_ind,Nitrate-N,16,374.0
test_ind,Nitrate-N,16,126.0
test_ind,Nitrate-N,16,190.0
test_ind,Nitrate-N,16,95.0
test_ind,Nitrate-N,16,102.0
test_ind,Nitrate-N,16,233.0
test_ind,Nitrate-N,16,338.0
test_ind,Nitrate-N,16,164.0
test_ind,Nitrate-N,16,79.0
test_ind,Nitrate-N,16,262.0
test_ind,Nitrate-N,16,323.0
test_ind,Nitrate-N,16,326.0
test_ind,Nitrate-N,16,215.0
test_ind,Nitrate-N,16,138.0
test_ind,Nitrate-N,16,244.0
test_ind,Nitrate-N,16,306.0
test_ind,Nitrate-N,16,175.0
train_ind,Nitrate-N,16,104.0
train_ind,Nitrate-N,16,57.0
train_ind,Nitrate-N,16,168.0
train_ind,Nitrate-N,16,318.0
train_ind,Nitrate-N,16,123.0
train_ind,Nitrate-N,16,75.0
train_ind,Nitrate-N,16,2.0
train_ind,Nitrate-N,16,220.0
train_ind,Nitrate-N,16,125.0
train_ind,Nitrate-N,16,28.0
train_ind,Nitrate-N,16,386.0
train_ind,Nitrate-N,16,249.0
train_ind,Nitrate-N,16,12.0
train_ind,Nitrate-N,16,136.0
train_ind,Nitrate-N,16,122.0
train_ind,Nitrate-N,16,347.0
train_ind,Nitrate-N,16,193.0
train_ind,Nitrate-N,16,192.0
train_ind,Nitrate-N,16,366.0
train_ind,Nitrate-N,16,359.0
train_ind,Nitrate-N,16,315.0
train_ind,Nitrate-N,16,247.0
train_ind,Nitrate-N,16,280.0
train_ind,Nitrate-N,16,398.0
train_ind,Nitrate-N,16,121.0
train_ind,Nitrate-N,16,319.0
train_ind,Nitrate-N,16,191.0
train_ind,Nitrate-N,16,353.0
train_ind,Nitrate-N,16,74.0
train_ind,Nitrate-N,16,274.0
train_ind,Nitrate-N,16,55.0
train_ind,Nitrate-N,16,20.0
train_ind,Nitrate-N,16,304.0
train_ind,Nitrate-N,16,65.0
train_ind,Nitrate-N,16,217.0
train_ind,Nitrate-N,16,300.0
train_ind,Nitrate-N,16,339.0
train_ind,Nitrate-N,16,8.0
train_ind,Nitrate-N,16,171.0
train_ind,Nitrate-N,16,333.0
train_ind,Nitrate-N,16,219.0
train_ind,Nitrate-N,16,279.0
train_ind,Nitrate-N,16,72.0
train_ind,Nitrate-N,16,78.0
train_ind,Nitrate-N,16,342.0
train_ind,Nitrate-N,16,165.0
train_ind,Nitrate-N,16,332.0
train_ind,Nitrate-N,16,250.0
train_ind,Nitrate-N,16,41.0
train_ind,Nitrate-N,16,236.0
train_ind,Nitrate-N,16,358.0
train_ind,Nitrate-N,16,6.0
train_ind,Nitrate-N,16,385.0
train_ind,Nitrate-N,16,216.0
train_ind,Nitrate-N,16,76.0
train_ind,Nitrate-N,16,212.0
train_ind,Nitrate-N,16,59.0
train_ind,Nitrate-N,16,292.0
train_ind,Nitrate-N,16,49.0
train_ind,Nitrate-N,16,139.0
train_ind,Nitrate-N,16,343.0
train_ind,Nitrate-N,16,173.0
train_ind,Nitrate-N,16,51.0
train_ind,Nitrate-N,16,281.0
train_ind,Nitrate-N,16,237.0
train_ind,Nitrate-N,16,145.0
train_ind,Nitrate-N,16,52.0
train_ind,Nitrate-N,16,170.0
train_ind,Nitrate-N,16,3.0
train_ind,Nitrate-N,16,27.0
train_ind,Nitrate-N,16,38.0
train_ind,Nitrate-N,16,14.0
train_ind,Nitrate-N,16,98.0
train_ind,Nitrate-N,16,390.0
train_ind,Nitrate-N,16,103.0
train_ind,Nitrate-N,16,365.0
train_ind,Nitrate-N,16,382.0
train_ind,Nitrate-N,16,295.0
train_ind,Nitrate-N,16,269.0
train_ind,Nitrate-N,16,231.0
train_ind,Nitrate-N,16,99.0
train_ind,Nitrate-N,16,39.0
train_ind,Nitrate-N,16,48.0
train_ind,Nitrate-N,16,36.0
train_ind,Nitrate-N,16,381.0
train_ind,Nitrate-N,16,378.0
train_ind,Nitrate-N,16,34.0
train_ind,Nitrate-N,16,218.0
train_ind,Nitrate-N,16,77.0
train_ind,Nitrate-N,16,29.0
train_ind,Nitrate-N,16,270.0
train_ind,Nitrate-N,16,311.0
train_ind,Nitrate-N,16,80.0
train_ind,Nitrate-N,16,16.0
train_ind,Nitrate-N,16,287.0
train_ind,Nitrate-N,16,284.0
train_ind,Nitrate-N,16,351.0
train_ind,Nitrate-N,16,61.0
train_ind,Nitrate-N,16,258.0
train_ind,Nitrate-N,16,312.0
train_ind,Nitrate-N,16,238.0
train_ind,Nitrate-N,16,188.0
train_ind,Nitrate-N,16,67.0
train_ind,Nitrate-N,16,391.0
train_ind,Nitrate-N,16,291.0
train_ind,Nitrate-N,16,346.0
train_ind,Nitrate-N,16,278.0
train_ind,Nitrate-N,16,141.0
train_ind,Nitrate-N,16,298.0
train_ind,Nitrate-N,16,372.0
train_ind,Nitrate-N,16,344.0
train_ind,Nitrate-N,16,94.0
train_ind,Nitrate-N,16,9.0
train_ind,Nitrate-N,16,373.0
train_ind,Nitrate-N,16,305.0
train_ind,Nitrate-N,16,302.0
train_ind,Nitrate-N,16,167.0
train_ind,Nitrate-N,16,172.0
train_ind,Nitrate-N,16,299.0
train_ind,Nitrate-N,16,392.0
test_rsq,Nitrate-N,16,0.9256017262369685
train_rsq,Nitrate-N,16,0.9894100912775781
test_rmse,Nitrate-N,16,0.21993146706272593
train_rmse,Nitrate-N,16,0.101593949648076
test_mape,Nitrate-N,16,210.86193756171463
train_mape,Nitrate-N,16,127.54360656034014
n_comp,Nitrate-N,16,14.0
y_hat_test,Nitrate-N,17,2.250340730495429
y_hat_test,Nitrate-N,17,0.4846923912759913
y_hat_test,Nitrate-N,17,0.2019261484497079
y_hat_test,Nitrate-N,17,-0.14012576046612835
y_hat_test,Nitrate-N,17,0.046148813803010336
y_hat_test,Nitrate-N,17,0.029747202798750927
y_hat_test,Nitrate-N,17,4.372273979117688
y_hat_test,Nitrate-N,17,-0.36664925528071546
y_hat_test,Nitrate-N,17,2.20837155011486
y_hat_test,Nitrate-N,17,0.056361417509741885
y_hat_test,Nitrate-N,17,2.465763458475413
y_hat_test,Nitrate-N,17,0.21099469545484523
y_hat_test,Nitrate-N,17,0.07560146461399891
y_hat_test,Nitrate-N,17,0.2692748633501304
y_hat_test,Nitrate-N,17,0.2702373233504833
y_hat_test,Nitrate-N,17,0.21676365598029512
y_hat_test,Nitrate-N,17,0.235807172596389
y_hat_test,Nitrate-N,17,3.6075481332758037
y_hat_test,Nitrate-N,17,0.12535851828838618
y_hat_test,Nitrate-N,17,0.1684159895036837
y_hat_test,Nitrate-N,17,0.4298943087037379
y_hat_test,Nitrate-N,17,0.04139399300345459
y_hat_test,Nitrate-N,17,0.1647698163519935
y_hat_test,Nitrate-N,17,0.2683691673372452
y_hat_test,Nitrate-N,17,0.2625258812609955
y_hat_test,Nitrate-N,17,0.3826038582348791
y_hat_test,Nitrate-N,17,0.05136140437754111
y_hat_test,Nitrate-N,17,0.7910472860900511
y_hat_test,Nitrate-N,17,0.3746290705519214
y_hat_test,Nitrate-N,17,0.3514721548718098
y_hat_test,Nitrate-N,17,0.38924987982341425
y_hat_test,Nitrate-N,17,0.1826944435644462
y_hat_test,Nitrate-N,17,0.4707035444714338
y_hat_test,Nitrate-N,17,0.6100210831143389
y_hat_test,Nitrate-N,17,1.8940044201951574
y_hat_test,Nitrate-N,17,0.5835421804313992
y_hat_test,Nitrate-N,17,-0.259384747000176
y_hat_test,Nitrate-N,17,0.15431659900491024
y_hat_test,Nitrate-N,17,0.35359827438178554
y_hat_test,Nitrate-N,17,0.20235737557149475
y_hat_test,Nitrate-N,17,0.19143239356642017
y_hat_test,Nitrate-N,17,-0.5414960882852582
y_hat_test,Nitrate-N,17,0.6511694038816329
y_hat_test,Nitrate-N,17,0.2957911073483398
y_hat_test,Nitrate-N,17,0.16632216642258346
y_hat_test,Nitrate-N,17,0.34367466248057327
y_hat_test,Nitrate-N,17,0.20106084706444827
y_hat_test,Nitrate-N,17,1.582416632013234
y_hat_test,Nitrate-N,17,0.2130360389237932
y_hat_test,Nitrate-N,17,0.03897070628505167
y_hat_test,Nitrate-N,17,0.15672603779093736
y_hat_test,Nitrate-N,17,0.18085971508041854
y_hat_train,Nitrate-N,17,0.05762486346906731
y_hat_train,Nitrate-N,17,0.1136722309040134
y_hat_train,Nitrate-N,17,0.11681482697853585
y_hat_train,Nitrate-N,17,0.17807984467588567
y_hat_train,Nitrate-N,17,0.11176920186281986
y_hat_train,Nitrate-N,17,0.0902577014852799
y_hat_train,Nitrate-N,17,1.4970372405459806
y_hat_train,Nitrate-N,17,-0.04396677422027173
y_hat_train,Nitrate-N,17,0.1977121311478346
y_hat_train,Nitrate-N,17,0.1910953596797318
y_hat_train,Nitrate-N,17,2.611081363474282
y_hat_train,Nitrate-N,17,0.060900295401164595
y_hat_train,Nitrate-N,17,0.11135330763291057
y_hat_train,Nitrate-N,17,0.08221520776238544
y_hat_train,Nitrate-N,17,0.15586328976834463
y_hat_train,Nitrate-N,17,0.18382468070310376
y_hat_train,Nitrate-N,17,0.09015115070064728
y_hat_train,Nitrate-N,17,1.0288190191392603
y_hat_train,Nitrate-N,17,0.3676010786227777
y_hat_train,Nitrate-N,17,0.0035750338136082416
y_hat_train,Nitrate-N,17,0.24767460513257322
y_hat_train,Nitrate-N,17,0.208067637185685
y_hat_train,Nitrate-N,17,0.054897785830039736
y_hat_train,Nitrate-N,17,1.9118811472741937
y_hat_train,Nitrate-N,17,0.15188307133952322
y_hat_train,Nitrate-N,17,2.4832375316126805
y_hat_train,Nitrate-N,17,0.22927245936264518
y_hat_train,Nitrate-N,17,-0.0047829803837772245
y_hat_train,Nitrate-N,17,-0.007802623732963254
y_hat_train,Nitrate-N,17,0.6904408744095304
y_hat_train,Nitrate-N,17,0.31176176791417554
y_hat_train,Nitrate-N,17,0.1291274793228644
y_hat_train,Nitrate-N,17,0.5965324707104197
y_hat_train,Nitrate-N,17,0.1881951610067341
y_hat_train,Nitrate-N,17,-0.03285711399103852
y_hat_train,Nitrate-N,17,0.10466893554852752
y_hat_train,Nitrate-N,17,0.13125471678011047
y_hat_train,Nitrate-N,17,0.46330560699433193
y_hat_train,Nitrate-N,17,0.38216744935481517
y_hat_train,Nitrate-N,17,0.26090759831426996
y_hat_train,Nitrate-N,17,0.23012647310693596
y_hat_train,Nitrate-N,17,0.29837057022917624
y_hat_train,Nitrate-N,17,0.32094571536594396
y_hat_train,Nitrate-N,17,0.2979586931803685
y_hat_train,Nitrate-N,17,4.047869302977068
y_hat_train,Nitrate-N,17,2.9583624753281694
y_hat_train,Nitrate-N,17,0.14342889032102502
y_hat_train,Nitrate-N,17,-0.02135116465250886
y_hat_train,Nitrate-N,17,-0.08117538692882098
y_hat_train,Nitrate-N,17,0.2053349621414356
y_hat_train,Nitrate-N,17,0.2935592348733681
y_hat_train,Nitrate-N,17,3.2056442220558363
y_hat_train,Nitrate-N,17,0.1326027110038669
y_hat_train,Nitrate-N,17,2.993289469281741
y_hat_train,Nitrate-N,17,0.2739902079296317
y_hat_train,Nitrate-N,17,0.5959850998155766
y_hat_train,Nitrate-N,17,1.4433496007504445
y_hat_train,Nitrate-N,17,0.11756942154910266
y_hat_train,Nitrate-N,17,0.2091610527763837
y_hat_train,Nitrate-N,17,0.3797931945140414
y_hat_train,Nitrate-N,17,2.290354340305075
y_hat_train,Nitrate-N,17,0.32760534203404423
y_hat_train,Nitrate-N,17,0.1445116676453474
y_hat_train,Nitrate-N,17,0.09317888316852213
y_hat_train,Nitrate-N,17,0.3735634439588232
y_hat_train,Nitrate-N,17,-0.012371051569529112
y_hat_train,Nitrate-N,17,0.041413709216847505
y_hat_train,Nitrate-N,17,0.13162912798358306
y_hat_train,Nitrate-N,17,-0.024137444416284515
y_hat_train,Nitrate-N,17,-0.0025370734283908236
y_hat_train,Nitrate-N,17,0.24478357385066707
y_hat_train,Nitrate-N,17,0.12101062821846897
y_hat_train,Nitrate-N,17,-0.008227344732368969
y_hat_train,Nitrate-N,17,0.12204041118169445
y_hat_train,Nitrate-N,17,3.49146044112824
y_hat_train,Nitrate-N,17,0.2216804840632577
y_hat_train,Nitrate-N,17,0.31602480692996604
y_hat_train,Nitrate-N,17,0.0915985434812574
y_hat_train,Nitrate-N,17,0.026749092510996997
y_hat_train,Nitrate-N,17,0.04511041675006977
y_hat_train,Nitrate-N,17,0.5882808319760752
y_hat_train,Nitrate-N,17,0.18816119804598797
y_hat_train,Nitrate-N,17,0.33985392137264925
y_hat_train,Nitrate-N,17,-0.04645163630126237
y_hat_train,Nitrate-N,17,0.11425841552052313
y_hat_train,Nitrate-N,17,0.029533108284866716
y_hat_train,Nitrate-N,17,0.183345488072939
y_hat_train,Nitrate-N,17,0.664255444926573
y_hat_train,Nitrate-N,17,0.12068347203627172
y_hat_train,Nitrate-N,17,0.06987531417315218
y_hat_train,Nitrate-N,17,0.20355243387116134
y_hat_train,Nitrate-N,17,0.0015666511295481245
y_hat_train,Nitrate-N,17,0.4245616908573421
y_hat_train,Nitrate-N,17,0.34977881557402846
y_hat_train,Nitrate-N,17,0.18675352025653996
y_hat_train,Nitrate-N,17,0.02058801702997648
y_hat_train,Nitrate-N,17,3.4180704053462168
y_hat_train,Nitrate-N,17,0.0210919170648034
y_hat_train,Nitrate-N,17,0.6730464849702944
y_hat_train,Nitrate-N,17,0.11160480030830422
y_hat_train,Nitrate-N,17,0.1902709792786898
y_hat_train,Nitrate-N,17,0.2996358926592545
y_hat_train,Nitrate-N,17,0.43963908237689886
y_hat_train,Nitrate-N,17,0.09464086231579422
y_hat_train,Nitrate-N,17,0.19386105787034957
y_hat_train,Nitrate-N,17,0.2968370381436818
y_hat_train,Nitrate-N,17,1.4337687613634975
y_hat_train,Nitrate-N,17,0.16597218132618724
y_hat_train,Nitrate-N,17,-0.07711171417977858
y_hat_train,Nitrate-N,17,0.14258919088673572
y_hat_train,Nitrate-N,17,0.22317837235457455
y_hat_train,Nitrate-N,17,0.07788760216264168
y_hat_train,Nitrate-N,17,0.19511955592666191
y_hat_train,Nitrate-N,17,2.993259594582916
y_hat_train,Nitrate-N,17,0.2614146072702997
y_hat_train,Nitrate-N,17,0.3200400140988624
y_hat_train,Nitrate-N,17,3.652866561590317
y_hat_train,Nitrate-N,17,0.48127407549517365
y_hat_train,Nitrate-N,17,2.2395364054449
y_hat_train,Nitrate-N,17,0.17081987608453136
y_true_train,Nitrate-N,17,0.029
y_true_train,Nitrate-N,17,0.166666667
y_true_train,Nitrate-N,17,0.103
y_true_train,Nitrate-N,17,0.148140528
y_true_train,Nitrate-N,17,0.110666667
y_true_train,Nitrate-N,17,0.011
y_true_train,Nitrate-N,17,1.549666667
y_true_train,Nitrate-N,17,0.012333333
y_true_train,Nitrate-N,17,0.196
y_true_train,Nitrate-N,17,0.215666667
y_true_train,Nitrate-N,17,2.539583346
y_true_train,Nitrate-N,17,0.023
y_true_train,Nitrate-N,17,0.110666667
y_true_train,Nitrate-N,17,0.122666667
y_true_train,Nitrate-N,17,0.131905178
y_true_train,Nitrate-N,17,0.242114912
y_true_train,Nitrate-N,17,0.172333333
y_true_train,Nitrate-N,17,1.146333333
y_true_train,Nitrate-N,17,0.337
y_true_train,Nitrate-N,17,0.131
y_true_train,Nitrate-N,17,0.235
y_true_train,Nitrate-N,17,0.203
y_true_train,Nitrate-N,17,0.011
y_true_train,Nitrate-N,17,1.965431456
y_true_train,Nitrate-N,17,0.128214103
y_true_train,Nitrate-N,17,2.544333333
y_true_train,Nitrate-N,17,0.284944721
y_true_train,Nitrate-N,17,0.08225616
y_true_train,Nitrate-N,17,0.014086754
y_true_train,Nitrate-N,17,0.605
y_true_train,Nitrate-N,17,0.326333333
y_true_train,Nitrate-N,17,0.088
y_true_train,Nitrate-N,17,0.558333333
y_true_train,Nitrate-N,17,0.132333333
y_true_train,Nitrate-N,17,0.091
y_true_train,Nitrate-N,17,0.113333333
y_true_train,Nitrate-N,17,0.197
y_true_train,Nitrate-N,17,0.361666667
y_true_train,Nitrate-N,17,0.361757248
y_true_train,Nitrate-N,17,0.192666667
y_true_train,Nitrate-N,17,0.13339733
y_true_train,Nitrate-N,17,0.290190215
y_true_train,Nitrate-N,17,0.294984357
y_true_train,Nitrate-N,17,0.325615728
y_true_train,Nitrate-N,17,4.182333333
y_true_train,Nitrate-N,17,2.810666667
y_true_train,Nitrate-N,17,0.05942377
y_true_train,Nitrate-N,17,0.037253617
y_true_train,Nitrate-N,17,0.011
y_true_train,Nitrate-N,17,0.157333333
y_true_train,Nitrate-N,17,0.323333333
y_true_train,Nitrate-N,17,3.177604111
y_true_train,Nitrate-N,17,0.16
y_true_train,Nitrate-N,17,2.861333333
y_true_train,Nitrate-N,17,0.237415705
y_true_train,Nitrate-N,17,0.564666667
y_true_train,Nitrate-N,17,1.42
y_true_train,Nitrate-N,17,0.141
y_true_train,Nitrate-N,17,0.244666667
y_true_train,Nitrate-N,17,0.471333333
y_true_train,Nitrate-N,17,2.243
y_true_train,Nitrate-N,17,0.283666667
y_true_train,Nitrate-N,17,0.150333333
y_true_train,Nitrate-N,17,0.054
y_true_train,Nitrate-N,17,0.401233963
y_true_train,Nitrate-N,17,0.012333333
y_true_train,Nitrate-N,17,0.08
y_true_train,Nitrate-N,17,0.116666667
y_true_train,Nitrate-N,17,0.012333333
y_true_train,Nitrate-N,17,0.090666667
y_true_train,Nitrate-N,17,0.273
y_true_train,Nitrate-N,17,0.171333333
y_true_train,Nitrate-N,17,0.013
y_true_train,Nitrate-N,17,0.141333333
y_true_train,Nitrate-N,17,3.455
y_true_train,Nitrate-N,17,0.216533333
y_true_train,Nitrate-N,17,0.272591332
y_true_train,Nitrate-N,17,0.17
y_true_train,Nitrate-N,17,0.044666667
y_true_train,Nitrate-N,17,0.075333333
y_true_train,Nitrate-N,17,0.630666667
y_true_train,Nitrate-N,17,0.182
y_true_train,Nitrate-N,17,0.206
y_true_train,Nitrate-N,17,0.04
y_true_train,Nitrate-N,17,0.038
y_true_train,Nitrate-N,17,0.002666667
y_true_train,Nitrate-N,17,0.138666667
y_true_train,Nitrate-N,17,0.647288174
y_true_train,Nitrate-N,17,0.077
y_true_train,Nitrate-N,17,0.077
y_true_train,Nitrate-N,17,0.108333333
y_true_train,Nitrate-N,17,0.014333333
y_true_train,Nitrate-N,17,0.439971979
y_true_train,Nitrate-N,17,0.318333333
y_true_train,Nitrate-N,17,0.248333333
y_true_train,Nitrate-N,17,0.040627835
y_true_train,Nitrate-N,17,3.498
y_true_train,Nitrate-N,17,0.029
y_true_train,Nitrate-N,17,0.636679275
y_true_train,Nitrate-N,17,0.140333333
y_true_train,Nitrate-N,17,0.155666667
y_true_train,Nitrate-N,17,0.217333333
y_true_train,Nitrate-N,17,0.322666667
y_true_train,Nitrate-N,17,0.084
y_true_train,Nitrate-N,17,0.198179175
y_true_train,Nitrate-N,17,0.249333333
y_true_train,Nitrate-N,17,1.501333333
y_true_train,Nitrate-N,17,0.162743322
y_true_train,Nitrate-N,17,0.002333333
y_true_train,Nitrate-N,17,0.152333333
y_true_train,Nitrate-N,17,0.129333333
y_true_train,Nitrate-N,17,0.052136398
y_true_train,Nitrate-N,17,0.113333333
y_true_train,Nitrate-N,17,3.105
y_true_train,Nitrate-N,17,0.137333333
y_true_train,Nitrate-N,17,0.351510981
y_true_train,Nitrate-N,17,3.665666667
y_true_train,Nitrate-N,17,0.41
y_true_train,Nitrate-N,17,2.28
y_true_train,Nitrate-N,17,0.265
y_true_test,Nitrate-N,17,2.300666667
y_true_test,Nitrate-N,17,0.046914199
y_true_test,Nitrate-N,17,0.205742231
y_true_test,Nitrate-N,17,0.273394835
y_true_test,Nitrate-N,17,0.061333333
y_true_test,Nitrate-N,17,0.006474193
y_true_test,Nitrate-N,17,5.165333333
y_true_test,Nitrate-N,17,0.080333333
y_true_test,Nitrate-N,17,2.524276858
y_true_test,Nitrate-N,17,0.046666667
y_true_test,Nitrate-N,17,2.611691805
y_true_test,Nitrate-N,17,0.160333333
y_true_test,Nitrate-N,17,0.233666667
y_true_test,Nitrate-N,17,0.368333333
y_true_test,Nitrate-N,17,0.044666667
y_true_test,Nitrate-N,17,0.148140528
y_true_test,Nitrate-N,17,0.142333333
y_true_test,Nitrate-N,17,3.455
y_true_test,Nitrate-N,17,0.153138762
y_true_test,Nitrate-N,17,0.128
y_true_test,Nitrate-N,17,0.994
y_true_test,Nitrate-N,17,0.219
y_true_test,Nitrate-N,17,0.215
y_true_test,Nitrate-N,17,0.054
y_true_test,Nitrate-N,17,0.153138762
y_true_test,Nitrate-N,17,0.287666667
y_true_test,Nitrate-N,17,0.011333333
y_true_test,Nitrate-N,17,0.468666667
y_true_test,Nitrate-N,17,0.146508959
y_true_test,Nitrate-N,17,0.275
y_true_test,Nitrate-N,17,0.336795488
y_true_test,Nitrate-N,17,0.188333333
y_true_test,Nitrate-N,17,0.192666667
y_true_test,Nitrate-N,17,0.789
y_true_test,Nitrate-N,17,2.438333333
y_true_test,Nitrate-N,17,0.632
y_true_test,Nitrate-N,17,0.028666667
y_true_test,Nitrate-N,17,0.104333333
y_true_test,Nitrate-N,17,0.272591332
y_true_test,Nitrate-N,17,0.108333333
y_true_test,Nitrate-N,17,0.264333333
y_true_test,Nitrate-N,17,0.128214103
y_true_test,Nitrate-N,17,0.023333333
y_true_test,Nitrate-N,17,0.206816238
y_true_test,Nitrate-N,17,0.227333333
y_true_test,Nitrate-N,17,0.557
y_true_test,Nitrate-N,17,0.178
y_true_test,Nitrate-N,17,1.687
y_true_test,Nitrate-N,17,0.387333333
y_true_test,Nitrate-N,17,0.167666667
y_true_test,Nitrate-N,17,0.17
y_true_test,Nitrate-N,17,0.101
test_ind,Nitrate-N,17,41.0
test_ind,Nitrate-N,17,95.0
test_ind,Nitrate-N,17,212.0
test_ind,Nitrate-N,17,173.0
test_ind,Nitrate-N,17,36.0
test_ind,Nitrate-N,17,213.0
test_ind,Nitrate-N,17,295.0
test_ind,Nitrate-N,17,293.0
test_ind,Nitrate-N,17,192.0
test_ind,Nitrate-N,17,248.0
test_ind,Nitrate-N,17,187.0
test_ind,Nitrate-N,17,258.0
test_ind,Nitrate-N,17,333.0
test_ind,Nitrate-N,17,280.0
test_ind,Nitrate-N,17,385.0
test_ind,Nitrate-N,17,77.0
test_ind,Nitrate-N,17,274.0
test_ind,Nitrate-N,17,190.0
test_ind,Nitrate-N,17,125.0
test_ind,Nitrate-N,17,300.0
test_ind,Nitrate-N,17,281.0
test_ind,Nitrate-N,17,386.0
test_ind,Nitrate-N,17,17.0
test_ind,Nitrate-N,17,390.0
test_ind,Nitrate-N,17,126.0
test_ind,Nitrate-N,17,2.0
test_ind,Nitrate-N,17,23.0
test_ind,Nitrate-N,17,361.0
test_ind,Nitrate-N,17,119.0
test_ind,Nitrate-N,17,332.0
test_ind,Nitrate-N,17,172.0
test_ind,Nitrate-N,17,287.0
test_ind,Nitrate-N,17,351.0
test_ind,Nitrate-N,17,298.0
test_ind,Nitrate-N,17,389.0
test_ind,Nitrate-N,17,392.0
test_ind,Nitrate-N,17,243.0
test_ind,Nitrate-N,17,347.0
test_ind,Nitrate-N,17,174.0
test_ind,Nitrate-N,17,215.0
test_ind,Nitrate-N,17,61.0
test_ind,Nitrate-N,17,219.0
test_ind,Nitrate-N,17,370.0
test_ind,Nitrate-N,17,218.0
test_ind,Nitrate-N,17,358.0
test_ind,Nitrate-N,17,64.0
test_ind,Nitrate-N,17,244.0
test_ind,Nitrate-N,17,311.0
test_ind,Nitrate-N,17,291.0
test_ind,Nitrate-N,17,12.0
test_ind,Nitrate-N,17,237.0
test_ind,Nitrate-N,17,362.0
train_ind,Nitrate-N,17,270.0
train_ind,Nitrate-N,17,305.0
train_ind,Nitrate-N,17,326.0
train_ind,Nitrate-N,17,78.0
train_ind,Nitrate-N,17,338.0
train_ind,Nitrate-N,17,306.0
train_ind,Nitrate-N,17,378.0
train_ind,Nitrate-N,17,74.0
train_ind,Nitrate-N,17,318.0
train_ind,Nitrate-N,17,262.0
train_ind,Nitrate-N,17,193.0
train_ind,Nitrate-N,17,247.0
train_ind,Nitrate-N,17,268.0
train_ind,Nitrate-N,17,312.0
train_ind,Nitrate-N,17,136.0
train_ind,Nitrate-N,17,231.0
train_ind,Nitrate-N,17,266.0
train_ind,Nitrate-N,17,320.0
train_ind,Nitrate-N,17,260.0
train_ind,Nitrate-N,17,382.0
train_ind,Nitrate-N,17,398.0
train_ind,Nitrate-N,17,51.0
train_ind,Nitrate-N,17,141.0
train_ind,Nitrate-N,17,194.0
train_ind,Nitrate-N,17,220.0
train_ind,Nitrate-N,17,249.0
train_ind,Nitrate-N,17,124.0
train_ind,Nitrate-N,17,168.0
train_ind,Nitrate-N,17,80.0
train_ind,Nitrate-N,17,9.0
train_ind,Nitrate-N,17,3.0
train_ind,Nitrate-N,17,345.0
train_ind,Nitrate-N,17,344.0
train_ind,Nitrate-N,17,39.0
train_ind,Nitrate-N,17,372.0
train_ind,Nitrate-N,17,170.0
train_ind,Nitrate-N,17,52.0
train_ind,Nitrate-N,17,29.0
train_ind,Nitrate-N,17,145.0
train_ind,Nitrate-N,17,304.0
train_ind,Nitrate-N,17,98.0
train_ind,Nitrate-N,17,103.0
train_ind,Nitrate-N,17,167.0
train_ind,Nitrate-N,17,102.0
train_ind,Nitrate-N,17,365.0
train_ind,Nitrate-N,17,284.0
train_ind,Nitrate-N,17,104.0
train_ind,Nitrate-N,17,72.0
train_ind,Nitrate-N,17,142.0
train_ind,Nitrate-N,17,250.0
train_ind,Nitrate-N,17,391.0
train_ind,Nitrate-N,17,188.0
train_ind,Nitrate-N,17,8.0
train_ind,Nitrate-N,17,232.0
train_ind,Nitrate-N,17,217.0
train_ind,Nitrate-N,17,269.0
train_ind,Nitrate-N,17,55.0
train_ind,Nitrate-N,17,359.0
train_ind,Nitrate-N,17,27.0
train_ind,Nitrate-N,17,48.0
train_ind,Nitrate-N,17,265.0
train_ind,Nitrate-N,17,381.0
train_ind,Nitrate-N,17,28.0
train_ind,Nitrate-N,17,342.0
train_ind,Nitrate-N,17,123.0
train_ind,Nitrate-N,17,75.0
train_ind,Nitrate-N,17,329.0
train_ind,Nitrate-N,17,238.0
train_ind,Nitrate-N,17,76.0
train_ind,Nitrate-N,17,252.0
train_ind,Nitrate-N,17,233.0
train_ind,Nitrate-N,17,34.0
train_ind,Nitrate-N,17,292.0
train_ind,Nitrate-N,17,42.0
train_ind,Nitrate-N,17,191.0
train_ind,Nitrate-N,17,165.0
train_ind,Nitrate-N,17,175.0
train_ind,Nitrate-N,17,339.0
train_ind,Nitrate-N,17,349.0
train_ind,Nitrate-N,17,278.0
train_ind,Nitrate-N,17,236.0
train_ind,Nitrate-N,17,57.0
train_ind,Nitrate-N,17,366.0
train_ind,Nitrate-N,17,302.0
train_ind,Nitrate-N,17,395.0
train_ind,Nitrate-N,17,16.0
train_ind,Nitrate-N,17,346.0
train_ind,Nitrate-N,17,143.0
train_ind,Nitrate-N,17,121.0
train_ind,Nitrate-N,17,122.0
train_ind,Nitrate-N,17,216.0
train_ind,Nitrate-N,17,59.0
train_ind,Nitrate-N,17,138.0
train_ind,Nitrate-N,17,341.0
train_ind,Nitrate-N,17,299.0
train_ind,Nitrate-N,17,99.0
train_ind,Nitrate-N,17,6.0
train_ind,Nitrate-N,17,323.0
train_ind,Nitrate-N,17,144.0
train_ind,Nitrate-N,17,69.0
train_ind,Nitrate-N,17,374.0
train_ind,Nitrate-N,17,65.0
train_ind,Nitrate-N,17,373.0
train_ind,Nitrate-N,17,14.0
train_ind,Nitrate-N,17,164.0
train_ind,Nitrate-N,17,319.0
train_ind,Nitrate-N,17,20.0
train_ind,Nitrate-N,17,94.0
train_ind,Nitrate-N,17,38.0
train_ind,Nitrate-N,17,315.0
train_ind,Nitrate-N,17,15.0
train_ind,Nitrate-N,17,79.0
train_ind,Nitrate-N,17,171.0
train_ind,Nitrate-N,17,67.0
train_ind,Nitrate-N,17,49.0
train_ind,Nitrate-N,17,139.0
train_ind,Nitrate-N,17,353.0
train_ind,Nitrate-N,17,324.0
train_ind,Nitrate-N,17,343.0
train_ind,Nitrate-N,17,279.0
test_rsq,Nitrate-N,17,0.9330308133955998
train_rsq,Nitrate-N,17,0.9956130718366146
test_rmse,Nitrate-N,17,0.25972050182901235
train_rmse,Nitrate-N,17,0.06002869310736654
test_mape,Nitrate-N,17,175.19399723912045
train_mape,Nitrate-N,17,92.95209710855428
n_comp,Nitrate-N,17,17.0
y_hat_test,Nitrate-N,18,0.2555333040171098
y_hat_test,Nitrate-N,18,-0.19385930938258478
y_hat_test,Nitrate-N,18,0.026080332821682317
y_hat_test,Nitrate-N,18,0.13266756596522628
y_hat_test,Nitrate-N,18,0.3144400976265252
y_hat_test,Nitrate-N,18,0.17132719720918343
y_hat_test,Nitrate-N,18,0.3579889611595219
y_hat_test,Nitrate-N,18,0.17597799701737304
y_hat_test,Nitrate-N,18,0.554865614348903
y_hat_test,Nitrate-N,18,0.16830717687199448
y_hat_test,Nitrate-N,18,0.16289430462779086
y_hat_test,Nitrate-N,18,0.5507238867108517
y_hat_test,Nitrate-N,18,0.20132335904865928
y_hat_test,Nitrate-N,18,0.26870542752093257
y_hat_test,Nitrate-N,18,0.08032151720713365
y_hat_test,Nitrate-N,18,1.369955095708728
y_hat_test,Nitrate-N,18,0.45576123607944496
y_hat_test,Nitrate-N,18,0.17024704472546476
y_hat_test,Nitrate-N,18,0.3558278979613605
y_hat_test,Nitrate-N,18,0.2233388481689192
y_hat_test,Nitrate-N,18,0.2731349406531177
y_hat_test,Nitrate-N,18,0.28859217548583505
y_hat_test,Nitrate-N,18,0.32400133208671617
y_hat_test,Nitrate-N,18,-0.19638834979696684
y_hat_test,Nitrate-N,18,0.12961932465091375
y_hat_test,Nitrate-N,18,-0.12689455907622016
y_hat_test,Nitrate-N,18,0.08243077400027388
y_hat_test,Nitrate-N,18,1.7143479010684013
y_hat_test,Nitrate-N,18,0.23090748825454122
y_hat_test,Nitrate-N,18,2.3679505402074765
y_hat_test,Nitrate-N,18,0.4489223550649427
y_hat_test,Nitrate-N,18,0.5311930800324944
y_hat_test,Nitrate-N,18,0.33020455554160016
y_hat_test,Nitrate-N,18,1.9198515570806687
y_hat_test,Nitrate-N,18,0.2442113504700808
y_hat_test,Nitrate-N,18,2.250462899809682
y_hat_test,Nitrate-N,18,0.2083596948865799
y_hat_test,Nitrate-N,18,-0.018447840133276272
y_hat_test,Nitrate-N,18,0.5862270552589975
y_hat_test,Nitrate-N,18,-0.08664951376971586
y_hat_test,Nitrate-N,18,0.12252748276119474
y_hat_test,Nitrate-N,18,0.38050446195969156
y_hat_test,Nitrate-N,18,0.10787742687035762
y_hat_test,Nitrate-N,18,0.17827767310398585
y_hat_test,Nitrate-N,18,0.26806871292668816
y_hat_test,Nitrate-N,18,0.23106633446561292
y_hat_test,Nitrate-N,18,1.1735353938706565
y_hat_test,Nitrate-N,18,-0.13841779431354118
y_hat_test,Nitrate-N,18,0.3505670632735131
y_hat_test,Nitrate-N,18,2.7519692182167423
y_hat_test,Nitrate-N,18,0.11156459326293733
y_hat_test,Nitrate-N,18,0.440073571164574
y_hat_train,Nitrate-N,18,0.2633758618359923
y_hat_train,Nitrate-N,18,3.030550604334139
y_hat_train,Nitrate-N,18,0.1405515257111865
y_hat_train,Nitrate-N,18,0.33723986060095096
y_hat_train,Nitrate-N,18,0.4171174961271853
y_hat_train,Nitrate-N,18,-0.27775072755502894
y_hat_train,Nitrate-N,18,-0.01382069179858536
y_hat_train,Nitrate-N,18,0.24604788920707776
y_hat_train,Nitrate-N,18,0.3355538997802881
y_hat_train,Nitrate-N,18,3.4752542700879325
y_hat_train,Nitrate-N,18,0.4149880301760095
y_hat_train,Nitrate-N,18,0.19449375899579047
y_hat_train,Nitrate-N,18,0.2757223474684211
y_hat_train,Nitrate-N,18,-0.17370583307008713
y_hat_train,Nitrate-N,18,0.1025318676597099
y_hat_train,Nitrate-N,18,0.32015027023937925
y_hat_train,Nitrate-N,18,0.11151387070050556
y_hat_train,Nitrate-N,18,-0.26266776729808294
y_hat_train,Nitrate-N,18,0.21759975450752983
y_hat_train,Nitrate-N,18,-0.056708130932984546
y_hat_train,Nitrate-N,18,0.119853726234604
y_hat_train,Nitrate-N,18,0.16288241316587637
y_hat_train,Nitrate-N,18,0.36322330478956527
y_hat_train,Nitrate-N,18,0.25837615392255964
y_hat_train,Nitrate-N,18,3.3489811155464775
y_hat_train,Nitrate-N,18,3.588733534699015
y_hat_train,Nitrate-N,18,0.2137220355919548
y_hat_train,Nitrate-N,18,0.14550138361275844
y_hat_train,Nitrate-N,18,0.3661929682702353
y_hat_train,Nitrate-N,18,0.36694540710889834
y_hat_train,Nitrate-N,18,0.2342041331678104
y_hat_train,Nitrate-N,18,4.283944674696498
y_hat_train,Nitrate-N,18,0.35712687455684033
y_hat_train,Nitrate-N,18,-0.06568658610887579
y_hat_train,Nitrate-N,18,0.21068142565243875
y_hat_train,Nitrate-N,18,0.20694084706693577
y_hat_train,Nitrate-N,18,0.11321403270235758
y_hat_train,Nitrate-N,18,1.3475651745317536
y_hat_train,Nitrate-N,18,0.36867613413212535
y_hat_train,Nitrate-N,18,0.31704954609645997
y_hat_train,Nitrate-N,18,0.47701152619883436
y_hat_train,Nitrate-N,18,-0.2248886599228278
y_hat_train,Nitrate-N,18,0.25952642027513767
y_hat_train,Nitrate-N,18,-0.004340682572831156
y_hat_train,Nitrate-N,18,-0.06088537912881009
y_hat_train,Nitrate-N,18,0.2621796745207883
y_hat_train,Nitrate-N,18,0.1865524070353951
y_hat_train,Nitrate-N,18,0.18900239518617995
y_hat_train,Nitrate-N,18,0.33203936331167505
y_hat_train,Nitrate-N,18,-0.1437837592452369
y_hat_train,Nitrate-N,18,0.15101016020096225
y_hat_train,Nitrate-N,18,0.05692729597190205
y_hat_train,Nitrate-N,18,1.8189432882007317
y_hat_train,Nitrate-N,18,2.5015592197805687
y_hat_train,Nitrate-N,18,2.3940192226048542
y_hat_train,Nitrate-N,18,0.3310128531719006
y_hat_train,Nitrate-N,18,0.169415315329827
y_hat_train,Nitrate-N,18,2.924163788554987
y_hat_train,Nitrate-N,18,0.08258511072073005
y_hat_train,Nitrate-N,18,0.0992516066783849
y_hat_train,Nitrate-N,18,3.144464721114264
y_hat_train,Nitrate-N,18,0.5474946037266482
y_hat_train,Nitrate-N,18,0.1647850220923585
y_hat_train,Nitrate-N,18,0.2808132414814986
y_hat_train,Nitrate-N,18,0.3020386332124078
y_hat_train,Nitrate-N,18,0.3125839134582244
y_hat_train,Nitrate-N,18,3.4889631494072284
y_hat_train,Nitrate-N,18,0.4163516555229624
y_hat_train,Nitrate-N,18,0.14128495001218633
y_hat_train,Nitrate-N,18,0.16607472771564635
y_hat_train,Nitrate-N,18,0.3674770836255151
y_hat_train,Nitrate-N,18,0.4556140664715072
y_hat_train,Nitrate-N,18,0.10951507244669317
y_hat_train,Nitrate-N,18,-0.038967849977874836
y_hat_train,Nitrate-N,18,0.024085978132041275
y_hat_train,Nitrate-N,18,0.13179211682355552
y_hat_train,Nitrate-N,18,0.044416990244587784
y_hat_train,Nitrate-N,18,0.027917564585048793
y_hat_train,Nitrate-N,18,0.07081295219515682
y_hat_train,Nitrate-N,18,0.3587768154960541
y_hat_train,Nitrate-N,18,0.20302804715308104
y_hat_train,Nitrate-N,18,3.5507971301072008
y_hat_train,Nitrate-N,18,0.19979980197064984
y_hat_train,Nitrate-N,18,0.30951512532989056
y_hat_train,Nitrate-N,18,2.7352805148112074
y_hat_train,Nitrate-N,18,0.09422660473383715
y_hat_train,Nitrate-N,18,0.2556542595488202
y_hat_train,Nitrate-N,18,0.5031201936589108
y_hat_train,Nitrate-N,18,0.38447416535019574
y_hat_train,Nitrate-N,18,0.18416626255882884
y_hat_train,Nitrate-N,18,0.4370303271497673
y_hat_train,Nitrate-N,18,0.20089030792748458
y_hat_train,Nitrate-N,18,0.13146252379148637
y_hat_train,Nitrate-N,18,0.0874418888467029
y_hat_train,Nitrate-N,18,0.021006534040930114
y_hat_train,Nitrate-N,18,0.21238938424286474
y_hat_train,Nitrate-N,18,0.3774890427016433
y_hat_train,Nitrate-N,18,-0.2399033568057929
y_hat_train,Nitrate-N,18,-0.027634459836326397
y_hat_train,Nitrate-N,18,0.3179696558436995
y_hat_train,Nitrate-N,18,0.24211591689472833
y_hat_train,Nitrate-N,18,0.18674746781568652
y_hat_train,Nitrate-N,18,0.4634391436326657
y_hat_train,Nitrate-N,18,-0.13333504254048267
y_hat_train,Nitrate-N,18,2.5799409686499777
y_hat_train,Nitrate-N,18,0.34818698203616316
y_hat_train,Nitrate-N,18,0.2370626481284664
y_hat_train,Nitrate-N,18,3.4523997646042552
y_hat_train,Nitrate-N,18,0.14996236538330365
y_hat_train,Nitrate-N,18,0.2848778278784165
y_hat_train,Nitrate-N,18,0.30648704660245185
y_hat_train,Nitrate-N,18,0.16142918552279728
y_hat_train,Nitrate-N,18,0.2581583469969538
y_hat_train,Nitrate-N,18,0.0027847185308390587
y_hat_train,Nitrate-N,18,0.10826794162142472
y_hat_train,Nitrate-N,18,0.1696592679270244
y_hat_train,Nitrate-N,18,0.1761283269554924
y_hat_train,Nitrate-N,18,0.6499342899001558
y_hat_train,Nitrate-N,18,2.4709845781125974
y_hat_train,Nitrate-N,18,0.20880547134952254
y_true_train,Nitrate-N,18,0.16
y_true_train,Nitrate-N,18,3.105
y_true_train,Nitrate-N,18,0.196
y_true_train,Nitrate-N,18,0.006474193
y_true_train,Nitrate-N,18,0.131905178
y_true_train,Nitrate-N,18,0.128214103
y_true_train,Nitrate-N,18,0.148140528
y_true_train,Nitrate-N,18,0.13339733
y_true_train,Nitrate-N,18,0.160333333
y_true_train,Nitrate-N,18,3.498
y_true_train,Nitrate-N,18,0.368333333
y_true_train,Nitrate-N,18,0.128
y_true_train,Nitrate-N,18,0.023
y_true_train,Nitrate-N,18,0.013
y_true_train,Nitrate-N,18,0.046666667
y_true_train,Nitrate-N,18,0.272591332
y_true_train,Nitrate-N,18,0.153138762
y_true_train,Nitrate-N,18,0.028666667
y_true_train,Nitrate-N,18,0.248333333
y_true_train,Nitrate-N,18,0.054
y_true_train,Nitrate-N,18,0.077
y_true_train,Nitrate-N,18,0.044666667
y_true_train,Nitrate-N,18,0.322666667
y_true_train,Nitrate-N,18,0.203
y_true_train,Nitrate-N,18,3.455
y_true_train,Nitrate-N,18,4.182333333
y_true_train,Nitrate-N,18,0.227333333
y_true_train,Nitrate-N,18,0.41
y_true_train,Nitrate-N,18,0.167666667
y_true_train,Nitrate-N,18,0.012333333
y_true_train,Nitrate-N,18,0.272591332
y_true_train,Nitrate-N,18,5.165333333
y_true_train,Nitrate-N,18,0.205742231
y_true_train,Nitrate-N,18,0.091
y_true_train,Nitrate-N,18,0.141333333
y_true_train,Nitrate-N,18,0.108333333
y_true_train,Nitrate-N,18,0.011
y_true_train,Nitrate-N,18,1.501333333
y_true_train,Nitrate-N,18,0.326333333
y_true_train,Nitrate-N,18,0.101
y_true_train,Nitrate-N,18,0.468666667
y_true_train,Nitrate-N,18,0.038
y_true_train,Nitrate-N,18,0.237415705
y_true_train,Nitrate-N,18,0.05942377
y_true_train,Nitrate-N,18,0.075333333
y_true_train,Nitrate-N,18,0.061333333
y_true_train,Nitrate-N,18,0.023333333
y_true_train,Nitrate-N,18,0.04
y_true_train,Nitrate-N,18,0.142333333
y_true_train,Nitrate-N,18,0.014333333
y_true_train,Nitrate-N,18,0.054
y_true_train,Nitrate-N,18,0.129333333
y_true_train,Nitrate-N,18,1.965431456
y_true_train,Nitrate-N,18,2.524276858
y_true_train,Nitrate-N,18,2.243
y_true_train,Nitrate-N,18,0.401233963
y_true_train,Nitrate-N,18,0.108333333
y_true_train,Nitrate-N,18,2.539583346
y_true_train,Nitrate-N,18,0.153138762
y_true_train,Nitrate-N,18,0.323333333
y_true_train,Nitrate-N,18,3.665666667
y_true_train,Nitrate-N,18,0.994
y_true_train,Nitrate-N,18,0.012333333
y_true_train,Nitrate-N,18,0.264333333
y_true_train,Nitrate-N,18,0.040627835
y_true_train,Nitrate-N,18,0.290190215
y_true_train,Nitrate-N,18,2.810666667
y_true_train,Nitrate-N,18,0.630666667
y_true_train,Nitrate-N,18,0.17
y_true_train,Nitrate-N,18,0.140333333
y_true_train,Nitrate-N,18,0.215
y_true_train,Nitrate-N,18,0.558333333
y_true_train,Nitrate-N,18,0.188333333
y_true_train,Nitrate-N,18,0.148140528
y_true_train,Nitrate-N,18,0.012333333
y_true_train,Nitrate-N,18,0.182
y_true_train,Nitrate-N,18,0.172333333
y_true_train,Nitrate-N,18,0.219
y_true_train,Nitrate-N,18,0.157333333
y_true_train,Nitrate-N,18,0.284944721
y_true_train,Nitrate-N,18,0.113333333
y_true_train,Nitrate-N,18,2.861333333
y_true_train,Nitrate-N,18,0.137333333
y_true_train,Nitrate-N,18,0.557
y_true_train,Nitrate-N,18,2.544333333
y_true_train,Nitrate-N,18,0.110666667
y_true_train,Nitrate-N,18,0.011333333
y_true_train,Nitrate-N,18,0.471333333
y_true_train,Nitrate-N,18,0.318333333
y_true_train,Nitrate-N,18,0.249333333
y_true_train,Nitrate-N,18,0.011
y_true_train,Nitrate-N,18,0.171333333
y_true_train,Nitrate-N,18,0.155666667
y_true_train,Nitrate-N,18,0.275
y_true_train,Nitrate-N,18,0.116666667
y_true_train,Nitrate-N,18,0.216533333
y_true_train,Nitrate-N,18,0.138666667
y_true_train,Nitrate-N,18,0.08
y_true_train,Nitrate-N,18,0.150333333
y_true_train,Nitrate-N,18,0.192666667
y_true_train,Nitrate-N,18,0.283666667
y_true_train,Nitrate-N,18,0.273394835
y_true_train,Nitrate-N,18,0.361666667
y_true_train,Nitrate-N,18,0.131
y_true_train,Nitrate-N,18,2.611691805
y_true_train,Nitrate-N,18,0.564666667
y_true_train,Nitrate-N,18,0.113333333
y_true_train,Nitrate-N,18,3.455
y_true_train,Nitrate-N,18,0.233666667
y_true_train,Nitrate-N,18,0.265
y_true_train,Nitrate-N,18,0.206816238
y_true_train,Nitrate-N,18,0.029
y_true_train,Nitrate-N,18,0.088
y_true_train,Nitrate-N,18,0.141
y_true_train,Nitrate-N,18,0.002666667
y_true_train,Nitrate-N,18,0.08225616
y_true_train,Nitrate-N,18,0.336795488
y_true_train,Nitrate-N,18,0.789
y_true_train,Nitrate-N,18,2.300666667
y_true_train,Nitrate-N,18,0.046914199
y_true_test,Nitrate-N,18,0.217333333
y_true_test,Nitrate-N,18,0.052136398
y_true_test,Nitrate-N,18,0.235
y_true_test,Nitrate-N,18,0.014086754
y_true_test,Nitrate-N,18,0.605
y_true_test,Nitrate-N,18,0.325615728
y_true_test,Nitrate-N,18,0.192666667
y_true_test,Nitrate-N,18,0.351510981
y_true_test,Nitrate-N,18,0.287666667
y_true_test,Nitrate-N,18,0.104333333
y_true_test,Nitrate-N,18,0.002333333
y_true_test,Nitrate-N,18,0.244666667
y_true_test,Nitrate-N,18,0.215666667
y_true_test,Nitrate-N,18,0.197
y_true_test,Nitrate-N,18,0.090666667
y_true_test,Nitrate-N,18,1.549666667
y_true_test,Nitrate-N,18,0.294984357
y_true_test,Nitrate-N,18,0.132333333
y_true_test,Nitrate-N,18,0.439971979
y_true_test,Nitrate-N,18,0.387333333
y_true_test,Nitrate-N,18,0.162743322
y_true_test,Nitrate-N,18,0.632
y_true_test,Nitrate-N,18,0.146508959
y_true_test,Nitrate-N,18,0.037253617
y_true_test,Nitrate-N,18,0.152333333
y_true_test,Nitrate-N,18,0.103
y_true_test,Nitrate-N,18,0.128214103
y_true_test,Nitrate-N,18,1.687
y_true_test,Nitrate-N,18,0.178
y_true_test,Nitrate-N,18,1.42
y_true_test,Nitrate-N,18,0.361757248
y_true_test,Nitrate-N,18,0.011
y_true_test,Nitrate-N,18,0.273
y_true_test,Nitrate-N,18,2.438333333
y_true_test,Nitrate-N,18,0.242114912
y_true_test,Nitrate-N,18,2.28
y_true_test,Nitrate-N,18,0.122666667
y_true_test,Nitrate-N,18,0.166666667
y_true_test,Nitrate-N,18,0.636679275
y_true_test,Nitrate-N,18,0.080333333
y_true_test,Nitrate-N,18,0.084
y_true_test,Nitrate-N,18,0.198179175
y_true_test,Nitrate-N,18,0.077
y_true_test,Nitrate-N,18,0.110666667
y_true_test,Nitrate-N,18,0.337
y_true_test,Nitrate-N,18,0.044666667
y_true_test,Nitrate-N,18,1.146333333
y_true_test,Nitrate-N,18,0.029
y_true_test,Nitrate-N,18,0.206
y_true_test,Nitrate-N,18,3.177604111
y_true_test,Nitrate-N,18,0.17
y_true_test,Nitrate-N,18,0.647288174
test_ind,Nitrate-N,18,65.0
test_ind,Nitrate-N,18,79.0
test_ind,Nitrate-N,18,398.0
test_ind,Nitrate-N,18,80.0
test_ind,Nitrate-N,18,9.0
test_ind,Nitrate-N,18,102.0
test_ind,Nitrate-N,18,351.0
test_ind,Nitrate-N,18,139.0
test_ind,Nitrate-N,18,2.0
test_ind,Nitrate-N,18,347.0
test_ind,Nitrate-N,18,38.0
test_ind,Nitrate-N,18,27.0
test_ind,Nitrate-N,18,262.0
test_ind,Nitrate-N,18,52.0
test_ind,Nitrate-N,18,252.0
test_ind,Nitrate-N,18,378.0
test_ind,Nitrate-N,18,167.0
test_ind,Nitrate-N,18,39.0
test_ind,Nitrate-N,18,138.0
test_ind,Nitrate-N,18,291.0
test_ind,Nitrate-N,18,94.0
test_ind,Nitrate-N,18,392.0
test_ind,Nitrate-N,18,119.0
test_ind,Nitrate-N,18,72.0
test_ind,Nitrate-N,18,315.0
test_ind,Nitrate-N,18,326.0
test_ind,Nitrate-N,18,220.0
test_ind,Nitrate-N,18,311.0
test_ind,Nitrate-N,18,244.0
test_ind,Nitrate-N,18,55.0
test_ind,Nitrate-N,18,145.0
test_ind,Nitrate-N,18,141.0
test_ind,Nitrate-N,18,233.0
test_ind,Nitrate-N,18,389.0
test_ind,Nitrate-N,18,231.0
test_ind,Nitrate-N,18,343.0
test_ind,Nitrate-N,18,312.0
test_ind,Nitrate-N,18,305.0
test_ind,Nitrate-N,18,144.0
test_ind,Nitrate-N,18,293.0
test_ind,Nitrate-N,18,14.0
test_ind,Nitrate-N,18,164.0
test_ind,Nitrate-N,18,121.0
test_ind,Nitrate-N,18,338.0
test_ind,Nitrate-N,18,260.0
test_ind,Nitrate-N,18,385.0
test_ind,Nitrate-N,18,320.0
test_ind,Nitrate-N,18,270.0
test_ind,Nitrate-N,18,366.0
test_ind,Nitrate-N,18,188.0
test_ind,Nitrate-N,18,237.0
test_ind,Nitrate-N,18,143.0
train_ind,Nitrate-N,18,8.0
train_ind,Nitrate-N,18,67.0
train_ind,Nitrate-N,18,318.0
train_ind,Nitrate-N,18,213.0
train_ind,Nitrate-N,18,136.0
train_ind,Nitrate-N,18,219.0
train_ind,Nitrate-N,18,77.0
train_ind,Nitrate-N,18,98.0
train_ind,Nitrate-N,18,258.0
train_ind,Nitrate-N,18,6.0
train_ind,Nitrate-N,18,280.0
train_ind,Nitrate-N,18,300.0
train_ind,Nitrate-N,18,247.0
train_ind,Nitrate-N,18,292.0
train_ind,Nitrate-N,18,248.0
train_ind,Nitrate-N,18,174.0
train_ind,Nitrate-N,18,126.0
train_ind,Nitrate-N,18,243.0
train_ind,Nitrate-N,18,299.0
train_ind,Nitrate-N,18,390.0
train_ind,Nitrate-N,18,122.0
train_ind,Nitrate-N,18,349.0
train_ind,Nitrate-N,18,373.0
train_ind,Nitrate-N,18,51.0
train_ind,Nitrate-N,18,191.0
train_ind,Nitrate-N,18,365.0
train_ind,Nitrate-N,18,358.0
train_ind,Nitrate-N,18,324.0
train_ind,Nitrate-N,18,12.0
train_ind,Nitrate-N,18,76.0
train_ind,Nitrate-N,18,175.0
train_ind,Nitrate-N,18,295.0
train_ind,Nitrate-N,18,212.0
train_ind,Nitrate-N,18,372.0
train_ind,Nitrate-N,18,42.0
train_ind,Nitrate-N,18,215.0
train_ind,Nitrate-N,18,306.0
train_ind,Nitrate-N,18,20.0
train_ind,Nitrate-N,18,3.0
train_ind,Nitrate-N,18,362.0
train_ind,Nitrate-N,18,361.0
train_ind,Nitrate-N,18,395.0
train_ind,Nitrate-N,18,217.0
train_ind,Nitrate-N,18,104.0
train_ind,Nitrate-N,18,278.0
train_ind,Nitrate-N,18,36.0
train_ind,Nitrate-N,18,370.0
train_ind,Nitrate-N,18,302.0
train_ind,Nitrate-N,18,274.0
train_ind,Nitrate-N,18,59.0
train_ind,Nitrate-N,18,342.0
train_ind,Nitrate-N,18,15.0
train_ind,Nitrate-N,18,194.0
train_ind,Nitrate-N,18,192.0
train_ind,Nitrate-N,18,265.0
train_ind,Nitrate-N,18,123.0
train_ind,Nitrate-N,18,216.0
train_ind,Nitrate-N,18,193.0
train_ind,Nitrate-N,18,125.0
train_ind,Nitrate-N,18,391.0
train_ind,Nitrate-N,18,353.0
train_ind,Nitrate-N,18,281.0
train_ind,Nitrate-N,18,74.0
train_ind,Nitrate-N,18,61.0
train_ind,Nitrate-N,18,99.0
train_ind,Nitrate-N,18,103.0
train_ind,Nitrate-N,18,284.0
train_ind,Nitrate-N,18,236.0
train_ind,Nitrate-N,18,339.0
train_ind,Nitrate-N,18,69.0
train_ind,Nitrate-N,18,17.0
train_ind,Nitrate-N,18,344.0
train_ind,Nitrate-N,18,287.0
train_ind,Nitrate-N,18,78.0
train_ind,Nitrate-N,18,75.0
train_ind,Nitrate-N,18,57.0
train_ind,Nitrate-N,18,266.0
train_ind,Nitrate-N,18,386.0
train_ind,Nitrate-N,18,250.0
train_ind,Nitrate-N,18,124.0
train_ind,Nitrate-N,18,170.0
train_ind,Nitrate-N,18,232.0
train_ind,Nitrate-N,18,49.0
train_ind,Nitrate-N,18,64.0
train_ind,Nitrate-N,18,249.0
train_ind,Nitrate-N,18,268.0
train_ind,Nitrate-N,18,23.0
train_ind,Nitrate-N,18,48.0
train_ind,Nitrate-N,18,341.0
train_ind,Nitrate-N,18,319.0
train_ind,Nitrate-N,18,142.0
train_ind,Nitrate-N,18,34.0
train_ind,Nitrate-N,18,374.0
train_ind,Nitrate-N,18,332.0
train_ind,Nitrate-N,18,238.0
train_ind,Nitrate-N,18,165.0
train_ind,Nitrate-N,18,346.0
train_ind,Nitrate-N,18,329.0
train_ind,Nitrate-N,18,28.0
train_ind,Nitrate-N,18,304.0
train_ind,Nitrate-N,18,381.0
train_ind,Nitrate-N,18,173.0
train_ind,Nitrate-N,18,29.0
train_ind,Nitrate-N,18,382.0
train_ind,Nitrate-N,18,187.0
train_ind,Nitrate-N,18,269.0
train_ind,Nitrate-N,18,171.0
train_ind,Nitrate-N,18,190.0
train_ind,Nitrate-N,18,333.0
train_ind,Nitrate-N,18,279.0
train_ind,Nitrate-N,18,218.0
train_ind,Nitrate-N,18,323.0
train_ind,Nitrate-N,18,345.0
train_ind,Nitrate-N,18,359.0
train_ind,Nitrate-N,18,16.0
train_ind,Nitrate-N,18,168.0
train_ind,Nitrate-N,18,172.0
train_ind,Nitrate-N,18,298.0
train_ind,Nitrate-N,18,41.0
train_ind,Nitrate-N,18,95.0
test_rsq,Nitrate-N,18,0.8791256170900893
train_rsq,Nitrate-N,18,0.9579840265387471
test_rmse,Nitrate-N,18,0.2292956770511212
train_rmse,Nitrate-N,18,0.21152745864259
test_mape,Nitrate-N,18,324.33628867603494
train_mape,Nitrate-N,18,290.01049016705
n_comp,Nitrate-N,18,9.0
y_hat_test,Nitrate-N,19,3.236634044268717
y_hat_test,Nitrate-N,19,0.20656492447461428
y_hat_test,Nitrate-N,19,0.17706557669804507
y_hat_test,Nitrate-N,19,0.08648431938510681
y_hat_test,Nitrate-N,19,0.18010285536355197
y_hat_test,Nitrate-N,19,0.019553854059831455
y_hat_test,Nitrate-N,19,0.19651154477371052
y_hat_test,Nitrate-N,19,0.11809382043238364
y_hat_test,Nitrate-N,19,0.06673781935816292
y_hat_test,Nitrate-N,19,0.11555829447516053
y_hat_test,Nitrate-N,19,0.01069391521867824
y_hat_test,Nitrate-N,19,0.11514244639681837
y_hat_test,Nitrate-N,19,2.919161545764407
y_hat_test,Nitrate-N,19,-0.13393723282021885
y_hat_test,Nitrate-N,19,0.18432364966390213
y_hat_test,Nitrate-N,19,0.3066339763703776
y_hat_test,Nitrate-N,19,1.1376448095543759
y_hat_test,Nitrate-N,19,-0.14147769483508466
y_hat_test,Nitrate-N,19,0.31013569304389804
y_hat_test,Nitrate-N,19,0.03340719928384306
y_hat_test,Nitrate-N,19,0.17162852494758774
y_hat_test,Nitrate-N,19,0.3648062023707742
y_hat_test,Nitrate-N,19,0.23379103352743708
y_hat_test,Nitrate-N,19,2.97625409480589
y_hat_test,Nitrate-N,19,-0.33726410390869543
y_hat_test,Nitrate-N,19,0.2367380711113719
y_hat_test,Nitrate-N,19,0.3246677541194206
y_hat_test,Nitrate-N,19,0.34699305965722105
y_hat_test,Nitrate-N,19,-0.06741951951930802
y_hat_test,Nitrate-N,19,0.20197996691327647
y_hat_test,Nitrate-N,19,0.5108375590533423
y_hat_test,Nitrate-N,19,0.618960988718565
y_hat_test,Nitrate-N,19,0.3407012763246923
y_hat_test,Nitrate-N,19,0.19436325754059208
y_hat_test,Nitrate-N,19,0.419211054597346
y_hat_test,Nitrate-N,19,0.2360994318753855
y_hat_test,Nitrate-N,19,0.39331668572413675
y_hat_test,Nitrate-N,19,0.19502871790946252
y_hat_test,Nitrate-N,19,-0.11703650580510694
y_hat_test,Nitrate-N,19,0.3797616577342583
y_hat_test,Nitrate-N,19,0.23448227084709738
y_hat_test,Nitrate-N,19,0.11470692932841453
y_hat_test,Nitrate-N,19,0.24892833597231745
y_hat_test,Nitrate-N,19,0.32189049254083935
y_hat_test,Nitrate-N,19,0.22261907222415012
y_hat_test,Nitrate-N,19,0.18349428521110556
y_hat_test,Nitrate-N,19,0.26980364452565864
y_hat_test,Nitrate-N,19,0.042578147138311095
y_hat_test,Nitrate-N,19,0.08773215382547195
y_hat_test,Nitrate-N,19,0.14788814241665826
y_hat_test,Nitrate-N,19,0.12530048348814665
y_hat_test,Nitrate-N,19,0.3770380998043497
y_hat_train,Nitrate-N,19,0.34229620274317035
y_hat_train,Nitrate-N,19,0.15289635777136418
y_hat_train,Nitrate-N,19,-0.0900026329135244
y_hat_train,Nitrate-N,19,0.48258163491575384
y_hat_train,Nitrate-N,19,3.473900152153548
y_hat_train,Nitrate-N,19,-0.06779873506052914
y_hat_train,Nitrate-N,19,0.15245442131147263
y_hat_train,Nitrate-N,19,1.8821494438573836
y_hat_train,Nitrate-N,19,0.08230294701210972
y_hat_train,Nitrate-N,19,2.6157263821810472
y_hat_train,Nitrate-N,19,0.43275139565376
y_hat_train,Nitrate-N,19,0.19050429874616454
y_hat_train,Nitrate-N,19,0.19446327483969839
y_hat_train,Nitrate-N,19,0.1069318391315568
y_hat_train,Nitrate-N,19,0.1884774007999952
y_hat_train,Nitrate-N,19,0.12296044016297974
y_hat_train,Nitrate-N,19,1.7325727919773237
y_hat_train,Nitrate-N,19,0.02089607438311114
y_hat_train,Nitrate-N,19,0.18083365556087466
y_hat_train,Nitrate-N,19,0.31691719899311316
y_hat_train,Nitrate-N,19,0.04952178396744045
y_hat_train,Nitrate-N,19,0.33816035284113616
y_hat_train,Nitrate-N,19,0.04814403163276104
y_hat_train,Nitrate-N,19,0.2970933372892014
y_hat_train,Nitrate-N,19,0.2143114820639937
y_hat_train,Nitrate-N,19,0.1996601170137431
y_hat_train,Nitrate-N,19,0.30184792888313605
y_hat_train,Nitrate-N,19,0.222791617403095
y_hat_train,Nitrate-N,19,4.739644027717188
y_hat_train,Nitrate-N,19,3.2858526816603133
y_hat_train,Nitrate-N,19,2.352471143410611
y_hat_train,Nitrate-N,19,2.442696513744206
y_hat_train,Nitrate-N,19,0.1627067281059088
y_hat_train,Nitrate-N,19,1.4732426444049966
y_hat_train,Nitrate-N,19,0.08139688063990969
y_hat_train,Nitrate-N,19,-0.0023925966545337296
y_hat_train,Nitrate-N,19,0.26841842102553043
y_hat_train,Nitrate-N,19,1.732717453776866
y_hat_train,Nitrate-N,19,0.18782895519071297
y_hat_train,Nitrate-N,19,0.22722974815215136
y_hat_train,Nitrate-N,19,0.2555246539006059
y_hat_train,Nitrate-N,19,0.27991218423016895
y_hat_train,Nitrate-N,19,0.21919349569343705
y_hat_train,Nitrate-N,19,0.18384872119808948
y_hat_train,Nitrate-N,19,0.3596595234863693
y_hat_train,Nitrate-N,19,0.4642043224122785
y_hat_train,Nitrate-N,19,3.4514989495772426
y_hat_train,Nitrate-N,19,0.10198560208980112
y_hat_train,Nitrate-N,19,-0.10235806487298282
y_hat_train,Nitrate-N,19,0.8226849598204353
y_hat_train,Nitrate-N,19,0.21308295917840636
y_hat_train,Nitrate-N,19,2.2075282151014193
y_hat_train,Nitrate-N,19,2.2754038835166472
y_hat_train,Nitrate-N,19,0.20299300537611176
y_hat_train,Nitrate-N,19,-0.07016649344031656
y_hat_train,Nitrate-N,19,0.10957180226353352
y_hat_train,Nitrate-N,19,0.5661386457819162
y_hat_train,Nitrate-N,19,0.15181160700555402
y_hat_train,Nitrate-N,19,0.17300869279014353
y_hat_train,Nitrate-N,19,0.4797879826592485
y_hat_train,Nitrate-N,19,0.13583211816526303
y_hat_train,Nitrate-N,19,0.6450920199984552
y_hat_train,Nitrate-N,19,0.14553452584667415
y_hat_train,Nitrate-N,19,0.31859741534118785
y_hat_train,Nitrate-N,19,0.2205213363810703
y_hat_train,Nitrate-N,19,0.11692828017446544
y_hat_train,Nitrate-N,19,0.25029686151373004
y_hat_train,Nitrate-N,19,3.172481493002776
y_hat_train,Nitrate-N,19,0.26733997364699535
y_hat_train,Nitrate-N,19,0.4302270410654051
y_hat_train,Nitrate-N,19,0.2231431711420363
y_hat_train,Nitrate-N,19,-0.03287624736879691
y_hat_train,Nitrate-N,19,0.10168679209340442
y_hat_train,Nitrate-N,19,0.258750556915364
y_hat_train,Nitrate-N,19,0.1821987645249033
y_hat_train,Nitrate-N,19,0.22546136695097352
y_hat_train,Nitrate-N,19,0.20345881873488658
y_hat_train,Nitrate-N,19,0.2223611405952151
y_hat_train,Nitrate-N,19,3.3460374641723742
y_hat_train,Nitrate-N,19,0.1363449249331059
y_hat_train,Nitrate-N,19,0.0694981379486318
y_hat_train,Nitrate-N,19,0.10313340925482711
y_hat_train,Nitrate-N,19,0.13490171807448392
y_hat_train,Nitrate-N,19,0.04032597052698761
y_hat_train,Nitrate-N,19,0.143950132684588
y_hat_train,Nitrate-N,19,0.16534239301095233
y_hat_train,Nitrate-N,19,0.2673784426789879
y_hat_train,Nitrate-N,19,0.1487526111448363
y_hat_train,Nitrate-N,19,0.46685954028190985
y_hat_train,Nitrate-N,19,0.2831804809529495
y_hat_train,Nitrate-N,19,2.5274883381037485
y_hat_train,Nitrate-N,19,0.21024570291353506
y_hat_train,Nitrate-N,19,0.3146569451209694
y_hat_train,Nitrate-N,19,-0.020111380322533234
y_hat_train,Nitrate-N,19,0.07213947639601548
y_hat_train,Nitrate-N,19,0.5904163221584451
y_hat_train,Nitrate-N,19,-0.0199410195840124
y_hat_train,Nitrate-N,19,0.24859698101192168
y_hat_train,Nitrate-N,19,0.12375875763969824
y_hat_train,Nitrate-N,19,0.39593671867775815
y_hat_train,Nitrate-N,19,-0.014859075761592178
y_hat_train,Nitrate-N,19,0.20817358857542057
y_hat_train,Nitrate-N,19,0.026665523053766016
y_hat_train,Nitrate-N,19,0.0856305909027798
y_hat_train,Nitrate-N,19,0.14581432364643426
y_hat_train,Nitrate-N,19,0.282730764860305
y_hat_train,Nitrate-N,19,0.07703869181366729
y_hat_train,Nitrate-N,19,1.3933209200980547
y_hat_train,Nitrate-N,19,0.0004220148312108485
y_hat_train,Nitrate-N,19,-0.23741191906173165
y_hat_train,Nitrate-N,19,0.1622588524194269
y_hat_train,Nitrate-N,19,0.053282016084065686
y_hat_train,Nitrate-N,19,0.28666744565036595
y_hat_train,Nitrate-N,19,3.109912146233942
y_hat_train,Nitrate-N,19,0.3248036896467634
y_hat_train,Nitrate-N,19,2.2140999658915774
y_hat_train,Nitrate-N,19,0.2359633478513259
y_hat_train,Nitrate-N,19,2.624511055563577
y_hat_train,Nitrate-N,19,-0.09428700605891382
y_hat_train,Nitrate-N,19,0.18389488899856
y_true_train,Nitrate-N,19,0.318333333
y_true_train,Nitrate-N,19,0.091
y_true_train,Nitrate-N,19,0.028666667
y_true_train,Nitrate-N,19,0.217333333
y_true_train,Nitrate-N,19,3.455
y_true_train,Nitrate-N,19,0.080333333
y_true_train,Nitrate-N,19,0.216533333
y_true_train,Nitrate-N,19,1.965431456
y_true_train,Nitrate-N,19,0.131
y_true_train,Nitrate-N,19,2.539583346
y_true_train,Nitrate-N,19,0.439971979
y_true_train,Nitrate-N,19,0.17
y_true_train,Nitrate-N,19,0.153138762
y_true_train,Nitrate-N,19,0.101
y_true_train,Nitrate-N,19,0.13339733
y_true_train,Nitrate-N,19,0.167666667
y_true_train,Nitrate-N,19,1.687
y_true_train,Nitrate-N,19,0.084
y_true_train,Nitrate-N,19,0.265
y_true_train,Nitrate-N,19,0.401233963
y_true_train,Nitrate-N,19,0.148140528
y_true_train,Nitrate-N,19,0.046914199
y_true_train,Nitrate-N,19,0.023
y_true_train,Nitrate-N,19,0.172333333
y_true_train,Nitrate-N,19,0.108333333
y_true_train,Nitrate-N,19,0.233666667
y_true_train,Nitrate-N,19,0.325615728
y_true_train,Nitrate-N,19,0.05942377
y_true_train,Nitrate-N,19,5.165333333
y_true_train,Nitrate-N,19,2.861333333
y_true_train,Nitrate-N,19,2.524276858
y_true_train,Nitrate-N,19,2.611691805
y_true_train,Nitrate-N,19,0.16
y_true_train,Nitrate-N,19,1.549666667
y_true_train,Nitrate-N,19,0.227333333
y_true_train,Nitrate-N,19,0.08
y_true_train,Nitrate-N,19,0.290190215
y_true_train,Nitrate-N,19,1.42
y_true_train,Nitrate-N,19,0.264333333
y_true_train,Nitrate-N,19,0.166666667
y_true_train,Nitrate-N,19,0.248333333
y_true_train,Nitrate-N,19,0.368333333
y_true_train,Nitrate-N,19,0.054
y_true_train,Nitrate-N,19,0.157333333
y_true_train,Nitrate-N,19,0.128
y_true_train,Nitrate-N,19,0.557
y_true_train,Nitrate-N,19,3.455
y_true_train,Nitrate-N,19,0.273394835
y_true_train,Nitrate-N,19,0.219
y_true_train,Nitrate-N,19,0.789
y_true_train,Nitrate-N,19,0.155666667
y_true_train,Nitrate-N,19,2.438333333
y_true_train,Nitrate-N,19,2.28
y_true_train,Nitrate-N,19,0.337
y_true_train,Nitrate-N,19,0.012333333
y_true_train,Nitrate-N,19,0.182
y_true_train,Nitrate-N,19,0.564666667
y_true_train,Nitrate-N,19,0.141
y_true_train,Nitrate-N,19,0.054
y_true_train,Nitrate-N,19,0.294984357
y_true_train,Nitrate-N,19,0.142333333
y_true_train,Nitrate-N,19,0.468666667
y_true_train,Nitrate-N,19,0.146508959
y_true_train,Nitrate-N,19,0.242114912
y_true_train,Nitrate-N,19,0.162743322
y_true_train,Nitrate-N,19,0.103
y_true_train,Nitrate-N,19,0.011
y_true_train,Nitrate-N,19,3.665666667
y_true_train,Nitrate-N,19,0.113333333
y_true_train,Nitrate-N,19,0.471333333
y_true_train,Nitrate-N,19,0.273
y_true_train,Nitrate-N,19,0.040627835
y_true_train,Nitrate-N,19,0.110666667
y_true_train,Nitrate-N,19,0.128214103
y_true_train,Nitrate-N,19,0.044666667
y_true_train,Nitrate-N,19,0.198179175
y_true_train,Nitrate-N,19,0.140333333
y_true_train,Nitrate-N,19,0.192666667
y_true_train,Nitrate-N,19,2.810666667
y_true_train,Nitrate-N,19,0.088
y_true_train,Nitrate-N,19,0.122666667
y_true_train,Nitrate-N,19,0.04
y_true_train,Nitrate-N,19,0.090666667
y_true_train,Nitrate-N,19,0.011333333
y_true_train,Nitrate-N,19,0.17
y_true_train,Nitrate-N,19,0.002333333
y_true_train,Nitrate-N,19,0.244666667
y_true_train,Nitrate-N,19,0.077
y_true_train,Nitrate-N,19,0.336795488
y_true_train,Nitrate-N,19,0.192666667
y_true_train,Nitrate-N,19,2.243
y_true_train,Nitrate-N,19,0.131905178
y_true_train,Nitrate-N,19,0.351510981
y_true_train,Nitrate-N,19,0.012333333
y_true_train,Nitrate-N,19,0.153138762
y_true_train,Nitrate-N,19,0.994
y_true_train,Nitrate-N,19,0.006474193
y_true_train,Nitrate-N,19,0.160333333
y_true_train,Nitrate-N,19,0.206816238
y_true_train,Nitrate-N,19,0.605
y_true_train,Nitrate-N,19,0.215
y_true_train,Nitrate-N,19,0.272591332
y_true_train,Nitrate-N,19,0.052136398
y_true_train,Nitrate-N,19,0.171333333
y_true_train,Nitrate-N,19,0.029
y_true_train,Nitrate-N,19,0.077
y_true_train,Nitrate-N,19,0.128214103
y_true_train,Nitrate-N,19,1.501333333
y_true_train,Nitrate-N,19,0.046666667
y_true_train,Nitrate-N,19,0.029
y_true_train,Nitrate-N,19,0.137333333
y_true_train,Nitrate-N,19,0.08225616
y_true_train,Nitrate-N,19,0.322666667
y_true_train,Nitrate-N,19,3.177604111
y_true_train,Nitrate-N,19,0.284944721
y_true_train,Nitrate-N,19,2.300666667
y_true_train,Nitrate-N,19,0.323333333
y_true_train,Nitrate-N,19,2.544333333
y_true_train,Nitrate-N,19,0.075333333
y_true_train,Nitrate-N,19,0.116666667
y_true_test,Nitrate-N,19,4.182333333
y_true_test,Nitrate-N,19,0.215666667
y_true_test,Nitrate-N,19,0.326333333
y_true_test,Nitrate-N,19,0.061333333
y_true_test,Nitrate-N,19,0.387333333
y_true_test,Nitrate-N,19,0.002666667
y_true_test,Nitrate-N,19,0.108333333
y_true_test,Nitrate-N,19,0.104333333
y_true_test,Nitrate-N,19,0.235
y_true_test,Nitrate-N,19,0.012333333
y_true_test,Nitrate-N,19,0.013
y_true_test,Nitrate-N,19,0.037253617
y_true_test,Nitrate-N,19,3.498
y_true_test,Nitrate-N,19,0.014086754
y_true_test,Nitrate-N,19,0.206
y_true_test,Nitrate-N,19,0.178
y_true_test,Nitrate-N,19,1.146333333
y_true_test,Nitrate-N,19,0.150333333
y_true_test,Nitrate-N,19,0.110666667
y_true_test,Nitrate-N,19,0.129333333
y_true_test,Nitrate-N,19,0.152333333
y_true_test,Nitrate-N,19,0.275
y_true_test,Nitrate-N,19,0.011
y_true_test,Nitrate-N,19,3.105
y_true_test,Nitrate-N,19,0.038
y_true_test,Nitrate-N,19,0.558333333
y_true_test,Nitrate-N,19,0.41
y_true_test,Nitrate-N,19,0.138666667
y_true_test,Nitrate-N,19,0.014333333
y_true_test,Nitrate-N,19,0.023333333
y_true_test,Nitrate-N,19,0.647288174
y_true_test,Nitrate-N,19,0.636679275
y_true_test,Nitrate-N,19,0.632
y_true_test,Nitrate-N,19,0.203
y_true_test,Nitrate-N,19,0.630666667
y_true_test,Nitrate-N,19,0.011
y_true_test,Nitrate-N,19,0.361666667
y_true_test,Nitrate-N,19,0.044666667
y_true_test,Nitrate-N,19,0.197
y_true_test,Nitrate-N,19,0.287666667
y_true_test,Nitrate-N,19,0.249333333
y_true_test,Nitrate-N,19,0.141333333
y_true_test,Nitrate-N,19,0.237415705
y_true_test,Nitrate-N,19,0.196
y_true_test,Nitrate-N,19,0.361757248
y_true_test,Nitrate-N,19,0.205742231
y_true_test,Nitrate-N,19,0.113333333
y_true_test,Nitrate-N,19,0.188333333
y_true_test,Nitrate-N,19,0.272591332
y_true_test,Nitrate-N,19,0.132333333
y_true_test,Nitrate-N,19,0.148140528
y_true_test,Nitrate-N,19,0.283666667
test_ind,Nitrate-N,19,365.0
test_ind,Nitrate-N,19,262.0
test_ind,Nitrate-N,19,3.0
test_ind,Nitrate-N,19,36.0
test_ind,Nitrate-N,19,291.0
test_ind,Nitrate-N,19,16.0
test_ind,Nitrate-N,19,215.0
test_ind,Nitrate-N,19,347.0
test_ind,Nitrate-N,19,398.0
test_ind,Nitrate-N,19,76.0
test_ind,Nitrate-N,19,292.0
test_ind,Nitrate-N,19,72.0
test_ind,Nitrate-N,19,6.0
test_ind,Nitrate-N,19,80.0
test_ind,Nitrate-N,19,366.0
test_ind,Nitrate-N,19,244.0
test_ind,Nitrate-N,19,320.0
test_ind,Nitrate-N,19,28.0
test_ind,Nitrate-N,19,338.0
test_ind,Nitrate-N,19,15.0
test_ind,Nitrate-N,19,315.0
test_ind,Nitrate-N,19,332.0
test_ind,Nitrate-N,19,306.0
test_ind,Nitrate-N,19,67.0
test_ind,Nitrate-N,19,395.0
test_ind,Nitrate-N,19,344.0
test_ind,Nitrate-N,19,324.0
test_ind,Nitrate-N,19,346.0
test_ind,Nitrate-N,19,59.0
test_ind,Nitrate-N,19,370.0
test_ind,Nitrate-N,19,143.0
test_ind,Nitrate-N,19,144.0
test_ind,Nitrate-N,19,392.0
test_ind,Nitrate-N,19,51.0
test_ind,Nitrate-N,19,236.0
test_ind,Nitrate-N,19,142.0
test_ind,Nitrate-N,19,29.0
test_ind,Nitrate-N,19,349.0
test_ind,Nitrate-N,19,52.0
test_ind,Nitrate-N,19,2.0
test_ind,Nitrate-N,19,319.0
test_ind,Nitrate-N,19,42.0
test_ind,Nitrate-N,19,217.0
test_ind,Nitrate-N,19,318.0
test_ind,Nitrate-N,19,145.0
test_ind,Nitrate-N,19,212.0
test_ind,Nitrate-N,19,171.0
test_ind,Nitrate-N,19,287.0
test_ind,Nitrate-N,19,175.0
test_ind,Nitrate-N,19,39.0
test_ind,Nitrate-N,19,77.0
test_ind,Nitrate-N,19,381.0
train_ind,Nitrate-N,19,341.0
train_ind,Nitrate-N,19,372.0
train_ind,Nitrate-N,19,243.0
train_ind,Nitrate-N,19,65.0
train_ind,Nitrate-N,19,190.0
train_ind,Nitrate-N,19,293.0
train_ind,Nitrate-N,19,165.0
train_ind,Nitrate-N,19,194.0
train_ind,Nitrate-N,19,382.0
train_ind,Nitrate-N,19,193.0
train_ind,Nitrate-N,19,138.0
train_ind,Nitrate-N,19,237.0
train_ind,Nitrate-N,19,126.0
train_ind,Nitrate-N,19,362.0
train_ind,Nitrate-N,19,98.0
train_ind,Nitrate-N,19,12.0
train_ind,Nitrate-N,19,311.0
train_ind,Nitrate-N,19,14.0
train_ind,Nitrate-N,19,279.0
train_ind,Nitrate-N,19,123.0
train_ind,Nitrate-N,19,78.0
train_ind,Nitrate-N,19,95.0
train_ind,Nitrate-N,19,247.0
train_ind,Nitrate-N,19,266.0
train_ind,Nitrate-N,19,216.0
train_ind,Nitrate-N,19,333.0
train_ind,Nitrate-N,19,102.0
train_ind,Nitrate-N,19,104.0
train_ind,Nitrate-N,19,295.0
train_ind,Nitrate-N,19,232.0
train_ind,Nitrate-N,19,192.0
train_ind,Nitrate-N,19,187.0
train_ind,Nitrate-N,19,8.0
train_ind,Nitrate-N,19,378.0
train_ind,Nitrate-N,19,358.0
train_ind,Nitrate-N,19,329.0
train_ind,Nitrate-N,19,103.0
train_ind,Nitrate-N,19,55.0
train_ind,Nitrate-N,19,61.0
train_ind,Nitrate-N,19,305.0
train_ind,Nitrate-N,19,299.0
train_ind,Nitrate-N,19,280.0
train_ind,Nitrate-N,19,390.0
train_ind,Nitrate-N,19,250.0
train_ind,Nitrate-N,19,300.0
train_ind,Nitrate-N,19,64.0
train_ind,Nitrate-N,19,191.0
train_ind,Nitrate-N,19,173.0
train_ind,Nitrate-N,19,386.0
train_ind,Nitrate-N,19,298.0
train_ind,Nitrate-N,19,374.0
train_ind,Nitrate-N,19,389.0
train_ind,Nitrate-N,19,343.0
train_ind,Nitrate-N,19,260.0
train_ind,Nitrate-N,19,74.0
train_ind,Nitrate-N,19,57.0
train_ind,Nitrate-N,19,269.0
train_ind,Nitrate-N,19,359.0
train_ind,Nitrate-N,19,342.0
train_ind,Nitrate-N,19,167.0
train_ind,Nitrate-N,19,274.0
train_ind,Nitrate-N,19,361.0
train_ind,Nitrate-N,19,119.0
train_ind,Nitrate-N,19,231.0
train_ind,Nitrate-N,19,94.0
train_ind,Nitrate-N,19,326.0
train_ind,Nitrate-N,19,141.0
train_ind,Nitrate-N,19,353.0
train_ind,Nitrate-N,19,170.0
train_ind,Nitrate-N,19,48.0
train_ind,Nitrate-N,19,233.0
train_ind,Nitrate-N,19,99.0
train_ind,Nitrate-N,19,268.0
train_ind,Nitrate-N,19,220.0
train_ind,Nitrate-N,19,385.0
train_ind,Nitrate-N,19,164.0
train_ind,Nitrate-N,19,69.0
train_ind,Nitrate-N,19,304.0
train_ind,Nitrate-N,19,284.0
train_ind,Nitrate-N,19,345.0
train_ind,Nitrate-N,19,312.0
train_ind,Nitrate-N,19,302.0
train_ind,Nitrate-N,19,252.0
train_ind,Nitrate-N,19,23.0
train_ind,Nitrate-N,19,339.0
train_ind,Nitrate-N,19,38.0
train_ind,Nitrate-N,19,27.0
train_ind,Nitrate-N,19,121.0
train_ind,Nitrate-N,19,172.0
train_ind,Nitrate-N,19,351.0
train_ind,Nitrate-N,19,265.0
train_ind,Nitrate-N,19,136.0
train_ind,Nitrate-N,19,139.0
train_ind,Nitrate-N,19,75.0
train_ind,Nitrate-N,19,125.0
train_ind,Nitrate-N,19,281.0
train_ind,Nitrate-N,19,213.0
train_ind,Nitrate-N,19,258.0
train_ind,Nitrate-N,19,218.0
train_ind,Nitrate-N,19,9.0
train_ind,Nitrate-N,19,17.0
train_ind,Nitrate-N,19,174.0
train_ind,Nitrate-N,19,79.0
train_ind,Nitrate-N,19,34.0
train_ind,Nitrate-N,19,270.0
train_ind,Nitrate-N,19,122.0
train_ind,Nitrate-N,19,219.0
train_ind,Nitrate-N,19,20.0
train_ind,Nitrate-N,19,248.0
train_ind,Nitrate-N,19,323.0
train_ind,Nitrate-N,19,49.0
train_ind,Nitrate-N,19,168.0
train_ind,Nitrate-N,19,373.0
train_ind,Nitrate-N,19,188.0
train_ind,Nitrate-N,19,124.0
train_ind,Nitrate-N,19,41.0
train_ind,Nitrate-N,19,391.0
train_ind,Nitrate-N,19,249.0
train_ind,Nitrate-N,19,278.0
train_ind,Nitrate-N,19,238.0
test_rsq,Nitrate-N,19,0.9317789968485505
train_rsq,Nitrate-N,19,0.9774001607870033
test_rmse,Nitrate-N,19,0.214209481149707
train_rmse,Nitrate-N,19,0.14717233269612442
test_mape,Nitrate-N,19,219.88781326855502
train_mape,Nitrate-N,19,156.56120971664663
n_comp,Nitrate-N,19,12.0
y_hat_test,TKN,0,0.36431632784435863
y_hat_test,TKN,0,0.6283879741500898
y_hat_test,TKN,0,0.5016277515971518
y_hat_test,TKN,0,0.4251464887423357
y_hat_test,TKN,0,0.5026725891739147
y_hat_test,TKN,0,0.49557006482444443
y_hat_test,TKN,0,0.5101048316670659
y_hat_test,TKN,0,0.5005488189155458
y_hat_test,TKN,0,0.7376141014038111
y_hat_test,TKN,0,0.9855176094483697
y_hat_test,TKN,0,0.4559019917341393
y_hat_test,TKN,0,0.8997581389705256
y_hat_test,TKN,0,1.0068321462239884
y_hat_test,TKN,0,0.6227159543114716
y_hat_test,TKN,0,0.43155676562166273
y_hat_test,TKN,0,0.43455054654137687
y_hat_test,TKN,0,0.6498009468902871
y_hat_test,TKN,0,0.5791244623772557
y_hat_test,TKN,0,0.4459743028932841
y_hat_test,TKN,0,0.46541116097310264
y_hat_train,TKN,0,0.5226609006545705
y_hat_train,TKN,0,0.7147159272611491
y_hat_train,TKN,0,0.4915115006669249
y_hat_train,TKN,0,0.5416291769562296
y_hat_train,TKN,0,0.6056314745996626
y_hat_train,TKN,0,0.39034783042733046
y_hat_train,TKN,0,0.5053679884009137
y_hat_train,TKN,0,0.47407871681342595
y_hat_train,TKN,0,0.5433988991627734
y_hat_train,TKN,0,0.8429968227461491
y_hat_train,TKN,0,0.40404223382602367
y_hat_train,TKN,0,0.7224302129271378
y_hat_train,TKN,0,0.9309892059722505
y_hat_train,TKN,0,0.5803671448657975
y_hat_train,TKN,0,0.46288060140694304
y_hat_train,TKN,0,0.43339095899493524
y_hat_train,TKN,0,0.441357676562516
y_hat_train,TKN,0,0.5901017799155727
y_hat_train,TKN,0,0.47748891170284574
y_hat_train,TKN,0,0.86096489426816
y_hat_train,TKN,0,0.7254193841765274
y_hat_train,TKN,0,0.3802990716273416
y_hat_train,TKN,0,0.33948842915305155
y_hat_train,TKN,0,0.3814218208482458
y_hat_train,TKN,0,0.7921654370568817
y_hat_train,TKN,0,0.5127632702684495
y_hat_train,TKN,0,0.6526809411089901
y_hat_train,TKN,0,0.43781747773188273
y_hat_train,TKN,0,0.4032296961435517
y_hat_train,TKN,0,1.2208224034844513
y_hat_train,TKN,0,0.5474753652153773
y_hat_train,TKN,0,0.47035777549038543
y_hat_train,TKN,0,0.5168443937643151
y_hat_train,TKN,0,0.4457334596891215
y_hat_train,TKN,0,0.46556018648909187
y_hat_train,TKN,0,0.48160717991300145
y_hat_train,TKN,0,0.41259915706627803
y_hat_train,TKN,0,0.33649315020248516
y_hat_train,TKN,0,0.4911492348515978
y_hat_train,TKN,0,0.6598347149170924
y_hat_train,TKN,0,0.5525348348410299
y_hat_train,TKN,0,0.38968053431346
y_hat_train,TKN,0,0.4986837751949326
y_hat_train,TKN,0,0.4667185616234661
y_hat_train,TKN,0,0.4622668866976785
y_true_train,TKN,0,0.63
y_true_train,TKN,0,0.76
y_true_train,TKN,0,0.34
y_true_train,TKN,0,0.39
y_true_train,TKN,0,0.58
y_true_train,TKN,0,0.39
y_true_train,TKN,0,0.56
y_true_train,TKN,0,0.36
y_true_train,TKN,0,0.52
y_true_train,TKN,0,1.18
y_true_train,TKN,0,0.36
y_true_train,TKN,0,0.96
y_true_train,TKN,0,0.7
y_true_train,TKN,0,0.44
y_true_train,TKN,0,0.76
y_true_train,TKN,0,0.92
y_true_train,TKN,0,0.4
y_true_train,TKN,0,0.57
y_true_train,TKN,0,0.62
y_true_train,TKN,0,0.87
y_true_train,TKN,0,0.48
y_true_train,TKN,0,0.01
y_true_train,TKN,0,0.3
y_true_train,TKN,0,0.22
y_true_train,TKN,0,0.69
y_true_train,TKN,0,0.41
y_true_train,TKN,0,0.77
y_true_train,TKN,0,0.56
y_true_train,TKN,0,0.46
y_true_train,TKN,0,1.22
y_true_train,TKN,0,0.43
y_true_train,TKN,0,0.48
y_true_train,TKN,0,0.39
y_true_train,TKN,0,0.34
y_true_train,TKN,0,0.43
y_true_train,TKN,0,0.46
y_true_train,TKN,0,0.59
y_true_train,TKN,0,0.28
y_true_train,TKN,0,0.58
y_true_train,TKN,0,0.67
y_true_train,TKN,0,0.49
y_true_train,TKN,0,0.32
y_true_train,TKN,0,0.43
y_true_train,TKN,0,0.64
y_true_train,TKN,0,0.62
y_true_test,TKN,0,0.77
y_true_test,TKN,0,0.67
y_true_test,TKN,0,1.0
y_true_test,TKN,0,0.48
y_true_test,TKN,0,0.3
y_true_test,TKN,0,0.46
y_true_test,TKN,0,0.44
y_true_test,TKN,0,0.34
y_true_test,TKN,0,0.72
y_true_test,TKN,0,1.07
y_true_test,TKN,0,0.89
y_true_test,TKN,0,0.83
y_true_test,TKN,0,1.01
y_true_test,TKN,0,0.67
y_true_test,TKN,0,0.26
y_true_test,TKN,0,0.87
y_true_test,TKN,0,0.85
y_true_test,TKN,0,0.73
y_true_test,TKN,0,0.56
y_true_test,TKN,0,0.64
test_ind,TKN,0,187.0
test_ind,TKN,0,97.0
test_ind,TKN,0,169.0
test_ind,TKN,0,252.0
test_ind,TKN,0,120.0
test_ind,TKN,0,119.0
test_ind,TKN,0,99.0
test_ind,TKN,0,166.0
test_ind,TKN,0,73.0
test_ind,TKN,0,257.0
test_ind,TKN,0,67.0
test_ind,TKN,0,16.0
test_ind,TKN,0,38.0
test_ind,TKN,0,96.0
test_ind,TKN,0,236.0
test_ind,TKN,0,20.0
test_ind,TKN,0,36.0
test_ind,TKN,0,136.0
test_ind,TKN,0,232.0
test_ind,TKN,0,188.0
train_ind,TKN,0,98.0
train_ind,TKN,0,28.0
train_ind,TKN,0,42.0
train_ind,TKN,0,95.0
train_ind,TKN,0,258.0
train_ind,TKN,0,237.0
train_ind,TKN,0,167.0
train_ind,TKN,0,168.0
train_ind,TKN,0,247.0
train_ind,TKN,0,59.0
train_ind,TKN,0,250.0
train_ind,TKN,0,118.0
train_ind,TKN,0,43.0
train_ind,TKN,0,23.0
train_ind,TKN,0,55.0
train_ind,TKN,0,64.0
train_ind,TKN,0,238.0
train_ind,TKN,0,29.0
train_ind,TKN,0,41.0
train_ind,TKN,0,72.0
train_ind,TKN,0,138.0
train_ind,TKN,0,57.0
train_ind,TKN,0,211.0
train_ind,TKN,0,214.0
train_ind,TKN,0,243.0
train_ind,TKN,0,139.0
train_ind,TKN,0,15.0
train_ind,TKN,0,39.0
train_ind,TKN,0,212.0
train_ind,TKN,0,71.0
train_ind,TKN,0,27.0
train_ind,TKN,0,69.0
train_ind,TKN,0,137.0
train_ind,TKN,0,213.0
train_ind,TKN,0,65.0
train_ind,TKN,0,61.0
train_ind,TKN,0,34.0
train_ind,TKN,0,140.0
train_ind,TKN,0,249.0
train_ind,TKN,0,248.0
train_ind,TKN,0,17.0
train_ind,TKN,0,14.0
train_ind,TKN,0,233.0
train_ind,TKN,0,189.0
train_ind,TKN,0,186.0
test_rsq,TKN,0,0.07833681756144983
train_rsq,TKN,0,0.5464594346442477
test_rmse,TKN,0,0.2257322987618247
train_rmse,TKN,0,0.15642761827309523
test_mape,TKN,0,27.06974237675196
train_mape,TKN,0,102.73828721510661
n_comp,TKN,0,2.0
y_hat_test,TKN,1,0.38468411070508196
y_hat_test,TKN,1,0.08918289975031513
y_hat_test,TKN,1,0.9791314534294352
y_hat_test,TKN,1,0.871097501187885
y_hat_test,TKN,1,0.6333641956883258
y_hat_test,TKN,1,0.35623086698725204
y_hat_test,TKN,1,0.8064987284318952
y_hat_test,TKN,1,0.7691097331646876
y_hat_test,TKN,1,0.590467578621363
y_hat_test,TKN,1,0.31249387247217053
y_hat_test,TKN,1,0.7428965779810588
y_hat_test,TKN,1,0.5729537460460584
y_hat_test,TKN,1,0.9495754513825999
y_hat_test,TKN,1,0.9746143874183991
y_hat_test,TKN,1,0.5845469129007836
y_hat_test,TKN,1,0.5096977856086464
y_hat_test,TKN,1,0.4530523840439954
y_hat_test,TKN,1,0.6519482421465419
y_hat_test,TKN,1,0.6698328147245172
y_hat_test,TKN,1,0.4289330456207876
y_hat_train,TKN,1,0.7879756111758718
y_hat_train,TKN,1,0.6894740436329322
y_hat_train,TKN,1,0.7131765622867643
y_hat_train,TKN,1,0.4131878116540104
y_hat_train,TKN,1,0.3008388211225465
y_hat_train,TKN,1,0.21618314741795258
y_hat_train,TKN,1,0.25226832748768296
y_hat_train,TKN,1,0.34934410962312196
y_hat_train,TKN,1,0.43233362495591776
y_hat_train,TKN,1,0.38399790140667056
y_hat_train,TKN,1,0.6442662941977817
y_hat_train,TKN,1,0.5303166422155596
y_hat_train,TKN,1,0.5649477068130768
y_hat_train,TKN,1,0.7279777437398383
y_hat_train,TKN,1,0.8964650723335986
y_hat_train,TKN,1,0.853822884291561
y_hat_train,TKN,1,0.6413957212006483
y_hat_train,TKN,1,0.4511840144630641
y_hat_train,TKN,1,0.5150750591326345
y_hat_train,TKN,1,0.7339321294593839
y_hat_train,TKN,1,0.5666831820697498
y_hat_train,TKN,1,0.6635765427888931
y_hat_train,TKN,1,0.7280642731608042
y_hat_train,TKN,1,0.5249852729356658
y_hat_train,TKN,1,0.6734637205646534
y_hat_train,TKN,1,0.4412206938853699
y_hat_train,TKN,1,0.9702138091775274
y_hat_train,TKN,1,0.7594109897001091
y_hat_train,TKN,1,0.6807858495142278
y_hat_train,TKN,1,0.8986646125384771
y_hat_train,TKN,1,0.5985347248952042
y_hat_train,TKN,1,0.5345774690110949
y_hat_train,TKN,1,0.7034371412054299
y_hat_train,TKN,1,0.3214534098233877
y_hat_train,TKN,1,0.6626633531510019
y_hat_train,TKN,1,0.6548987858212645
y_hat_train,TKN,1,0.27187083246313454
y_hat_train,TKN,1,0.6976741352875083
y_hat_train,TKN,1,0.6500772671963588
y_hat_train,TKN,1,1.070137079079658
y_hat_train,TKN,1,0.3866455662979854
y_hat_train,TKN,1,0.5573337317373743
y_hat_train,TKN,1,0.4880146939065838
y_hat_train,TKN,1,0.9767795471933003
y_hat_train,TKN,1,0.43067008798461764
y_true_train,TKN,1,0.85
y_true_train,TKN,1,0.69
y_true_train,TKN,1,0.46
y_true_train,TKN,1,0.46
y_true_train,TKN,1,0.36
y_true_train,TKN,1,0.01
y_true_train,TKN,1,0.4
y_true_train,TKN,1,0.26
y_true_train,TKN,1,0.46
y_true_train,TKN,1,0.3
y_true_train,TKN,1,0.56
y_true_train,TKN,1,0.56
y_true_train,TKN,1,0.58
y_true_train,TKN,1,0.62
y_true_train,TKN,1,0.89
y_true_train,TKN,1,0.96
y_true_train,TKN,1,0.63
y_true_train,TKN,1,0.41
y_true_train,TKN,1,0.48
y_true_train,TKN,1,0.87
y_true_train,TKN,1,0.34
y_true_train,TKN,1,0.67
y_true_train,TKN,1,0.67
y_true_train,TKN,1,0.36
y_true_train,TKN,1,0.67
y_true_train,TKN,1,0.3
y_true_train,TKN,1,1.18
y_true_train,TKN,1,0.58
y_true_train,TKN,1,0.92
y_true_train,TKN,1,0.87
y_true_train,TKN,1,0.43
y_true_train,TKN,1,0.77
y_true_train,TKN,1,0.76
y_true_train,TKN,1,0.48
y_true_train,TKN,1,0.77
y_true_train,TKN,1,0.76
y_true_train,TKN,1,0.32
y_true_train,TKN,1,0.7
y_true_train,TKN,1,0.44
y_true_train,TKN,1,1.01
y_true_train,TKN,1,0.59
y_true_train,TKN,1,0.57
y_true_train,TKN,1,0.56
y_true_train,TKN,1,1.0
y_true_train,TKN,1,0.48
y_true_test,TKN,1,0.22
y_true_test,TKN,1,0.39
y_true_test,TKN,1,0.64
y_true_test,TKN,1,0.83
y_true_test,TKN,1,0.64
y_true_test,TKN,1,0.43
y_true_test,TKN,1,0.43
y_true_test,TKN,1,0.72
y_true_test,TKN,1,0.62
y_true_test,TKN,1,0.34
y_true_test,TKN,1,0.39
y_true_test,TKN,1,0.28
y_true_test,TKN,1,1.07
y_true_test,TKN,1,0.73
y_true_test,TKN,1,0.39
y_true_test,TKN,1,0.52
y_true_test,TKN,1,0.34
y_true_test,TKN,1,0.49
y_true_test,TKN,1,0.44
y_true_test,TKN,1,1.22
test_ind,TKN,1,214.0
test_ind,TKN,1,237.0
test_ind,TKN,1,188.0
test_ind,TKN,1,16.0
test_ind,TKN,1,189.0
test_ind,TKN,1,233.0
test_ind,TKN,1,65.0
test_ind,TKN,1,73.0
test_ind,TKN,1,186.0
test_ind,TKN,1,166.0
test_ind,TKN,1,137.0
test_ind,TKN,1,140.0
test_ind,TKN,1,257.0
test_ind,TKN,1,136.0
test_ind,TKN,1,95.0
test_ind,TKN,1,247.0
test_ind,TKN,1,213.0
test_ind,TKN,1,17.0
test_ind,TKN,1,99.0
test_ind,TKN,1,71.0
train_ind,TKN,1,36.0
train_ind,TKN,1,243.0
train_ind,TKN,1,61.0
train_ind,TKN,1,119.0
train_ind,TKN,1,250.0
train_ind,TKN,1,57.0
train_ind,TKN,1,238.0
train_ind,TKN,1,236.0
train_ind,TKN,1,212.0
train_ind,TKN,1,120.0
train_ind,TKN,1,167.0
train_ind,TKN,1,232.0
train_ind,TKN,1,249.0
train_ind,TKN,1,41.0
train_ind,TKN,1,67.0
train_ind,TKN,1,118.0
train_ind,TKN,1,98.0
train_ind,TKN,1,139.0
train_ind,TKN,1,69.0
train_ind,TKN,1,20.0
train_ind,TKN,1,42.0
train_ind,TKN,1,97.0
train_ind,TKN,1,96.0
train_ind,TKN,1,168.0
train_ind,TKN,1,248.0
train_ind,TKN,1,211.0
train_ind,TKN,1,59.0
train_ind,TKN,1,258.0
train_ind,TKN,1,64.0
train_ind,TKN,1,72.0
train_ind,TKN,1,27.0
train_ind,TKN,1,187.0
train_ind,TKN,1,28.0
train_ind,TKN,1,252.0
train_ind,TKN,1,15.0
train_ind,TKN,1,55.0
train_ind,TKN,1,14.0
train_ind,TKN,1,43.0
train_ind,TKN,1,23.0
train_ind,TKN,1,38.0
train_ind,TKN,1,34.0
train_ind,TKN,1,29.0
train_ind,TKN,1,39.0
train_ind,TKN,1,169.0
train_ind,TKN,1,138.0
test_rsq,TKN,1,-0.12143770943056387
train_rsq,TKN,1,0.7264979900856869
test_rmse,TKN,1,0.26700726421242155
train_rmse,TKN,1,0.1226755177030116
test_mape,TKN,1,40.52364922432359
train_mape,TKN,1,63.556855989335816
n_comp,TKN,1,7.0
y_hat_test,TKN,2,0.23188248043295812
y_hat_test,TKN,2,0.4773525864093662
y_hat_test,TKN,2,0.3363469575828191
y_hat_test,TKN,2,0.553670285202655
y_hat_test,TKN,2,0.41543033022137726
y_hat_test,TKN,2,0.6441056069891786
y_hat_test,TKN,2,0.48700389202634975
y_hat_test,TKN,2,0.2357297191032699
y_hat_test,TKN,2,0.5661911651939436
y_hat_test,TKN,2,0.6606058838059138
y_hat_test,TKN,2,0.32329467539906986
y_hat_test,TKN,2,0.5770953737166788
y_hat_test,TKN,2,0.46846024188991076
y_hat_test,TKN,2,0.6945649886607177
y_hat_test,TKN,2,0.3562069767489801
y_hat_test,TKN,2,0.321841746014616
y_hat_test,TKN,2,0.7429703872321148
y_hat_test,TKN,2,0.7773868543160555
y_hat_test,TKN,2,0.3486121428118531
y_hat_test,TKN,2,0.4638697097325649
y_hat_train,TKN,2,0.22214871100753064
y_hat_train,TKN,2,0.21609819952711334
y_hat_train,TKN,2,1.081477671778293
y_hat_train,TKN,2,0.5114448856521672
y_hat_train,TKN,2,0.5135137171865278
y_hat_train,TKN,2,0.3925544553494089
y_hat_train,TKN,2,0.4997856843175348
y_hat_train,TKN,2,0.7927019578534102
y_hat_train,TKN,2,0.7250396396907909
y_hat_train,TKN,2,0.8739971999286587
y_hat_train,TKN,2,0.8750061351059926
y_hat_train,TKN,2,0.5419885041952848
y_hat_train,TKN,2,0.3930778843925314
y_hat_train,TKN,2,0.5212551652144379
y_hat_train,TKN,2,0.5508482917772436
y_hat_train,TKN,2,1.2161195871405241
y_hat_train,TKN,2,0.5681462885583322
y_hat_train,TKN,2,0.6484010900067714
y_hat_train,TKN,2,0.4108701838780798
y_hat_train,TKN,2,0.44499867444879593
y_hat_train,TKN,2,0.5936543236463226
y_hat_train,TKN,2,0.7379447661296002
y_hat_train,TKN,2,0.3825602911117102
y_hat_train,TKN,2,0.5394589232535711
y_hat_train,TKN,2,0.46594114726396413
y_hat_train,TKN,2,0.3851075615936054
y_hat_train,TKN,2,0.5731911394053703
y_hat_train,TKN,2,0.66071485987938
y_hat_train,TKN,2,0.7539231614881216
y_hat_train,TKN,2,0.6327296275940009
y_hat_train,TKN,2,0.55914726372475
y_hat_train,TKN,2,0.7237831367354015
y_hat_train,TKN,2,0.49169318060272005
y_hat_train,TKN,2,0.3313939549141455
y_hat_train,TKN,2,0.3978721215777914
y_hat_train,TKN,2,0.6571456033908557
y_hat_train,TKN,2,0.6663816716253049
y_hat_train,TKN,2,1.1189023051215545
y_hat_train,TKN,2,0.8577271815669858
y_hat_train,TKN,2,0.6861876165308025
y_hat_train,TKN,2,0.8092594057426221
y_hat_train,TKN,2,0.5669475842246275
y_hat_train,TKN,2,0.5334864189375302
y_hat_train,TKN,2,0.8409086206256883
y_hat_train,TKN,2,0.29446420630413866
y_true_train,TKN,2,0.39
y_true_train,TKN,2,0.01
y_true_train,TKN,2,1.07
y_true_train,TKN,2,0.26
y_true_train,TKN,2,0.52
y_true_train,TKN,2,0.56
y_true_train,TKN,2,0.34
y_true_train,TKN,2,0.64
y_true_train,TKN,2,0.76
y_true_train,TKN,2,0.83
y_true_train,TKN,2,0.87
y_true_train,TKN,2,0.46
y_true_train,TKN,2,0.3
y_true_train,TKN,2,0.43
y_true_train,TKN,2,0.56
y_true_train,TKN,2,1.22
y_true_train,TKN,2,0.44
y_true_train,TKN,2,0.67
y_true_train,TKN,2,0.46
y_true_train,TKN,2,0.36
y_true_train,TKN,2,0.62
y_true_train,TKN,2,0.87
y_true_train,TKN,2,0.41
y_true_train,TKN,2,0.49
y_true_train,TKN,2,0.28
y_true_train,TKN,2,0.48
y_true_train,TKN,2,0.92
y_true_train,TKN,2,0.72
y_true_train,TKN,2,0.56
y_true_train,TKN,2,0.64
y_true_train,TKN,2,0.43
y_true_train,TKN,2,0.69
y_true_train,TKN,2,0.44
y_true_train,TKN,2,0.46
y_true_train,TKN,2,0.3
y_true_train,TKN,2,0.76
y_true_train,TKN,2,0.58
y_true_train,TKN,2,1.01
y_true_train,TKN,2,1.18
y_true_train,TKN,2,1.0
y_true_train,TKN,2,0.89
y_true_train,TKN,2,0.57
y_true_train,TKN,2,0.77
y_true_train,TKN,2,0.7
y_true_train,TKN,2,0.34
y_true_test,TKN,2,0.32
y_true_test,TKN,2,0.67
y_true_test,TKN,2,0.48
y_true_test,TKN,2,0.67
y_true_test,TKN,2,0.48
y_true_test,TKN,2,0.85
y_true_test,TKN,2,0.63
y_true_test,TKN,2,0.22
y_true_test,TKN,2,0.39
y_true_test,TKN,2,0.96
y_true_test,TKN,2,0.4
y_true_test,TKN,2,0.77
y_true_test,TKN,2,0.39
y_true_test,TKN,2,0.73
y_true_test,TKN,2,0.34
y_true_test,TKN,2,0.59
y_true_test,TKN,2,0.58
y_true_test,TKN,2,0.62
y_true_test,TKN,2,0.36
y_true_test,TKN,2,0.43
test_ind,TKN,2,14.0
test_ind,TKN,2,96.0
test_ind,TKN,2,252.0
test_ind,TKN,2,97.0
test_ind,TKN,2,69.0
test_ind,TKN,2,36.0
test_ind,TKN,2,98.0
test_ind,TKN,2,214.0
test_ind,TKN,2,137.0
test_ind,TKN,2,118.0
test_ind,TKN,2,238.0
test_ind,TKN,2,15.0
test_ind,TKN,2,95.0
test_ind,TKN,2,136.0
test_ind,TKN,2,213.0
test_ind,TKN,2,34.0
test_ind,TKN,2,249.0
test_ind,TKN,2,41.0
test_ind,TKN,2,250.0
test_ind,TKN,2,233.0
train_ind,TKN,2,237.0
train_ind,TKN,2,57.0
train_ind,TKN,2,257.0
train_ind,TKN,2,236.0
train_ind,TKN,2,247.0
train_ind,TKN,2,39.0
train_ind,TKN,2,42.0
train_ind,TKN,2,188.0
train_ind,TKN,2,55.0
train_ind,TKN,2,16.0
train_ind,TKN,2,72.0
train_ind,TKN,2,61.0
train_ind,TKN,2,211.0
train_ind,TKN,2,27.0
train_ind,TKN,2,167.0
train_ind,TKN,2,71.0
train_ind,TKN,2,23.0
train_ind,TKN,2,248.0
train_ind,TKN,2,119.0
train_ind,TKN,2,168.0
train_ind,TKN,2,186.0
train_ind,TKN,2,20.0
train_ind,TKN,2,139.0
train_ind,TKN,2,17.0
train_ind,TKN,2,140.0
train_ind,TKN,2,138.0
train_ind,TKN,2,64.0
train_ind,TKN,2,73.0
train_ind,TKN,2,232.0
train_ind,TKN,2,189.0
train_ind,TKN,2,65.0
train_ind,TKN,2,243.0
train_ind,TKN,2,99.0
train_ind,TKN,2,212.0
train_ind,TKN,2,120.0
train_ind,TKN,2,28.0
train_ind,TKN,2,258.0
train_ind,TKN,2,38.0
train_ind,TKN,2,59.0
train_ind,TKN,2,169.0
train_ind,TKN,2,67.0
train_ind,TKN,2,29.0
train_ind,TKN,2,187.0
train_ind,TKN,2,43.0
train_ind,TKN,2,166.0
test_rsq,TKN,2,0.3863162343481278
train_rsq,TKN,2,0.7153593608590124
test_rmse,TKN,2,0.14870602143659
train_rmse,TKN,2,0.13776498548920021
test_mape,TKN,2,21.57043463000459
train_mape,TKN,2,65.24537319979525
n_comp,TKN,2,6.0
y_hat_test,TKN,3,0.5707245164749045
y_hat_test,TKN,3,0.406367375751863
y_hat_test,TKN,3,0.7629697097589946
y_hat_test,TKN,3,0.7573613252836906
y_hat_test,TKN,3,0.6402785387468065
y_hat_test,TKN,3,0.35154531525704596
y_hat_test,TKN,3,0.7985628103460168
y_hat_test,TKN,3,0.4642855284462701
y_hat_test,TKN,3,0.37665295928475373
y_hat_test,TKN,3,0.44426106434504786
y_hat_test,TKN,3,0.5418055584680639
y_hat_test,TKN,3,0.49516847156950883
y_hat_test,TKN,3,0.9309842529629556
y_hat_test,TKN,3,0.39235733868126677
y_hat_test,TKN,3,0.6492753121304046
y_hat_test,TKN,3,0.7688868374406741
y_hat_test,TKN,3,0.8196738531857499
y_hat_test,TKN,3,0.32723552866747996
y_hat_test,TKN,3,0.9777574960678562
y_hat_test,TKN,3,0.6676413801105937
y_hat_train,TKN,3,0.5007966564381634
y_hat_train,TKN,3,0.505693999376609
y_hat_train,TKN,3,0.7410747248797572
y_hat_train,TKN,3,0.2509533228276492
y_hat_train,TKN,3,0.3784750547265736
y_hat_train,TKN,3,0.6493647733599797
y_hat_train,TKN,3,0.7360804958169025
y_hat_train,TKN,3,0.848809793051656
y_hat_train,TKN,3,0.49504118483361187
y_hat_train,TKN,3,0.2612844640794688
y_hat_train,TKN,3,1.0158578320080613
y_hat_train,TKN,3,0.6549599433133217
y_hat_train,TKN,3,0.6894662975685057
y_hat_train,TKN,3,0.6515675985467965
y_hat_train,TKN,3,0.7716630202728992
y_hat_train,TKN,3,0.40257177288953416
y_hat_train,TKN,3,0.5693565622689717
y_hat_train,TKN,3,0.45141169095151623
y_hat_train,TKN,3,0.6192743996448229
y_hat_train,TKN,3,0.5231805095397694
y_hat_train,TKN,3,0.8288066106196399
y_hat_train,TKN,3,0.7649698261176945
y_hat_train,TKN,3,0.33369885379408315
y_hat_train,TKN,3,0.2616461526438742
y_hat_train,TKN,3,0.6811695589369016
y_hat_train,TKN,3,0.49260547019496953
y_hat_train,TKN,3,0.3920777436215672
y_hat_train,TKN,3,0.6076371155715903
y_hat_train,TKN,3,0.696836501366135
y_hat_train,TKN,3,0.4759389995799536
y_hat_train,TKN,3,0.7292611896594722
y_hat_train,TKN,3,0.5225462711981225
y_hat_train,TKN,3,0.5463961837908569
y_hat_train,TKN,3,0.34894825935407114
y_hat_train,TKN,3,0.6020896208372607
y_hat_train,TKN,3,0.6148666363876365
y_hat_train,TKN,3,0.6601398293502199
y_hat_train,TKN,3,0.46789646803709056
y_hat_train,TKN,3,0.47918616803818215
y_hat_train,TKN,3,0.31398391257653685
y_hat_train,TKN,3,0.6238001175017278
y_hat_train,TKN,3,0.3350045730067327
y_hat_train,TKN,3,0.5444858835710882
y_hat_train,TKN,3,0.7144207780436694
y_hat_train,TKN,3,1.2347031798063481
y_true_train,TKN,3,0.44
y_true_train,TKN,3,0.77
y_true_train,TKN,3,0.56
y_true_train,TKN,3,0.39
y_true_train,TKN,3,0.46
y_true_train,TKN,3,0.39
y_true_train,TKN,3,0.76
y_true_train,TKN,3,0.7
y_true_train,TKN,3,0.39
y_true_train,TKN,3,0.22
y_true_train,TKN,3,1.01
y_true_train,TKN,3,0.73
y_true_train,TKN,3,0.76
y_true_train,TKN,3,0.58
y_true_train,TKN,3,0.64
y_true_train,TKN,3,0.46
y_true_train,TKN,3,0.44
y_true_train,TKN,3,0.36
y_true_train,TKN,3,0.77
y_true_train,TKN,3,0.34
y_true_train,TKN,3,0.83
y_true_train,TKN,3,0.89
y_true_train,TKN,3,0.3
y_true_train,TKN,3,0.01
y_true_train,TKN,3,0.72
y_true_train,TKN,3,0.34
y_true_train,TKN,3,0.28
y_true_train,TKN,3,0.67
y_true_train,TKN,3,0.62
y_true_train,TKN,3,0.92
y_true_train,TKN,3,0.96
y_true_train,TKN,3,0.41
y_true_train,TKN,3,0.52
y_true_train,TKN,3,0.36
y_true_train,TKN,3,0.56
y_true_train,TKN,3,1.0
y_true_train,TKN,3,0.85
y_true_train,TKN,3,0.46
y_true_train,TKN,3,0.43
y_true_train,TKN,3,0.32
y_true_train,TKN,3,0.57
y_true_train,TKN,3,0.4
y_true_train,TKN,3,0.49
y_true_train,TKN,3,0.69
y_true_train,TKN,3,1.22
y_true_test,TKN,3,0.43
y_true_test,TKN,3,0.48
y_true_test,TKN,3,0.62
y_true_test,TKN,3,1.18
y_true_test,TKN,3,0.87
y_true_test,TKN,3,0.48
y_true_test,TKN,3,0.64
y_true_test,TKN,3,0.26
y_true_test,TKN,3,0.56
y_true_test,TKN,3,0.43
y_true_test,TKN,3,0.63
y_true_test,TKN,3,0.3
y_true_test,TKN,3,0.48
y_true_test,TKN,3,0.34
y_true_test,TKN,3,0.67
y_true_test,TKN,3,0.58
y_true_test,TKN,3,0.87
y_true_test,TKN,3,0.59
y_true_test,TKN,3,1.07
y_true_test,TKN,3,0.67
test_ind,TKN,3,27.0
test_ind,TKN,3,69.0
test_ind,TKN,3,41.0
test_ind,TKN,3,59.0
test_ind,TKN,3,20.0
test_ind,TKN,3,252.0
test_ind,TKN,3,188.0
test_ind,TKN,3,236.0
test_ind,TKN,3,39.0
test_ind,TKN,3,233.0
test_ind,TKN,3,98.0
test_ind,TKN,3,120.0
test_ind,TKN,3,138.0
test_ind,TKN,3,213.0
test_ind,TKN,3,96.0
test_ind,TKN,3,249.0
test_ind,TKN,3,72.0
test_ind,TKN,3,34.0
test_ind,TKN,3,257.0
test_ind,TKN,3,248.0
train_ind,TKN,3,99.0
train_ind,TKN,3,187.0
train_ind,TKN,3,232.0
train_ind,TKN,3,237.0
train_ind,TKN,3,212.0
train_ind,TKN,3,137.0
train_ind,TKN,3,55.0
train_ind,TKN,3,43.0
train_ind,TKN,3,95.0
train_ind,TKN,3,214.0
train_ind,TKN,3,38.0
train_ind,TKN,3,136.0
train_ind,TKN,3,28.0
train_ind,TKN,3,258.0
train_ind,TKN,3,189.0
train_ind,TKN,3,119.0
train_ind,TKN,3,23.0
train_ind,TKN,3,168.0
train_ind,TKN,3,15.0
train_ind,TKN,3,166.0
train_ind,TKN,3,16.0
train_ind,TKN,3,67.0
train_ind,TKN,3,211.0
train_ind,TKN,3,57.0
train_ind,TKN,3,73.0
train_ind,TKN,3,42.0
train_ind,TKN,3,140.0
train_ind,TKN,3,97.0
train_ind,TKN,3,186.0
train_ind,TKN,3,64.0
train_ind,TKN,3,118.0
train_ind,TKN,3,139.0
train_ind,TKN,3,247.0
train_ind,TKN,3,250.0
train_ind,TKN,3,167.0
train_ind,TKN,3,169.0
train_ind,TKN,3,36.0
train_ind,TKN,3,61.0
train_ind,TKN,3,65.0
train_ind,TKN,3,14.0
train_ind,TKN,3,29.0
train_ind,TKN,3,238.0
train_ind,TKN,3,17.0
train_ind,TKN,3,243.0
train_ind,TKN,3,71.0
test_rsq,TKN,3,0.3011272362154406
train_rsq,TKN,3,0.6467011034090604
test_rmse,TKN,3,0.19525018738401503
train_rmse,TKN,3,0.1448010915211308
test_mape,TKN,3,29.143826226441487
train_mape,TKN,3,74.46634277193236
n_comp,TKN,3,4.0
y_hat_test,TKN,4,0.40929319628442673
y_hat_test,TKN,4,0.5525292206587303
y_hat_test,TKN,4,0.4913161757159672
y_hat_test,TKN,4,0.667107677953238
y_hat_test,TKN,4,0.7287157060751162
y_hat_test,TKN,4,0.31038663628423824
y_hat_test,TKN,4,0.6500566332186037
y_hat_test,TKN,4,0.32663839752505963
y_hat_test,TKN,4,0.4303085957510915
y_hat_test,TKN,4,0.5629079092016203
y_hat_test,TKN,4,1.2782067007821838
y_hat_test,TKN,4,0.8491628765244253
y_hat_test,TKN,4,0.692622414993647
y_hat_test,TKN,4,1.0184844832436704
y_hat_test,TKN,4,0.8724205013860287
y_hat_test,TKN,4,0.45348092096851944
y_hat_test,TKN,4,0.6604765415142375
y_hat_test,TKN,4,0.335777171919015
y_hat_test,TKN,4,0.555807437593443
y_hat_test,TKN,4,0.6679143544442122
y_hat_train,TKN,4,0.6691335858973048
y_hat_train,TKN,4,0.6368358796587271
y_hat_train,TKN,4,0.2540311841915871
y_hat_train,TKN,4,0.5295282585422317
y_hat_train,TKN,4,0.24123153493711597
y_hat_train,TKN,4,0.887636627006094
y_hat_train,TKN,4,0.46578031500495554
y_hat_train,TKN,4,0.827802513909017
y_hat_train,TKN,4,0.6331642915859303
y_hat_train,TKN,4,0.671611557524115
y_hat_train,TKN,4,0.6383808281094856
y_hat_train,TKN,4,0.6356222476128162
y_hat_train,TKN,4,0.4625870086558277
y_hat_train,TKN,4,0.42550709966575606
y_hat_train,TKN,4,0.7774808255428833
y_hat_train,TKN,4,0.6752046721068758
y_hat_train,TKN,4,0.9985343954814738
y_hat_train,TKN,4,0.5338558457486772
y_hat_train,TKN,4,0.43935600446882955
y_hat_train,TKN,4,0.8896326863964681
y_hat_train,TKN,4,0.5604331563733435
y_hat_train,TKN,4,0.3389285511888376
y_hat_train,TKN,4,0.3258042346027394
y_hat_train,TKN,4,0.355181373139833
y_hat_train,TKN,4,0.45998838515543716
y_hat_train,TKN,4,0.29589763535190095
y_hat_train,TKN,4,0.5498793817836851
y_hat_train,TKN,4,0.4292852043188126
y_hat_train,TKN,4,0.518174046881454
y_hat_train,TKN,4,0.638676822488215
y_hat_train,TKN,4,0.7643226752961483
y_hat_train,TKN,4,0.6107240602110752
y_hat_train,TKN,4,0.6607471980134021
y_hat_train,TKN,4,0.5488431988506907
y_hat_train,TKN,4,0.4866437210734247
y_hat_train,TKN,4,0.33823095382848173
y_hat_train,TKN,4,0.2800352996252673
y_hat_train,TKN,4,0.3787619183883233
y_hat_train,TKN,4,0.5767341508651387
y_hat_train,TKN,4,0.4068723225727766
y_hat_train,TKN,4,0.5125200365700134
y_hat_train,TKN,4,0.6499789642233709
y_hat_train,TKN,4,0.5837729785503216
y_hat_train,TKN,4,0.23621584400786638
y_hat_train,TKN,4,0.7304305245932747
y_true_train,TKN,4,0.89
y_true_train,TKN,4,0.76
y_true_train,TKN,4,0.01
y_true_train,TKN,4,0.39
y_true_train,TKN,4,0.22
y_true_train,TKN,4,0.7
y_true_train,TKN,4,0.46
y_true_train,TKN,4,1.18
y_true_train,TKN,4,0.58
y_true_train,TKN,4,0.67
y_true_train,TKN,4,0.62
y_true_train,TKN,4,0.56
y_true_train,TKN,4,0.3
y_true_train,TKN,4,0.46
y_true_train,TKN,4,0.96
y_true_train,TKN,4,0.67
y_true_train,TKN,4,1.07
y_true_train,TKN,4,0.52
y_true_train,TKN,4,0.43
y_true_train,TKN,4,0.83
y_true_train,TKN,4,0.56
y_true_train,TKN,4,0.3
y_true_train,TKN,4,0.4
y_true_train,TKN,4,0.46
y_true_train,TKN,4,0.43
y_true_train,TKN,4,0.32
y_true_train,TKN,4,0.49
y_true_train,TKN,4,0.36
y_true_train,TKN,4,0.41
y_true_train,TKN,4,0.62
y_true_train,TKN,4,0.69
y_true_train,TKN,4,0.39
y_true_train,TKN,4,0.58
y_true_train,TKN,4,0.63
y_true_train,TKN,4,0.77
y_true_train,TKN,4,0.28
y_true_train,TKN,4,0.59
y_true_train,TKN,4,0.34
y_true_train,TKN,4,0.57
y_true_train,TKN,4,0.48
y_true_train,TKN,4,0.34
y_true_train,TKN,4,0.77
y_true_train,TKN,4,0.44
y_true_train,TKN,4,0.39
y_true_train,TKN,4,0.64
y_true_test,TKN,4,0.26
y_true_test,TKN,4,0.87
y_true_test,TKN,4,0.44
y_true_test,TKN,4,0.73
y_true_test,TKN,4,0.72
y_true_test,TKN,4,0.36
y_true_test,TKN,4,0.85
y_true_test,TKN,4,0.48
y_true_test,TKN,4,0.92
y_true_test,TKN,4,0.43
y_true_test,TKN,4,1.22
y_true_test,TKN,4,0.48
y_true_test,TKN,4,0.76
y_true_test,TKN,4,1.01
y_true_test,TKN,4,0.87
y_true_test,TKN,4,0.34
y_true_test,TKN,4,0.67
y_true_test,TKN,4,0.56
y_true_test,TKN,4,1.0
y_true_test,TKN,4,0.64
test_ind,TKN,4,236.0
test_ind,TKN,4,20.0
test_ind,TKN,4,99.0
test_ind,TKN,4,136.0
test_ind,TKN,4,73.0
test_ind,TKN,4,250.0
test_ind,TKN,4,36.0
test_ind,TKN,4,252.0
test_ind,TKN,4,64.0
test_ind,TKN,4,27.0
test_ind,TKN,4,71.0
test_ind,TKN,4,138.0
test_ind,TKN,4,28.0
test_ind,TKN,4,38.0
test_ind,TKN,4,72.0
test_ind,TKN,4,42.0
test_ind,TKN,4,97.0
test_ind,TKN,4,39.0
test_ind,TKN,4,169.0
test_ind,TKN,4,189.0
train_ind,TKN,4,67.0
train_ind,TKN,4,55.0
train_ind,TKN,4,57.0
train_ind,TKN,4,95.0
train_ind,TKN,4,214.0
train_ind,TKN,4,43.0
train_ind,TKN,4,61.0
train_ind,TKN,4,59.0
train_ind,TKN,4,258.0
train_ind,TKN,4,96.0
train_ind,TKN,4,41.0
train_ind,TKN,4,232.0
train_ind,TKN,4,120.0
train_ind,TKN,4,119.0
train_ind,TKN,4,118.0
train_ind,TKN,4,248.0
train_ind,TKN,4,257.0
train_ind,TKN,4,247.0
train_ind,TKN,4,233.0
train_ind,TKN,4,16.0
train_ind,TKN,4,167.0
train_ind,TKN,4,211.0
train_ind,TKN,4,238.0
train_ind,TKN,4,212.0
train_ind,TKN,4,65.0
train_ind,TKN,4,14.0
train_ind,TKN,4,17.0
train_ind,TKN,4,168.0
train_ind,TKN,4,139.0
train_ind,TKN,4,186.0
train_ind,TKN,4,243.0
train_ind,TKN,4,137.0
train_ind,TKN,4,249.0
train_ind,TKN,4,98.0
train_ind,TKN,4,187.0
train_ind,TKN,4,140.0
train_ind,TKN,4,34.0
train_ind,TKN,4,213.0
train_ind,TKN,4,29.0
train_ind,TKN,4,69.0
train_ind,TKN,4,166.0
train_ind,TKN,4,15.0
train_ind,TKN,4,23.0
train_ind,TKN,4,237.0
train_ind,TKN,4,188.0
test_rsq,TKN,4,0.3304883218014111
train_rsq,TKN,4,0.654933937578183
test_rmse,TKN,4,0.20721719065595628
train_rmse,TKN,4,0.13098717067093998
test_mape,TKN,4,24.20366340228588
train_mape,TKN,4,71.67060744782853
n_comp,TKN,4,4.0
y_hat_test,TKN,5,0.5656460815283763
y_hat_test,TKN,5,0.427381152233817
y_hat_test,TKN,5,0.6934205027952294
y_hat_test,TKN,5,0.40724103944663015
y_hat_test,TKN,5,0.4621273171263909
y_hat_test,TKN,5,0.4963414582697464
y_hat_test,TKN,5,0.6649892930956302
y_hat_test,TKN,5,0.6539377761279525
y_hat_test,TKN,5,0.5827264795771008
y_hat_test,TKN,5,0.551938953231828
y_hat_test,TKN,5,0.540732484569129
y_hat_test,TKN,5,0.7144582622241922
y_hat_test,TKN,5,0.5996984715289548
y_hat_test,TKN,5,0.4587300370775803
y_hat_test,TKN,5,0.3198367443848843
y_hat_test,TKN,5,0.2995066878159879
y_hat_test,TKN,5,0.674337627788669
y_hat_test,TKN,5,0.3056172805282917
y_hat_test,TKN,5,0.6422167944973485
y_hat_test,TKN,5,1.2039557327177046
y_hat_train,TKN,5,0.8335698636191448
y_hat_train,TKN,5,0.5496095293995469
y_hat_train,TKN,5,0.5036468588885277
y_hat_train,TKN,5,0.8411724634808126
y_hat_train,TKN,5,0.4863705445570168
y_hat_train,TKN,5,0.7655085050142512
y_hat_train,TKN,5,0.5913752134888473
y_hat_train,TKN,5,0.41602421071773477
y_hat_train,TKN,5,0.6156921513720878
y_hat_train,TKN,5,0.4852687004861649
y_hat_train,TKN,5,0.3354164793101706
y_hat_train,TKN,5,0.669728811687152
y_hat_train,TKN,5,0.5618939120026749
y_hat_train,TKN,5,0.5044016993601392
y_hat_train,TKN,5,0.6793526711425126
y_hat_train,TKN,5,0.99612966235444
y_hat_train,TKN,5,0.4618905413628233
y_hat_train,TKN,5,0.7091874490199657
y_hat_train,TKN,5,0.7864291101859157
y_hat_train,TKN,5,0.7000621972769336
y_hat_train,TKN,5,0.49594433695688495
y_hat_train,TKN,5,0.38981575415049186
y_hat_train,TKN,5,0.6047105681459511
y_hat_train,TKN,5,1.0458782591827378
y_hat_train,TKN,5,0.7116428378881291
y_hat_train,TKN,5,0.6157721798925906
y_hat_train,TKN,5,0.3709564597289118
y_hat_train,TKN,5,0.46510053515728184
y_hat_train,TKN,5,0.727354719459326
y_hat_train,TKN,5,0.38253795054076234
y_hat_train,TKN,5,0.863377708090107
y_hat_train,TKN,5,0.4196778679982067
y_hat_train,TKN,5,0.6866956296448956
y_hat_train,TKN,5,0.6389381006203458
y_hat_train,TKN,5,0.5229150601515998
y_hat_train,TKN,5,0.35258828197521797
y_hat_train,TKN,5,0.4898199178009655
y_hat_train,TKN,5,0.4044993026775894
y_hat_train,TKN,5,0.5947965868890793
y_hat_train,TKN,5,0.6088915768198226
y_hat_train,TKN,5,0.3740875838408505
y_hat_train,TKN,5,0.674002625981956
y_hat_train,TKN,5,0.47809584239456504
y_hat_train,TKN,5,0.49196609277297587
y_hat_train,TKN,5,0.3872036465118908
y_true_train,TKN,5,0.87
y_true_train,TKN,5,0.43
y_true_train,TKN,5,0.44
y_true_train,TKN,5,0.83
y_true_train,TKN,5,0.46
y_true_train,TKN,5,0.48
y_true_train,TKN,5,0.67
y_true_train,TKN,5,0.46
y_true_train,TKN,5,0.87
y_true_train,TKN,5,0.3
y_true_train,TKN,5,0.32
y_true_train,TKN,5,0.72
y_true_train,TKN,5,0.44
y_true_train,TKN,5,0.34
y_true_train,TKN,5,0.64
y_true_train,TKN,5,1.07
y_true_train,TKN,5,0.36
y_true_train,TKN,5,0.58
y_true_train,TKN,5,1.18
y_true_train,TKN,5,0.89
y_true_train,TKN,5,0.92
y_true_train,TKN,5,0.48
y_true_train,TKN,5,0.77
y_true_train,TKN,5,1.01
y_true_train,TKN,5,0.62
y_true_train,TKN,5,0.62
y_true_train,TKN,5,0.4
y_true_train,TKN,5,0.43
y_true_train,TKN,5,0.69
y_true_train,TKN,5,0.46
y_true_train,TKN,5,0.7
y_true_train,TKN,5,0.56
y_true_train,TKN,5,0.76
y_true_train,TKN,5,0.58
y_true_train,TKN,5,0.63
y_true_train,TKN,5,0.3
y_true_train,TKN,5,0.39
y_true_train,TKN,5,0.28
y_true_train,TKN,5,0.39
y_true_train,TKN,5,0.57
y_true_train,TKN,5,0.59
y_true_train,TKN,5,0.76
y_true_train,TKN,5,0.26
y_true_train,TKN,5,0.41
y_true_train,TKN,5,0.36
y_true_test,TKN,5,0.56
y_true_test,TKN,5,0.48
y_true_test,TKN,5,0.96
y_true_test,TKN,5,0.34
y_true_test,TKN,5,0.34
y_true_test,TKN,5,0.43
y_true_test,TKN,5,0.67
y_true_test,TKN,5,0.85
y_true_test,TKN,5,0.67
y_true_test,TKN,5,0.52
y_true_test,TKN,5,0.49
y_true_test,TKN,5,0.64
y_true_test,TKN,5,1.0
y_true_test,TKN,5,0.77
y_true_test,TKN,5,0.22
y_true_test,TKN,5,0.39
y_true_test,TKN,5,0.56
y_true_test,TKN,5,0.01
y_true_test,TKN,5,0.73
y_true_test,TKN,5,1.22
test_ind,TKN,5,167.0
test_ind,TKN,5,69.0
test_ind,TKN,5,118.0
test_ind,TKN,5,213.0
test_ind,TKN,5,166.0
test_ind,TKN,5,65.0
test_ind,TKN,5,248.0
test_ind,TKN,5,36.0
test_ind,TKN,5,97.0
test_ind,TKN,5,247.0
test_ind,TKN,5,17.0
test_ind,TKN,5,188.0
test_ind,TKN,5,169.0
test_ind,TKN,5,187.0
test_ind,TKN,5,214.0
test_ind,TKN,5,237.0
test_ind,TKN,5,232.0
test_ind,TKN,5,57.0
test_ind,TKN,5,136.0
test_ind,TKN,5,71.0
train_ind,TKN,5,72.0
train_ind,TKN,5,27.0
train_ind,TKN,5,99.0
train_ind,TKN,5,16.0
train_ind,TKN,5,61.0
train_ind,TKN,5,138.0
train_ind,TKN,5,96.0
train_ind,TKN,5,119.0
train_ind,TKN,5,20.0
train_ind,TKN,5,120.0
train_ind,TKN,5,14.0
train_ind,TKN,5,73.0
train_ind,TKN,5,23.0
train_ind,TKN,5,42.0
train_ind,TKN,5,189.0
train_ind,TKN,5,257.0
train_ind,TKN,5,168.0
train_ind,TKN,5,249.0
train_ind,TKN,5,59.0
train_ind,TKN,5,67.0
train_ind,TKN,5,64.0
train_ind,TKN,5,252.0
train_ind,TKN,5,15.0
train_ind,TKN,5,38.0
train_ind,TKN,5,41.0
train_ind,TKN,5,186.0
train_ind,TKN,5,238.0
train_ind,TKN,5,233.0
train_ind,TKN,5,243.0
train_ind,TKN,5,212.0
train_ind,TKN,5,43.0
train_ind,TKN,5,39.0
train_ind,TKN,5,28.0
train_ind,TKN,5,258.0
train_ind,TKN,5,98.0
train_ind,TKN,5,211.0
train_ind,TKN,5,95.0
train_ind,TKN,5,140.0
train_ind,TKN,5,137.0
train_ind,TKN,5,29.0
train_ind,TKN,5,34.0
train_ind,TKN,5,55.0
train_ind,TKN,5,236.0
train_ind,TKN,5,139.0
train_ind,TKN,5,250.0
test_rsq,TKN,5,0.6491144026585843
train_rsq,TKN,5,0.5718206454820596
test_rmse,TKN,5,0.16380409952654232
train_rmse,TKN,5,0.14611297502824666
test_mape,TKN,5,165.7401354911792
train_mape,TKN,5,21.46662573297249
n_comp,TKN,5,4.0
y_hat_test,TKN,6,0.6464232497148903
y_hat_test,TKN,6,0.968502090250078
y_hat_test,TKN,6,0.8214790273018917
y_hat_test,TKN,6,0.34329954394910495
y_hat_test,TKN,6,0.8995512993086608
y_hat_test,TKN,6,0.6282779391737686
y_hat_test,TKN,6,0.6711181226909592
y_hat_test,TKN,6,0.5267072331087711
y_hat_test,TKN,6,0.8499337748976963
y_hat_test,TKN,6,0.5297497840769364
y_hat_test,TKN,6,0.49913556233144263
y_hat_test,TKN,6,0.5677948789022262
y_hat_test,TKN,6,0.6464070021136507
y_hat_test,TKN,6,0.7462863085015288
y_hat_test,TKN,6,0.48876852763518386
y_hat_test,TKN,6,0.7496363930230564
y_hat_test,TKN,6,0.6313181497861151
y_hat_test,TKN,6,0.49199549460544245
y_hat_test,TKN,6,0.2599582899318405
y_hat_test,TKN,6,0.5973327225808971
y_hat_train,TKN,6,0.8339043477780868
y_hat_train,TKN,6,0.6362846793455127
y_hat_train,TKN,6,0.554772724448566
y_hat_train,TKN,6,0.5072991841075811
y_hat_train,TKN,6,0.5266478216913995
y_hat_train,TKN,6,0.6460775849214715
y_hat_train,TKN,6,0.43937467371424166
y_hat_train,TKN,6,0.4508546896232597
y_hat_train,TKN,6,0.3830337283758143
y_hat_train,TKN,6,0.38700384439995683
y_hat_train,TKN,6,0.3405750695862814
y_hat_train,TKN,6,0.7194520437121975
y_hat_train,TKN,6,0.6695720146966387
y_hat_train,TKN,6,0.641952704463869
y_hat_train,TKN,6,0.36129454104513303
y_hat_train,TKN,6,0.6787826698163715
y_hat_train,TKN,6,0.3497248288268581
y_hat_train,TKN,6,0.6519359042044928
y_hat_train,TKN,6,0.6260380670759917
y_hat_train,TKN,6,0.5904987806955243
y_hat_train,TKN,6,0.4840479491046667
y_hat_train,TKN,6,0.4367786346693084
y_hat_train,TKN,6,0.48780330347774187
y_hat_train,TKN,6,0.8518977394649994
y_hat_train,TKN,6,0.7722983001135696
y_hat_train,TKN,6,0.35926161446781135
y_hat_train,TKN,6,0.6112735219914226
y_hat_train,TKN,6,0.5136436013903867
y_hat_train,TKN,6,0.5875766264195419
y_hat_train,TKN,6,0.4950216286828152
y_hat_train,TKN,6,0.726445295009818
y_hat_train,TKN,6,0.7431645466902341
y_hat_train,TKN,6,0.7385003599613774
y_hat_train,TKN,6,0.9960199267250609
y_hat_train,TKN,6,0.7381661591409726
y_hat_train,TKN,6,0.7464119536044088
y_hat_train,TKN,6,0.630446591308845
y_hat_train,TKN,6,0.7615803735941428
y_hat_train,TKN,6,0.9075201054070261
y_hat_train,TKN,6,0.44446306615350506
y_hat_train,TKN,6,0.5566050173895157
y_hat_train,TKN,6,0.47433148311640805
y_hat_train,TKN,6,0.7046367035360269
y_hat_train,TKN,6,0.43073113012827063
y_hat_train,TKN,6,0.7962944659228779
y_true_train,TKN,6,1.18
y_true_train,TKN,6,0.67
y_true_train,TKN,6,0.43
y_true_train,TKN,6,0.43
y_true_train,TKN,6,0.46
y_true_train,TKN,6,0.39
y_true_train,TKN,6,0.41
y_true_train,TKN,6,0.4
y_true_train,TKN,6,0.28
y_true_train,TKN,6,0.34
y_true_train,TKN,6,0.01
y_true_train,TKN,6,0.96
y_true_train,TKN,6,0.48
y_true_train,TKN,6,0.89
y_true_train,TKN,6,0.39
y_true_train,TKN,6,0.52
y_true_train,TKN,6,0.22
y_true_train,TKN,6,0.44
y_true_train,TKN,6,1.0
y_true_train,TKN,6,0.44
y_true_train,TKN,6,0.39
y_true_train,TKN,6,0.36
y_true_train,TKN,6,0.56
y_true_train,TKN,6,0.83
y_true_train,TKN,6,0.57
y_true_train,TKN,6,0.46
y_true_train,TKN,6,0.87
y_true_train,TKN,6,0.64
y_true_train,TKN,6,0.62
y_true_train,TKN,6,0.46
y_true_train,TKN,6,0.64
y_true_train,TKN,6,0.72
y_true_train,TKN,6,0.62
y_true_train,TKN,6,1.01
y_true_train,TKN,6,0.77
y_true_train,TKN,6,0.87
y_true_train,TKN,6,0.76
y_true_train,TKN,6,0.58
y_true_train,TKN,6,0.7
y_true_train,TKN,6,0.77
y_true_train,TKN,6,0.36
y_true_train,TKN,6,0.92
y_true_train,TKN,6,0.73
y_true_train,TKN,6,0.59
y_true_train,TKN,6,0.85
y_true_test,TKN,6,0.67
y_true_test,TKN,6,1.07
y_true_test,TKN,6,0.67
y_true_test,TKN,6,0.32
y_true_test,TKN,6,0.76
y_true_test,TKN,6,0.56
y_true_test,TKN,6,0.56
y_true_test,TKN,6,0.34
y_true_test,TKN,6,0.69
y_true_test,TKN,6,0.3
y_true_test,TKN,6,0.26
y_true_test,TKN,6,0.63
y_true_test,TKN,6,0.49
y_true_test,TKN,6,1.22
y_true_test,TKN,6,0.48
y_true_test,TKN,6,0.58
y_true_test,TKN,6,0.43
y_true_test,TKN,6,0.48
y_true_test,TKN,6,0.3
y_true_test,TKN,6,0.34
test_ind,TKN,6,97.0
test_ind,TKN,6,257.0
test_ind,TKN,6,248.0
test_ind,TKN,6,14.0
test_ind,TKN,6,28.0
test_ind,TKN,6,167.0
test_ind,TKN,6,232.0
test_ind,TKN,6,166.0
test_ind,TKN,6,243.0
test_ind,TKN,6,120.0
test_ind,TKN,6,236.0
test_ind,TKN,6,98.0
test_ind,TKN,6,17.0
test_ind,TKN,6,71.0
test_ind,TKN,6,252.0
test_ind,TKN,6,258.0
test_ind,TKN,6,27.0
test_ind,TKN,6,69.0
test_ind,TKN,6,211.0
test_ind,TKN,6,42.0
train_ind,TKN,6,59.0
train_ind,TKN,6,96.0
train_ind,TKN,6,233.0
train_ind,TKN,6,65.0
train_ind,TKN,6,61.0
train_ind,TKN,6,137.0
train_ind,TKN,6,139.0
train_ind,TKN,6,238.0
train_ind,TKN,6,140.0
train_ind,TKN,6,213.0
train_ind,TKN,6,57.0
train_ind,TKN,6,118.0
train_ind,TKN,6,138.0
train_ind,TKN,6,67.0
train_ind,TKN,6,237.0
train_ind,TKN,6,247.0
train_ind,TKN,6,214.0
train_ind,TKN,6,23.0
train_ind,TKN,6,169.0
train_ind,TKN,6,99.0
train_ind,TKN,6,95.0
train_ind,TKN,6,250.0
train_ind,TKN,6,39.0
train_ind,TKN,6,16.0
train_ind,TKN,6,29.0
train_ind,TKN,6,212.0
train_ind,TKN,6,20.0
train_ind,TKN,6,188.0
train_ind,TKN,6,186.0
train_ind,TKN,6,119.0
train_ind,TKN,6,189.0
train_ind,TKN,6,73.0
train_ind,TKN,6,41.0
train_ind,TKN,6,38.0
train_ind,TKN,6,15.0
train_ind,TKN,6,72.0
train_ind,TKN,6,55.0
train_ind,TKN,6,249.0
train_ind,TKN,6,43.0
train_ind,TKN,6,187.0
train_ind,TKN,6,168.0
train_ind,TKN,6,64.0
train_ind,TKN,6,136.0
train_ind,TKN,6,34.0
train_ind,TKN,6,36.0
test_rsq,TKN,6,0.47221238019748357
train_rsq,TKN,6,0.4501479082871068
test_rmse,TKN,6,0.17766912451482322
train_rmse,TKN,6,0.17662428129655774
test_mape,TKN,6,29.49952186573545
train_mape,TKN,6,96.5150188901946
n_comp,TKN,6,3.0
y_hat_test,TKN,7,0.4557091449555198
y_hat_test,TKN,7,0.8764433021300235
y_hat_test,TKN,7,0.5681762955292666
y_hat_test,TKN,7,0.3752996823307073
y_hat_test,TKN,7,0.8159029307590255
y_hat_test,TKN,7,0.41075559681472906
y_hat_test,TKN,7,0.7451101982401921
y_hat_test,TKN,7,0.31709564380857524
y_hat_test,TKN,7,0.43927471905570054
y_hat_test,TKN,7,0.6665138941093752
y_hat_test,TKN,7,0.5345741321925689
y_hat_test,TKN,7,0.895893894562901
y_hat_test,TKN,7,0.5363220977611529
y_hat_test,TKN,7,0.5963500918831998
y_hat_test,TKN,7,0.5238228215766524
y_hat_test,TKN,7,0.760541797766547
y_hat_test,TKN,7,0.3578402687192337
y_hat_test,TKN,7,0.563839812959924
y_hat_test,TKN,7,0.6927201834901202
y_hat_test,TKN,7,0.6386371123668216
y_hat_train,TKN,7,0.6199007459072501
y_hat_train,TKN,7,0.4503032383705372
y_hat_train,TKN,7,0.7546226455224436
y_hat_train,TKN,7,0.3909562244588476
y_hat_train,TKN,7,0.4771601945964099
y_hat_train,TKN,7,0.6026236550133833
y_hat_train,TKN,7,0.6973861151609073
y_hat_train,TKN,7,0.3882443787557158
y_hat_train,TKN,7,0.4206959041524775
y_hat_train,TKN,7,0.5012183478892096
y_hat_train,TKN,7,0.7347669717764931
y_hat_train,TKN,7,0.41629159284676165
y_hat_train,TKN,7,0.6832677037072719
y_hat_train,TKN,7,0.5752420341151366
y_hat_train,TKN,7,0.3059686360595888
y_hat_train,TKN,7,0.40496584204772235
y_hat_train,TKN,7,0.4407327096809747
y_hat_train,TKN,7,0.6694465927144598
y_hat_train,TKN,7,1.1773399924873278
y_hat_train,TKN,7,0.5733878659556819
y_hat_train,TKN,7,0.6507968072798832
y_hat_train,TKN,7,0.5501024938466439
y_hat_train,TKN,7,1.1398832074629275
y_hat_train,TKN,7,0.3368817543899026
y_hat_train,TKN,7,0.6659197026386907
y_hat_train,TKN,7,1.0989996654930465
y_hat_train,TKN,7,0.37813169383107625
y_hat_train,TKN,7,0.7163381517761797
y_hat_train,TKN,7,0.47391349019047485
y_hat_train,TKN,7,0.694902589214211
y_hat_train,TKN,7,0.4879541876263652
y_hat_train,TKN,7,0.7323541632945414
y_hat_train,TKN,7,0.41083063280212767
y_hat_train,TKN,7,0.5829896688470527
y_hat_train,TKN,7,0.544855685662276
y_hat_train,TKN,7,0.5303236520940873
y_hat_train,TKN,7,0.5439565919752251
y_hat_train,TKN,7,0.5097886084063399
y_hat_train,TKN,7,0.43972262974079634
y_hat_train,TKN,7,0.5149182429777642
y_hat_train,TKN,7,0.5640516263644162
y_hat_train,TKN,7,0.5056459756712584
y_hat_train,TKN,7,0.8751371614724033
y_hat_train,TKN,7,0.7038696542518172
y_hat_train,TKN,7,0.6932105714718946
y_true_train,TKN,7,0.62
y_true_train,TKN,7,0.56
y_true_train,TKN,7,0.89
y_true_train,TKN,7,0.46
y_true_train,TKN,7,0.48
y_true_train,TKN,7,0.77
y_true_train,TKN,7,0.76
y_true_train,TKN,7,0.34
y_true_train,TKN,7,0.3
y_true_train,TKN,7,0.63
y_true_train,TKN,7,0.58
y_true_train,TKN,7,0.36
y_true_train,TKN,7,0.73
y_true_train,TKN,7,0.77
y_true_train,TKN,7,0.39
y_true_train,TKN,7,0.59
y_true_train,TKN,7,0.3
y_true_train,TKN,7,1.0
y_true_train,TKN,7,1.22
y_true_train,TKN,7,0.44
y_true_train,TKN,7,0.67
y_true_train,TKN,7,0.43
y_true_train,TKN,7,1.01
y_true_train,TKN,7,0.32
y_true_train,TKN,7,0.76
y_true_train,TKN,7,1.07
y_true_train,TKN,7,0.41
y_true_train,TKN,7,0.69
y_true_train,TKN,7,0.43
y_true_train,TKN,7,0.72
y_true_train,TKN,7,0.36
y_true_train,TKN,7,0.64
y_true_train,TKN,7,0.48
y_true_train,TKN,7,0.57
y_true_train,TKN,7,0.52
y_true_train,TKN,7,0.34
y_true_train,TKN,7,0.67
y_true_train,TKN,7,0.28
y_true_train,TKN,7,0.48
y_true_train,TKN,7,0.46
y_true_train,TKN,7,0.49
y_true_train,TKN,7,0.26
y_true_train,TKN,7,0.87
y_true_train,TKN,7,0.87
y_true_train,TKN,7,0.64
y_true_test,TKN,7,0.39
y_true_test,TKN,7,0.83
y_true_test,TKN,7,0.56
y_true_test,TKN,7,0.4
y_true_test,TKN,7,1.18
y_true_test,TKN,7,0.34
y_true_test,TKN,7,0.56
y_true_test,TKN,7,0.01
y_true_test,TKN,7,0.46
y_true_test,TKN,7,0.58
y_true_test,TKN,7,0.44
y_true_test,TKN,7,0.7
y_true_test,TKN,7,0.43
y_true_test,TKN,7,0.39
y_true_test,TKN,7,0.92
y_true_test,TKN,7,0.62
y_true_test,TKN,7,0.22
y_true_test,TKN,7,0.67
y_true_test,TKN,7,0.96
y_true_test,TKN,7,0.85
test_ind,TKN,7,95.0
test_ind,TKN,7,16.0
test_ind,TKN,7,167.0
test_ind,TKN,7,238.0
test_ind,TKN,7,59.0
test_ind,TKN,7,213.0
test_ind,TKN,7,232.0
test_ind,TKN,7,57.0
test_ind,TKN,7,119.0
test_ind,TKN,7,258.0
test_ind,TKN,7,99.0
test_ind,TKN,7,43.0
test_ind,TKN,7,65.0
test_ind,TKN,7,137.0
test_ind,TKN,7,64.0
test_ind,TKN,7,41.0
test_ind,TKN,7,214.0
test_ind,TKN,7,97.0
test_ind,TKN,7,118.0
test_ind,TKN,7,36.0
train_ind,TKN,7,186.0
train_ind,TKN,7,39.0
train_ind,TKN,7,67.0
train_ind,TKN,7,212.0
train_ind,TKN,7,138.0
train_ind,TKN,7,15.0
train_ind,TKN,7,55.0
train_ind,TKN,7,166.0
train_ind,TKN,7,211.0
train_ind,TKN,7,98.0
train_ind,TKN,7,249.0
train_ind,TKN,7,250.0
train_ind,TKN,7,136.0
train_ind,TKN,7,187.0
train_ind,TKN,7,237.0
train_ind,TKN,7,34.0
train_ind,TKN,7,120.0
train_ind,TKN,7,169.0
train_ind,TKN,7,71.0
train_ind,TKN,7,23.0
train_ind,TKN,7,248.0
train_ind,TKN,7,27.0
train_ind,TKN,7,38.0
train_ind,TKN,7,14.0
train_ind,TKN,7,28.0
train_ind,TKN,7,257.0
train_ind,TKN,7,139.0
train_ind,TKN,7,243.0
train_ind,TKN,7,233.0
train_ind,TKN,7,73.0
train_ind,TKN,7,168.0
train_ind,TKN,7,188.0
train_ind,TKN,7,252.0
train_ind,TKN,7,29.0
train_ind,TKN,7,247.0
train_ind,TKN,7,42.0
train_ind,TKN,7,96.0
train_ind,TKN,7,140.0
train_ind,TKN,7,69.0
train_ind,TKN,7,61.0
train_ind,TKN,7,17.0
train_ind,TKN,7,236.0
train_ind,TKN,7,72.0
train_ind,TKN,7,20.0
train_ind,TKN,7,189.0
test_rsq,TKN,7,0.5144798836716793
train_rsq,TKN,7,0.723818812149868
test_rmse,TKN,7,0.1878173119598006
train_rmse,TKN,7,0.11925537543175745
test_mape,TKN,7,176.46161501370094
train_mape,TKN,7,19.36641437466786
n_comp,TKN,7,6.0
y_hat_test,TKN,8,0.520727416286777
y_hat_test,TKN,8,0.5949171612319213
y_hat_test,TKN,8,0.4738639656276712
y_hat_test,TKN,8,0.3874998629007861
y_hat_test,TKN,8,0.9485816837993634
y_hat_test,TKN,8,0.6916740271435068
y_hat_test,TKN,8,0.712796617683378
y_hat_test,TKN,8,0.46847847896451006
y_hat_test,TKN,8,0.42922436307139245
y_hat_test,TKN,8,0.8216687164105668
y_hat_test,TKN,8,0.6094790881503598
y_hat_test,TKN,8,0.5993484141961447
y_hat_test,TKN,8,0.7399623268490743
y_hat_test,TKN,8,0.577178512898347
y_hat_test,TKN,8,1.030810724129033
y_hat_test,TKN,8,0.6698767213592596
y_hat_test,TKN,8,0.4812732174799352
y_hat_test,TKN,8,0.5477995090539547
y_hat_test,TKN,8,0.5658220603249898
y_hat_test,TKN,8,0.4776705018384242
y_hat_train,TKN,8,0.5854895077509041
y_hat_train,TKN,8,0.5193936690940869
y_hat_train,TKN,8,0.5749418340138351
y_hat_train,TKN,8,0.6013649144222145
y_hat_train,TKN,8,0.38492713398207523
y_hat_train,TKN,8,0.45350793294630737
y_hat_train,TKN,8,0.6535349291254348
y_hat_train,TKN,8,0.4648853919263969
y_hat_train,TKN,8,0.8142908891848493
y_hat_train,TKN,8,0.3736738050373869
y_hat_train,TKN,8,0.4497292139998902
y_hat_train,TKN,8,0.5543958970459346
y_hat_train,TKN,8,0.5271559401020389
y_hat_train,TKN,8,0.50356820484952
y_hat_train,TKN,8,0.662338671638636
y_hat_train,TKN,8,0.43897004385290894
y_hat_train,TKN,8,0.36917352765120787
y_hat_train,TKN,8,0.5164084349063397
y_hat_train,TKN,8,0.8819579211800412
y_hat_train,TKN,8,0.99853792158063
y_hat_train,TKN,8,0.7944042174904502
y_hat_train,TKN,8,0.5132732718768659
y_hat_train,TKN,8,0.41634258913591704
y_hat_train,TKN,8,0.7322514940168396
y_hat_train,TKN,8,0.4599123312936717
y_hat_train,TKN,8,0.5437469677625676
y_hat_train,TKN,8,0.8409466818294495
y_hat_train,TKN,8,0.5073419165225662
y_hat_train,TKN,8,0.6383202760966905
y_hat_train,TKN,8,0.9317512435549853
y_hat_train,TKN,8,0.426903496946893
y_hat_train,TKN,8,0.5857171133352532
y_hat_train,TKN,8,0.5231185629943003
y_hat_train,TKN,8,0.4984763794310678
y_hat_train,TKN,8,0.7088926890943583
y_hat_train,TKN,8,0.39171918682402307
y_hat_train,TKN,8,0.39115916511960946
y_hat_train,TKN,8,0.49016930862155456
y_hat_train,TKN,8,0.3977360008756953
y_hat_train,TKN,8,0.318193073321397
y_hat_train,TKN,8,0.5222432237778843
y_hat_train,TKN,8,0.4966537661589007
y_hat_train,TKN,8,0.6640100713501197
y_hat_train,TKN,8,0.7521596499928329
y_hat_train,TKN,8,0.6063115382854662
y_true_train,TKN,8,0.43
y_true_train,TKN,8,0.56
y_true_train,TKN,8,1.0
y_true_train,TKN,8,0.58
y_true_train,TKN,8,0.32
y_true_train,TKN,8,0.26
y_true_train,TKN,8,0.73
y_true_train,TKN,8,0.48
y_true_train,TKN,8,0.69
y_true_train,TKN,8,0.39
y_true_train,TKN,8,0.92
y_true_train,TKN,8,0.44
y_true_train,TKN,8,0.89
y_true_train,TKN,8,0.43
y_true_train,TKN,8,0.67
y_true_train,TKN,8,0.4
y_true_train,TKN,8,0.01
y_true_train,TKN,8,0.36
y_true_train,TKN,8,0.83
y_true_train,TKN,8,1.07
y_true_train,TKN,8,0.76
y_true_train,TKN,8,0.87
y_true_train,TKN,8,0.34
y_true_train,TKN,8,0.67
y_true_train,TKN,8,0.41
y_true_train,TKN,8,0.34
y_true_train,TKN,8,1.18
y_true_train,TKN,8,0.3
y_true_train,TKN,8,0.67
y_true_train,TKN,8,0.7
y_true_train,TKN,8,0.59
y_true_train,TKN,8,0.62
y_true_train,TKN,8,0.62
y_true_train,TKN,8,0.39
y_true_train,TKN,8,0.85
y_true_train,TKN,8,0.22
y_true_train,TKN,8,0.46
y_true_train,TKN,8,0.43
y_true_train,TKN,8,0.77
y_true_train,TKN,8,0.3
y_true_train,TKN,8,0.34
y_true_train,TKN,8,0.46
y_true_train,TKN,8,0.57
y_true_train,TKN,8,0.72
y_true_train,TKN,8,0.44
y_true_test,TKN,8,0.76
y_true_test,TKN,8,0.49
y_true_test,TKN,8,0.46
y_true_test,TKN,8,0.28
y_true_test,TKN,8,1.22
y_true_test,TKN,8,0.77
y_true_test,TKN,8,0.48
y_true_test,TKN,8,0.56
y_true_test,TKN,8,0.36
y_true_test,TKN,8,0.87
y_true_test,TKN,8,0.52
y_true_test,TKN,8,0.39
y_true_test,TKN,8,0.96
y_true_test,TKN,8,0.64
y_true_test,TKN,8,1.01
y_true_test,TKN,8,0.58
y_true_test,TKN,8,0.64
y_true_test,TKN,8,0.63
y_true_test,TKN,8,0.56
y_true_test,TKN,8,0.48
test_ind,TKN,8,55.0
test_ind,TKN,8,17.0
test_ind,TKN,8,119.0
test_ind,TKN,8,140.0
test_ind,TKN,8,71.0
test_ind,TKN,8,15.0
test_ind,TKN,8,138.0
test_ind,TKN,8,39.0
test_ind,TKN,8,250.0
test_ind,TKN,8,72.0
test_ind,TKN,8,247.0
test_ind,TKN,8,137.0
test_ind,TKN,8,118.0
test_ind,TKN,8,189.0
test_ind,TKN,8,38.0
test_ind,TKN,8,258.0
test_ind,TKN,8,188.0
test_ind,TKN,8,98.0
test_ind,TKN,8,167.0
test_ind,TKN,8,69.0
train_ind,TKN,8,27.0
train_ind,TKN,8,232.0
train_ind,TKN,8,169.0
train_ind,TKN,8,249.0
train_ind,TKN,8,14.0
train_ind,TKN,8,236.0
train_ind,TKN,8,136.0
train_ind,TKN,8,252.0
train_ind,TKN,8,243.0
train_ind,TKN,8,237.0
train_ind,TKN,8,64.0
train_ind,TKN,8,99.0
train_ind,TKN,8,67.0
train_ind,TKN,8,233.0
train_ind,TKN,8,96.0
train_ind,TKN,8,238.0
train_ind,TKN,8,57.0
train_ind,TKN,8,168.0
train_ind,TKN,8,16.0
train_ind,TKN,8,257.0
train_ind,TKN,8,28.0
train_ind,TKN,8,20.0
train_ind,TKN,8,213.0
train_ind,TKN,8,248.0
train_ind,TKN,8,139.0
train_ind,TKN,8,42.0
train_ind,TKN,8,59.0
train_ind,TKN,8,120.0
train_ind,TKN,8,97.0
train_ind,TKN,8,43.0
train_ind,TKN,8,34.0
train_ind,TKN,8,41.0
train_ind,TKN,8,186.0
train_ind,TKN,8,95.0
train_ind,TKN,8,36.0
train_ind,TKN,8,214.0
train_ind,TKN,8,212.0
train_ind,TKN,8,65.0
train_ind,TKN,8,187.0
train_ind,TKN,8,211.0
train_ind,TKN,8,166.0
train_ind,TKN,8,61.0
train_ind,TKN,8,29.0
train_ind,TKN,8,73.0
train_ind,TKN,8,23.0
test_rsq,TKN,8,0.6491003741948629
train_rsq,TKN,8,0.42662775984215406
test_rmse,TKN,8,0.13678566791720437
train_rmse,TKN,8,0.18360957377505036
test_mape,TKN,8,18.845058876925723
train_mape,TKN,8,103.8702418400236
n_comp,TKN,8,2.0
y_hat_test,TKN,9,0.4037132061936818
y_hat_test,TKN,9,0.5794604805745529
y_hat_test,TKN,9,0.6646494865950443
y_hat_test,TKN,9,0.6410900445113785
y_hat_test,TKN,9,0.5440514470504019
y_hat_test,TKN,9,0.558717902379555
y_hat_test,TKN,9,0.9745644342494502
y_hat_test,TKN,9,0.589128710262605
y_hat_test,TKN,9,0.49038632180658365
y_hat_test,TKN,9,0.6094765925251171
y_hat_test,TKN,9,0.5441143812864069
y_hat_test,TKN,9,0.7694044971573395
y_hat_test,TKN,9,0.6865951792738924
y_hat_test,TKN,9,0.9607065309893315
y_hat_test,TKN,9,0.3407704197965428
y_hat_test,TKN,9,0.614965590311528
y_hat_test,TKN,9,0.9646557081501049
y_hat_test,TKN,9,0.5087958249607041
y_hat_test,TKN,9,0.7647676512264228
y_hat_test,TKN,9,0.6264121729758589
y_hat_train,TKN,9,0.4151222365520656
y_hat_train,TKN,9,0.611319786253081
y_hat_train,TKN,9,0.5967237034845406
y_hat_train,TKN,9,0.6100549079854621
y_hat_train,TKN,9,0.7390860631682987
y_hat_train,TKN,9,0.5597836934762966
y_hat_train,TKN,9,0.7134292497631975
y_hat_train,TKN,9,0.3654524547672457
y_hat_train,TKN,9,0.6182202170702306
y_hat_train,TKN,9,0.7786298051575786
y_hat_train,TKN,9,0.6209148662015038
y_hat_train,TKN,9,1.1737726422380002
y_hat_train,TKN,9,0.43452786926041387
y_hat_train,TKN,9,0.30310945063847033
y_hat_train,TKN,9,0.7194034587174231
y_hat_train,TKN,9,0.6763984799084215
y_hat_train,TKN,9,0.4017169840518615
y_hat_train,TKN,9,0.5900077396400217
y_hat_train,TKN,9,0.3909183176974729
y_hat_train,TKN,9,1.2100089833355745
y_hat_train,TKN,9,0.7519795373673017
y_hat_train,TKN,9,0.6894239082679743
y_hat_train,TKN,9,0.4251856960610747
y_hat_train,TKN,9,0.9399746453074174
y_hat_train,TKN,9,0.45724059481938606
y_hat_train,TKN,9,0.5076148683999007
y_hat_train,TKN,9,0.5460592018550862
y_hat_train,TKN,9,0.6432585138593767
y_hat_train,TKN,9,1.1738257535996817
y_hat_train,TKN,9,0.7585778946684765
y_hat_train,TKN,9,0.35725643270025514
y_hat_train,TKN,9,0.6193739254191176
y_hat_train,TKN,9,0.6329911913619143
y_hat_train,TKN,9,0.4618319890152453
y_hat_train,TKN,9,0.4943303647668015
y_hat_train,TKN,9,0.48567684123055543
y_hat_train,TKN,9,0.42645003602570486
y_hat_train,TKN,9,0.401783715181588
y_hat_train,TKN,9,0.6963295272973257
y_hat_train,TKN,9,0.4208164661899211
y_hat_train,TKN,9,0.6456678573478972
y_hat_train,TKN,9,0.7645182352009854
y_hat_train,TKN,9,0.6561039025619301
y_hat_train,TKN,9,0.3870703382061127
y_hat_train,TKN,9,0.5280576539218077
y_true_train,TKN,9,0.34
y_true_train,TKN,9,0.92
y_true_train,TKN,9,0.49
y_true_train,TKN,9,0.43
y_true_train,TKN,9,0.87
y_true_train,TKN,9,0.57
y_true_train,TKN,9,1.0
y_true_train,TKN,9,0.22
y_true_train,TKN,9,0.77
y_true_train,TKN,9,0.72
y_true_train,TKN,9,0.62
y_true_train,TKN,9,1.07
y_true_train,TKN,9,0.3
y_true_train,TKN,9,0.39
y_true_train,TKN,9,0.62
y_true_train,TKN,9,0.76
y_true_train,TKN,9,0.59
y_true_train,TKN,9,0.46
y_true_train,TKN,9,0.48
y_true_train,TKN,9,1.01
y_true_train,TKN,9,0.73
y_true_train,TKN,9,0.58
y_true_train,TKN,9,0.48
y_true_train,TKN,9,1.18
y_true_train,TKN,9,0.56
y_true_train,TKN,9,0.36
y_true_train,TKN,9,0.52
y_true_train,TKN,9,0.85
y_true_train,TKN,9,1.22
y_true_train,TKN,9,0.64
y_true_train,TKN,9,0.32
y_true_train,TKN,9,0.67
y_true_train,TKN,9,0.67
y_true_train,TKN,9,0.46
y_true_train,TKN,9,0.39
y_true_train,TKN,9,0.43
y_true_train,TKN,9,0.46
y_true_train,TKN,9,0.34
y_true_train,TKN,9,0.56
y_true_train,TKN,9,0.36
y_true_train,TKN,9,0.77
y_true_train,TKN,9,0.89
y_true_train,TKN,9,0.67
y_true_train,TKN,9,0.4
y_true_train,TKN,9,0.26
y_true_test,TKN,9,0.41
y_true_test,TKN,9,0.43
y_true_test,TKN,9,0.76
y_true_test,TKN,9,0.39
y_true_test,TKN,9,0.63
y_true_test,TKN,9,0.44
y_true_test,TKN,9,0.83
y_true_test,TKN,9,0.56
y_true_test,TKN,9,0.48
y_true_test,TKN,9,0.28
y_true_test,TKN,9,0.34
y_true_test,TKN,9,0.96
y_true_test,TKN,9,0.58
y_true_test,TKN,9,0.87
y_true_test,TKN,9,0.01
y_true_test,TKN,9,0.44
y_true_test,TKN,9,0.7
y_true_test,TKN,9,0.3
y_true_test,TKN,9,0.69
y_true_test,TKN,9,0.64
test_ind,TKN,9,139.0
test_ind,TKN,9,27.0
test_ind,TKN,9,28.0
test_ind,TKN,9,137.0
test_ind,TKN,9,98.0
test_ind,TKN,9,99.0
test_ind,TKN,9,16.0
test_ind,TKN,9,167.0
test_ind,TKN,9,69.0
test_ind,TKN,9,140.0
test_ind,TKN,9,42.0
test_ind,TKN,9,118.0
test_ind,TKN,9,258.0
test_ind,TKN,9,72.0
test_ind,TKN,9,57.0
test_ind,TKN,9,23.0
test_ind,TKN,9,43.0
test_ind,TKN,9,211.0
test_ind,TKN,9,243.0
test_ind,TKN,9,189.0
train_ind,TKN,9,213.0
train_ind,TKN,9,64.0
train_ind,TKN,9,17.0
train_ind,TKN,9,65.0
train_ind,TKN,9,20.0
train_ind,TKN,9,29.0
train_ind,TKN,9,169.0
train_ind,TKN,9,214.0
train_ind,TKN,9,187.0
train_ind,TKN,9,73.0
train_ind,TKN,9,186.0
train_ind,TKN,9,257.0
train_ind,TKN,9,120.0
train_ind,TKN,9,237.0
train_ind,TKN,9,41.0
train_ind,TKN,9,55.0
train_ind,TKN,9,34.0
train_ind,TKN,9,61.0
train_ind,TKN,9,138.0
train_ind,TKN,9,38.0
train_ind,TKN,9,136.0
train_ind,TKN,9,249.0
train_ind,TKN,9,252.0
train_ind,TKN,9,59.0
train_ind,TKN,9,39.0
train_ind,TKN,9,168.0
train_ind,TKN,9,247.0
train_ind,TKN,9,36.0
train_ind,TKN,9,71.0
train_ind,TKN,9,188.0
train_ind,TKN,9,14.0
train_ind,TKN,9,96.0
train_ind,TKN,9,97.0
train_ind,TKN,9,119.0
train_ind,TKN,9,95.0
train_ind,TKN,9,233.0
train_ind,TKN,9,212.0
train_ind,TKN,9,166.0
train_ind,TKN,9,232.0
train_ind,TKN,9,250.0
train_ind,TKN,9,15.0
train_ind,TKN,9,67.0
train_ind,TKN,9,248.0
train_ind,TKN,9,238.0
train_ind,TKN,9,236.0
test_rsq,TKN,9,0.4007847163321223
train_rsq,TKN,9,0.7179297398401647
test_rmse,TKN,9,0.17369826927163468
train_rmse,TKN,9,0.1299833079617727
test_mape,TKN,9,193.6411635567815
train_mape,TKN,9,19.91373516669682
n_comp,TKN,9,6.0
y_hat_test,TKN,10,0.4731552690334472
y_hat_test,TKN,10,0.8851858566084994
y_hat_test,TKN,10,0.4846697133891081
y_hat_test,TKN,10,0.582366729221993
y_hat_test,TKN,10,0.5935662113315078
y_hat_test,TKN,10,0.8294455396435383
y_hat_test,TKN,10,0.5070553967313964
y_hat_test,TKN,10,0.5603929983552268
y_hat_test,TKN,10,0.42070318547691565
y_hat_test,TKN,10,0.7445281549104097
y_hat_test,TKN,10,0.4588557564117929
y_hat_test,TKN,10,0.3943285209053419
y_hat_test,TKN,10,0.3244982687709604
y_hat_test,TKN,10,0.5618523919430402
y_hat_test,TKN,10,0.49525873411212784
y_hat_test,TKN,10,0.5833043201404225
y_hat_test,TKN,10,0.7006618435907408
y_hat_test,TKN,10,0.7278378842280067
y_hat_test,TKN,10,0.9704003508841009
y_hat_test,TKN,10,0.2974114329969329
y_hat_train,TKN,10,0.6570639220492396
y_hat_train,TKN,10,0.6647866997731608
y_hat_train,TKN,10,0.7897541734574655
y_hat_train,TKN,10,0.49817151534578225
y_hat_train,TKN,10,0.8297683669884572
y_hat_train,TKN,10,0.5826517171965961
y_hat_train,TKN,10,0.45214264893912826
y_hat_train,TKN,10,0.6751177662120101
y_hat_train,TKN,10,0.3781526403616142
y_hat_train,TKN,10,0.6791150733227939
y_hat_train,TKN,10,0.520879005818612
y_hat_train,TKN,10,0.5785397228011337
y_hat_train,TKN,10,0.6857657904797755
y_hat_train,TKN,10,0.5618228489586241
y_hat_train,TKN,10,0.3051054005540934
y_hat_train,TKN,10,0.7704298333033781
y_hat_train,TKN,10,0.5452001055111735
y_hat_train,TKN,10,0.6102913330185485
y_hat_train,TKN,10,0.6485737413304121
y_hat_train,TKN,10,0.4850973092817802
y_hat_train,TKN,10,0.5510687631770218
y_hat_train,TKN,10,0.6641735812457784
y_hat_train,TKN,10,0.47817382280207577
y_hat_train,TKN,10,1.2290183637737666
y_hat_train,TKN,10,0.9840421232872332
y_hat_train,TKN,10,0.6985333468348134
y_hat_train,TKN,10,0.6508715802697114
y_hat_train,TKN,10,0.3838025440637807
y_hat_train,TKN,10,0.5621446554987
y_hat_train,TKN,10,0.4698476146275029
y_hat_train,TKN,10,0.6792526784175368
y_hat_train,TKN,10,0.6439491359788114
y_hat_train,TKN,10,0.597008111479751
y_hat_train,TKN,10,0.6836103943447523
y_hat_train,TKN,10,0.3826820743504864
y_hat_train,TKN,10,0.3943015700842881
y_hat_train,TKN,10,0.6900801790529917
y_hat_train,TKN,10,0.8641683333220898
y_hat_train,TKN,10,0.6971137688770875
y_hat_train,TKN,10,0.40658480327526975
y_hat_train,TKN,10,0.3566104982893932
y_hat_train,TKN,10,0.8877976207370473
y_hat_train,TKN,10,0.6345676439052488
y_hat_train,TKN,10,0.3625163973735849
y_hat_train,TKN,10,0.32965078022749705
y_true_train,TKN,10,0.85
y_true_train,TKN,10,0.62
y_true_train,TKN,10,0.96
y_true_train,TKN,10,0.3
y_true_train,TKN,10,1.18
y_true_train,TKN,10,0.87
y_true_train,TKN,10,0.26
y_true_train,TKN,10,0.77
y_true_train,TKN,10,0.56
y_true_train,TKN,10,0.73
y_true_train,TKN,10,0.44
y_true_train,TKN,10,0.63
y_true_train,TKN,10,0.89
y_true_train,TKN,10,0.52
y_true_train,TKN,10,0.39
y_true_train,TKN,10,0.69
y_true_train,TKN,10,0.41
y_true_train,TKN,10,0.44
y_true_train,TKN,10,0.62
y_true_train,TKN,10,0.34
y_true_train,TKN,10,0.77
y_true_train,TKN,10,0.56
y_true_train,TKN,10,0.46
y_true_train,TKN,10,1.22
y_true_train,TKN,10,1.01
y_true_train,TKN,10,0.64
y_true_train,TKN,10,0.76
y_true_train,TKN,10,0.48
y_true_train,TKN,10,0.34
y_true_train,TKN,10,0.36
y_true_train,TKN,10,0.58
y_true_train,TKN,10,0.58
y_true_train,TKN,10,0.57
y_true_train,TKN,10,0.67
y_true_train,TKN,10,0.4
y_true_train,TKN,10,0.3
y_true_train,TKN,10,0.67
y_true_train,TKN,10,0.87
y_true_train,TKN,10,0.67
y_true_train,TKN,10,0.46
y_true_train,TKN,10,0.32
y_true_train,TKN,10,0.7
y_true_train,TKN,10,0.39
y_true_train,TKN,10,0.36
y_true_train,TKN,10,0.59
y_true_test,TKN,10,0.92
y_true_test,TKN,10,0.83
y_true_test,TKN,10,0.43
y_true_test,TKN,10,0.49
y_true_test,TKN,10,0.43
y_true_test,TKN,10,0.48
y_true_test,TKN,10,0.46
y_true_test,TKN,10,1.0
y_true_test,TKN,10,0.34
y_true_test,TKN,10,0.72
y_true_test,TKN,10,0.48
y_true_test,TKN,10,0.28
y_true_test,TKN,10,0.01
y_true_test,TKN,10,0.39
y_true_test,TKN,10,0.43
y_true_test,TKN,10,0.56
y_true_test,TKN,10,0.76
y_true_test,TKN,10,0.64
y_true_test,TKN,10,1.07
y_true_test,TKN,10,0.22
test_ind,TKN,10,64.0
test_ind,TKN,10,16.0
test_ind,TKN,10,233.0
test_ind,TKN,10,17.0
test_ind,TKN,10,27.0
test_ind,TKN,10,138.0
test_ind,TKN,10,61.0
test_ind,TKN,10,169.0
test_ind,TKN,10,213.0
test_ind,TKN,10,73.0
test_ind,TKN,10,69.0
test_ind,TKN,10,140.0
test_ind,TKN,10,57.0
test_ind,TKN,10,95.0
test_ind,TKN,10,65.0
test_ind,TKN,10,167.0
test_ind,TKN,10,28.0
test_ind,TKN,10,188.0
test_ind,TKN,10,257.0
test_ind,TKN,10,214.0
train_ind,TKN,10,36.0
train_ind,TKN,10,186.0
train_ind,TKN,10,118.0
train_ind,TKN,10,120.0
train_ind,TKN,10,59.0
train_ind,TKN,10,20.0
train_ind,TKN,10,236.0
train_ind,TKN,10,15.0
train_ind,TKN,10,39.0
train_ind,TKN,10,136.0
train_ind,TKN,10,99.0
train_ind,TKN,10,98.0
train_ind,TKN,10,67.0
train_ind,TKN,10,247.0
train_ind,TKN,10,237.0
train_ind,TKN,10,243.0
train_ind,TKN,10,139.0
train_ind,TKN,10,23.0
train_ind,TKN,10,41.0
train_ind,TKN,10,42.0
train_ind,TKN,10,187.0
train_ind,TKN,10,232.0
train_ind,TKN,10,119.0
train_ind,TKN,10,71.0
train_ind,TKN,10,38.0
train_ind,TKN,10,189.0
train_ind,TKN,10,55.0
train_ind,TKN,10,252.0
train_ind,TKN,10,166.0
train_ind,TKN,10,168.0
train_ind,TKN,10,249.0
train_ind,TKN,10,258.0
train_ind,TKN,10,29.0
train_ind,TKN,10,248.0
train_ind,TKN,10,238.0
train_ind,TKN,10,211.0
train_ind,TKN,10,97.0
train_ind,TKN,10,72.0
train_ind,TKN,10,96.0
train_ind,TKN,10,212.0
train_ind,TKN,10,14.0
train_ind,TKN,10,43.0
train_ind,TKN,10,137.0
train_ind,TKN,10,250.0
train_ind,TKN,10,34.0
test_rsq,TKN,10,0.4629004996740299
train_rsq,TKN,10,0.6308757490768158
test_rmse,TKN,10,0.19230142406374262
train_rmse,TKN,10,0.13887852026351416
test_mape,TKN,10,179.93028991902236
train_mape,TKN,10,20.922431635674105
n_comp,TKN,10,4.0
y_hat_test,TKN,11,0.228527366450819
y_hat_test,TKN,11,0.6265753003688794
y_hat_test,TKN,11,0.7780365974925803
y_hat_test,TKN,11,0.5286453999446785
y_hat_test,TKN,11,0.1794448284089884
y_hat_test,TKN,11,0.49332362645758115
y_hat_test,TKN,11,0.45546205091706915
y_hat_test,TKN,11,0.5713931495446022
y_hat_test,TKN,11,0.32621403567435975
y_hat_test,TKN,11,0.9339705269353165
y_hat_test,TKN,11,0.540079095712241
y_hat_test,TKN,11,0.685611433526392
y_hat_test,TKN,11,0.6310374582762424
y_hat_test,TKN,11,0.3778406877892059
y_hat_test,TKN,11,0.6162405466808438
y_hat_test,TKN,11,0.7191189577524614
y_hat_test,TKN,11,0.5720154824753251
y_hat_test,TKN,11,0.4887498755479095
y_hat_test,TKN,11,0.5781379118463655
y_hat_test,TKN,11,0.7122294401187536
y_hat_train,TKN,11,0.4485608803446442
y_hat_train,TKN,11,0.48811220250044834
y_hat_train,TKN,11,0.6575349907672111
y_hat_train,TKN,11,0.45357615231023096
y_hat_train,TKN,11,0.9920259494518018
y_hat_train,TKN,11,0.6341135024593554
y_hat_train,TKN,11,0.3875270904740796
y_hat_train,TKN,11,0.5580867300814734
y_hat_train,TKN,11,0.46784829184436705
y_hat_train,TKN,11,0.32505064886903773
y_hat_train,TKN,11,0.9437365851381
y_hat_train,TKN,11,0.7627448796821983
y_hat_train,TKN,11,0.27334544118578386
y_hat_train,TKN,11,0.5848573767481009
y_hat_train,TKN,11,0.5983125817954413
y_hat_train,TKN,11,0.4146640149398597
y_hat_train,TKN,11,0.5318944101108746
y_hat_train,TKN,11,0.32559387973032294
y_hat_train,TKN,11,0.6887612315499385
y_hat_train,TKN,11,0.4949632425245175
y_hat_train,TKN,11,0.3903571709325323
y_hat_train,TKN,11,0.4558289933656972
y_hat_train,TKN,11,0.6316027688926267
y_hat_train,TKN,11,0.7274649712580077
y_hat_train,TKN,11,0.8539097985915693
y_hat_train,TKN,11,0.41939963850125245
y_hat_train,TKN,11,0.6207268910457644
y_hat_train,TKN,11,0.6646769631549936
y_hat_train,TKN,11,0.7100706400926805
y_hat_train,TKN,11,0.8331212622297057
y_hat_train,TKN,11,0.40864258320289365
y_hat_train,TKN,11,0.6580143465065482
y_hat_train,TKN,11,0.6790510620095425
y_hat_train,TKN,11,1.192326469234064
y_hat_train,TKN,11,0.9175889587867319
y_hat_train,TKN,11,0.7257038429714842
y_hat_train,TKN,11,0.5171166314321479
y_hat_train,TKN,11,0.29736436607052463
y_hat_train,TKN,11,0.6177358620459437
y_hat_train,TKN,11,0.29791652000523444
y_hat_train,TKN,11,0.27479483252386305
y_hat_train,TKN,11,0.5354822800037187
y_hat_train,TKN,11,0.6065055567562103
y_hat_train,TKN,11,1.0197599113156273
y_hat_train,TKN,11,0.8935275965628556
y_true_train,TKN,11,0.34
y_true_train,TKN,11,0.43
y_true_train,TKN,11,0.64
y_true_train,TKN,11,0.36
y_true_train,TKN,11,1.01
y_true_train,TKN,11,0.58
y_true_train,TKN,11,0.4
y_true_train,TKN,11,0.56
y_true_train,TKN,11,0.48
y_true_train,TKN,11,0.46
y_true_train,TKN,11,0.7
y_true_train,TKN,11,0.67
y_true_train,TKN,11,0.32
y_true_train,TKN,11,0.43
y_true_train,TKN,11,0.49
y_true_train,TKN,11,0.41
y_true_train,TKN,11,0.43
y_true_train,TKN,11,0.36
y_true_train,TKN,11,0.58
y_true_train,TKN,11,0.92
y_true_train,TKN,11,0.28
y_true_train,TKN,11,0.48
y_true_train,TKN,11,0.85
y_true_train,TKN,11,0.77
y_true_train,TKN,11,0.69
y_true_train,TKN,11,0.3
y_true_train,TKN,11,0.87
y_true_train,TKN,11,0.62
y_true_train,TKN,11,0.56
y_true_train,TKN,11,0.96
y_true_train,TKN,11,0.3
y_true_train,TKN,11,0.67
y_true_train,TKN,11,0.77
y_true_train,TKN,11,1.22
y_true_train,TKN,11,1.18
y_true_train,TKN,11,0.76
y_true_train,TKN,11,0.46
y_true_train,TKN,11,0.56
y_true_train,TKN,11,0.62
y_true_train,TKN,11,0.39
y_true_train,TKN,11,0.01
y_true_train,TKN,11,0.39
y_true_train,TKN,11,0.76
y_true_train,TKN,11,1.07
y_true_train,TKN,11,0.87
y_true_test,TKN,11,0.59
y_true_test,TKN,11,0.64
y_true_test,TKN,11,0.72
y_true_test,TKN,11,0.34
y_true_test,TKN,11,0.22
y_true_test,TKN,11,0.26
y_true_test,TKN,11,1.0
y_true_test,TKN,11,0.52
y_true_test,TKN,11,0.34
y_true_test,TKN,11,0.83
y_true_test,TKN,11,0.46
y_true_test,TKN,11,0.89
y_true_test,TKN,11,0.44
y_true_test,TKN,11,0.48
y_true_test,TKN,11,0.39
y_true_test,TKN,11,0.73
y_true_test,TKN,11,0.57
y_true_test,TKN,11,0.44
y_true_test,TKN,11,0.63
y_true_test,TKN,11,0.67
test_ind,TKN,11,34.0
test_ind,TKN,11,188.0
test_ind,TKN,11,73.0
test_ind,TKN,11,166.0
test_ind,TKN,11,214.0
test_ind,TKN,11,236.0
test_ind,TKN,11,169.0
test_ind,TKN,11,247.0
test_ind,TKN,11,213.0
test_ind,TKN,11,16.0
test_ind,TKN,11,61.0
test_ind,TKN,11,67.0
test_ind,TKN,11,23.0
test_ind,TKN,11,252.0
test_ind,TKN,11,137.0
test_ind,TKN,11,136.0
test_ind,TKN,11,29.0
test_ind,TKN,11,99.0
test_ind,TKN,11,98.0
test_ind,TKN,11,248.0
train_ind,TKN,11,42.0
train_ind,TKN,11,65.0
train_ind,TKN,11,189.0
train_ind,TKN,11,168.0
train_ind,TKN,11,38.0
train_ind,TKN,11,258.0
train_ind,TKN,11,238.0
train_ind,TKN,11,167.0
train_ind,TKN,11,69.0
train_ind,TKN,11,212.0
train_ind,TKN,11,43.0
train_ind,TKN,11,97.0
train_ind,TKN,11,14.0
train_ind,TKN,11,27.0
train_ind,TKN,11,17.0
train_ind,TKN,11,139.0
train_ind,TKN,11,233.0
train_ind,TKN,11,250.0
train_ind,TKN,11,249.0
train_ind,TKN,11,64.0
train_ind,TKN,11,140.0
train_ind,TKN,11,138.0
train_ind,TKN,11,36.0
train_ind,TKN,11,15.0
train_ind,TKN,11,243.0
train_ind,TKN,11,120.0
train_ind,TKN,11,20.0
train_ind,TKN,11,186.0
train_ind,TKN,11,232.0
train_ind,TKN,11,118.0
train_ind,TKN,11,211.0
train_ind,TKN,11,96.0
train_ind,TKN,11,187.0
train_ind,TKN,11,71.0
train_ind,TKN,11,59.0
train_ind,TKN,11,28.0
train_ind,TKN,11,119.0
train_ind,TKN,11,39.0
train_ind,TKN,11,41.0
train_ind,TKN,11,237.0
train_ind,TKN,11,57.0
train_ind,TKN,11,95.0
train_ind,TKN,11,55.0
train_ind,TKN,11,257.0
train_ind,TKN,11,72.0
test_rsq,TKN,11,0.17180724453905183
train_rsq,TKN,11,0.7080749730445799
test_rmse,TKN,11,0.18565039647483336
train_rmse,TKN,11,0.13758038044571103
test_mape,TKN,11,25.32722303717544
train_mape,TKN,11,76.25301939519433
n_comp,TKN,11,5.0
y_hat_test,TKN,12,0.6355620532678831
y_hat_test,TKN,12,0.3561462125932391
y_hat_test,TKN,12,0.8007504628800054
y_hat_test,TKN,12,0.7985570927909627
y_hat_test,TKN,12,0.6772432020566119
y_hat_test,TKN,12,0.8613360325943401
y_hat_test,TKN,12,0.55585246792599
y_hat_test,TKN,12,0.6519198418206181
y_hat_test,TKN,12,0.6472506233024568
y_hat_test,TKN,12,-0.12182765566184317
y_hat_test,TKN,12,0.7124002409877089
y_hat_test,TKN,12,0.49578832177781085
y_hat_test,TKN,12,0.7049089439867868
y_hat_test,TKN,12,0.6617105001907736
y_hat_test,TKN,12,0.5422287966855196
y_hat_test,TKN,12,0.5886237211731417
y_hat_test,TKN,12,0.3358234349395984
y_hat_test,TKN,12,0.9812594904002016
y_hat_test,TKN,12,0.503953810230091
y_hat_test,TKN,12,-0.3075081388114761
y_hat_train,TKN,12,0.8675829182710427
y_hat_train,TKN,12,0.7707503232088302
y_hat_train,TKN,12,0.7017750430471591
y_hat_train,TKN,12,0.34085850410551444
y_hat_train,TKN,12,0.641314168566198
y_hat_train,TKN,12,0.41000724824792956
y_hat_train,TKN,12,0.6706510939579299
y_hat_train,TKN,12,0.5883308563065022
y_hat_train,TKN,12,1.0009481144434935
y_hat_train,TKN,12,0.5806731671217806
y_hat_train,TKN,12,1.0713527170828117
y_hat_train,TKN,12,0.9213553944516707
y_hat_train,TKN,12,0.7594006881431679
y_hat_train,TKN,12,0.3934735359291751
y_hat_train,TKN,12,0.36017139373346163
y_hat_train,TKN,12,0.9590109611315905
y_hat_train,TKN,12,0.629935472559368
y_hat_train,TKN,12,0.4575099792245247
y_hat_train,TKN,12,0.7713069480463839
y_hat_train,TKN,12,0.38905401019498126
y_hat_train,TKN,12,0.7296097053978161
y_hat_train,TKN,12,0.3394063322821219
y_hat_train,TKN,12,1.1800859743470955
y_hat_train,TKN,12,0.22059246442866487
y_hat_train,TKN,12,0.6871576556302809
y_hat_train,TKN,12,0.3386792638392079
y_hat_train,TKN,12,0.32057824659562567
y_hat_train,TKN,12,0.8527249657816498
y_hat_train,TKN,12,1.0090285210509118
y_hat_train,TKN,12,0.3001579032771699
y_hat_train,TKN,12,0.8691086006371186
y_hat_train,TKN,12,0.6219148552862677
y_hat_train,TKN,12,0.4416399180170429
y_hat_train,TKN,12,0.5592701924596444
y_hat_train,TKN,12,0.48082599169521534
y_hat_train,TKN,12,0.8888685025666392
y_hat_train,TKN,12,0.2995868361834542
y_hat_train,TKN,12,0.5560623922263728
y_hat_train,TKN,12,0.6686621650544657
y_hat_train,TKN,12,0.491605492234448
y_hat_train,TKN,12,0.8298178974908337
y_hat_train,TKN,12,0.4602110405626285
y_hat_train,TKN,12,0.35927654614575993
y_hat_train,TKN,12,0.429350738219588
y_hat_train,TKN,12,0.39031526081643875
y_true_train,TKN,12,0.87
y_true_train,TKN,12,0.77
y_true_train,TKN,12,0.7
y_true_train,TKN,12,0.34
y_true_train,TKN,12,0.64
y_true_train,TKN,12,0.41
y_true_train,TKN,12,0.67
y_true_train,TKN,12,0.59
y_true_train,TKN,12,1.0
y_true_train,TKN,12,0.58
y_true_train,TKN,12,1.07
y_true_train,TKN,12,0.92
y_true_train,TKN,12,0.76
y_true_train,TKN,12,0.39
y_true_train,TKN,12,0.36
y_true_train,TKN,12,0.96
y_true_train,TKN,12,0.63
y_true_train,TKN,12,0.46
y_true_train,TKN,12,0.77
y_true_train,TKN,12,0.39
y_true_train,TKN,12,0.73
y_true_train,TKN,12,0.34
y_true_train,TKN,12,1.18
y_true_train,TKN,12,0.22
y_true_train,TKN,12,0.69
y_true_train,TKN,12,0.34
y_true_train,TKN,12,0.32
y_true_train,TKN,12,0.85
y_true_train,TKN,12,1.01
y_true_train,TKN,12,0.3
y_true_train,TKN,12,0.87
y_true_train,TKN,12,0.62
y_true_train,TKN,12,0.44
y_true_train,TKN,12,0.56
y_true_train,TKN,12,0.48
y_true_train,TKN,12,0.89
y_true_train,TKN,12,0.3
y_true_train,TKN,12,0.56
y_true_train,TKN,12,0.67
y_true_train,TKN,12,0.49
y_true_train,TKN,12,0.83
y_true_train,TKN,12,0.46
y_true_train,TKN,12,0.36
y_true_train,TKN,12,0.43
y_true_train,TKN,12,0.39
y_true_test,TKN,12,0.57
y_true_test,TKN,12,0.01
y_true_test,TKN,12,0.76
y_true_test,TKN,12,0.28
y_true_test,TKN,12,0.58
y_true_test,TKN,12,0.46
y_true_test,TKN,12,0.64
y_true_test,TKN,12,0.72
y_true_test,TKN,12,0.67
y_true_test,TKN,12,0.48
y_true_test,TKN,12,0.26
y_true_test,TKN,12,0.52
y_true_test,TKN,12,0.48
y_true_test,TKN,12,0.56
y_true_test,TKN,12,0.43
y_true_test,TKN,12,0.62
y_true_test,TKN,12,0.4
y_true_test,TKN,12,0.43
y_true_test,TKN,12,0.44
y_true_test,TKN,12,1.22
test_ind,TKN,12,29.0
test_ind,TKN,12,57.0
test_ind,TKN,12,28.0
test_ind,TKN,12,140.0
test_ind,TKN,12,249.0
test_ind,TKN,12,61.0
test_ind,TKN,12,189.0
test_ind,TKN,12,73.0
test_ind,TKN,12,97.0
test_ind,TKN,12,138.0
test_ind,TKN,12,236.0
test_ind,TKN,12,247.0
test_ind,TKN,12,69.0
test_ind,TKN,12,167.0
test_ind,TKN,12,233.0
test_ind,TKN,12,186.0
test_ind,TKN,12,238.0
test_ind,TKN,12,65.0
test_ind,TKN,12,99.0
test_ind,TKN,12,71.0
train_ind,TKN,12,20.0
train_ind,TKN,12,15.0
train_ind,TKN,12,43.0
train_ind,TKN,12,42.0
train_ind,TKN,12,188.0
train_ind,TKN,12,139.0
train_ind,TKN,12,96.0
train_ind,TKN,12,34.0
train_ind,TKN,12,169.0
train_ind,TKN,12,258.0
train_ind,TKN,12,257.0
train_ind,TKN,12,64.0
train_ind,TKN,12,55.0
train_ind,TKN,12,237.0
train_ind,TKN,12,168.0
train_ind,TKN,12,118.0
train_ind,TKN,12,98.0
train_ind,TKN,12,119.0
train_ind,TKN,12,187.0
train_ind,TKN,12,137.0
train_ind,TKN,12,136.0
train_ind,TKN,12,213.0
train_ind,TKN,12,59.0
train_ind,TKN,12,214.0
train_ind,TKN,12,243.0
train_ind,TKN,12,166.0
train_ind,TKN,12,14.0
train_ind,TKN,12,36.0
train_ind,TKN,12,38.0
train_ind,TKN,12,120.0
train_ind,TKN,12,72.0
train_ind,TKN,12,41.0
train_ind,TKN,12,23.0
train_ind,TKN,12,232.0
train_ind,TKN,12,252.0
train_ind,TKN,12,67.0
train_ind,TKN,12,211.0
train_ind,TKN,12,39.0
train_ind,TKN,12,248.0
train_ind,TKN,12,17.0
train_ind,TKN,12,16.0
train_ind,TKN,12,212.0
train_ind,TKN,12,250.0
train_ind,TKN,12,27.0
train_ind,TKN,12,95.0
test_rsq,TKN,12,-2.6104013219095483
train_rsq,TKN,12,0.9999643218613155
test_rmse,TKN,12,0.43958913470675576
train_rmse,TKN,12,0.0014353808721975004
test_mape,TKN,12,223.88688687955818
train_mape,TKN,12,0.20165904285287767
n_comp,TKN,12,19.0
y_hat_test,TKN,13,0.567128257022216
y_hat_test,TKN,13,0.5985920748308713
y_hat_test,TKN,13,0.48264655743004814
y_hat_test,TKN,13,0.21837976156017946
y_hat_test,TKN,13,0.555451516337798
y_hat_test,TKN,13,0.622639780004167
y_hat_test,TKN,13,0.7669888385844685
y_hat_test,TKN,13,0.05288617084579805
y_hat_test,TKN,13,0.5208385564099364
y_hat_test,TKN,13,0.5817491128652608
y_hat_test,TKN,13,0.32530801239385865
y_hat_test,TKN,13,0.24575663103005052
y_hat_test,TKN,13,0.1777544803942649
y_hat_test,TKN,13,0.5860268022259031
y_hat_test,TKN,13,0.23284808556889391
y_hat_test,TKN,13,0.4628016076670967
y_hat_test,TKN,13,0.8231134905449062
y_hat_test,TKN,13,0.577872643601901
y_hat_test,TKN,13,0.46466937755781607
y_hat_test,TKN,13,0.22046977639928433
y_hat_train,TKN,13,0.43947078980170984
y_hat_train,TKN,13,0.5070425180563339
y_hat_train,TKN,13,0.14874349249646507
y_hat_train,TKN,13,0.6369974890139716
y_hat_train,TKN,13,0.4589695128440435
y_hat_train,TKN,13,0.5368909847074761
y_hat_train,TKN,13,0.6541142288132354
y_hat_train,TKN,13,0.6048028266540854
y_hat_train,TKN,13,0.7462220631845031
y_hat_train,TKN,13,0.8093656403742779
y_hat_train,TKN,13,0.5508828869489488
y_hat_train,TKN,13,0.34000226978531395
y_hat_train,TKN,13,0.2674404697855459
y_hat_train,TKN,13,0.4122798814474033
y_hat_train,TKN,13,0.363881952655337
y_hat_train,TKN,13,0.5863104052299271
y_hat_train,TKN,13,1.1475663493114063
y_hat_train,TKN,13,0.9953934681744756
y_hat_train,TKN,13,0.6525472323115872
y_hat_train,TKN,13,0.5766739083249837
y_hat_train,TKN,13,0.8025261939065155
y_hat_train,TKN,13,0.6344723546263765
y_hat_train,TKN,13,0.7379309191176109
y_hat_train,TKN,13,0.6418177625844271
y_hat_train,TKN,13,0.636292595475806
y_hat_train,TKN,13,0.7777617048064418
y_hat_train,TKN,13,0.4025718392388862
y_hat_train,TKN,13,1.1027957577069585
y_hat_train,TKN,13,0.32627166209828784
y_hat_train,TKN,13,1.0593417161884315
y_hat_train,TKN,13,0.7020282404858612
y_hat_train,TKN,13,0.469725074172676
y_hat_train,TKN,13,0.8635171746287564
y_hat_train,TKN,13,0.9407374585277442
y_hat_train,TKN,13,0.6699787013174388
y_hat_train,TKN,13,0.7787543310283732
y_hat_train,TKN,13,0.8058235707350847
y_hat_train,TKN,13,0.5383884917439339
y_hat_train,TKN,13,0.9344363410798531
y_hat_train,TKN,13,0.5951036627833767
y_hat_train,TKN,13,0.4007000918098449
y_hat_train,TKN,13,0.4644743662782441
y_hat_train,TKN,13,0.6862525263606728
y_hat_train,TKN,13,0.7867667037915539
y_hat_train,TKN,13,0.3259323895858294
y_true_train,TKN,13,0.34
y_true_train,TKN,13,0.77
y_true_train,TKN,13,0.01
y_true_train,TKN,13,0.67
y_true_train,TKN,13,0.36
y_true_train,TKN,13,0.39
y_true_train,TKN,13,0.44
y_true_train,TKN,13,0.49
y_true_train,TKN,13,0.76
y_true_train,TKN,13,1.0
y_true_train,TKN,13,0.92
y_true_train,TKN,13,0.26
y_true_train,TKN,13,0.34
y_true_train,TKN,13,0.56
y_true_train,TKN,13,0.28
y_true_train,TKN,13,0.67
y_true_train,TKN,13,1.22
y_true_train,TKN,13,1.18
y_true_train,TKN,13,0.77
y_true_train,TKN,13,0.56
y_true_train,TKN,13,0.89
y_true_train,TKN,13,0.64
y_true_train,TKN,13,0.69
y_true_train,TKN,13,0.43
y_true_train,TKN,13,0.46
y_true_train,TKN,13,0.96
y_true_train,TKN,13,0.43
y_true_train,TKN,13,1.01
y_true_train,TKN,13,0.59
y_true_train,TKN,13,1.07
y_true_train,TKN,13,0.62
y_true_train,TKN,13,0.48
y_true_train,TKN,13,0.64
y_true_train,TKN,13,0.83
y_true_train,TKN,13,0.67
y_true_train,TKN,13,0.72
y_true_train,TKN,13,0.73
y_true_train,TKN,13,0.62
y_true_train,TKN,13,0.87
y_true_train,TKN,13,0.56
y_true_train,TKN,13,0.3
y_true_train,TKN,13,0.41
y_true_train,TKN,13,0.76
y_true_train,TKN,13,0.85
y_true_train,TKN,13,0.3
y_true_test,TKN,13,0.44
y_true_test,TKN,13,0.58
y_true_test,TKN,13,0.46
y_true_test,TKN,13,0.36
y_true_test,TKN,13,0.63
y_true_test,TKN,13,0.87
y_true_test,TKN,13,0.58
y_true_test,TKN,13,0.39
y_true_test,TKN,13,0.34
y_true_test,TKN,13,0.57
y_true_test,TKN,13,0.46
y_true_test,TKN,13,0.22
y_true_test,TKN,13,0.32
y_true_test,TKN,13,0.39
y_true_test,TKN,13,0.48
y_true_test,TKN,13,0.48
y_true_test,TKN,13,0.7
y_true_test,TKN,13,0.43
y_true_test,TKN,13,0.52
y_true_test,TKN,13,0.4
test_ind,TKN,13,99.0
test_ind,TKN,13,249.0
test_ind,TKN,13,119.0
test_ind,TKN,13,250.0
test_ind,TKN,13,98.0
test_ind,TKN,13,20.0
test_ind,TKN,13,258.0
test_ind,TKN,13,237.0
test_ind,TKN,13,42.0
test_ind,TKN,13,29.0
test_ind,TKN,13,212.0
test_ind,TKN,13,214.0
test_ind,TKN,13,14.0
test_ind,TKN,13,95.0
test_ind,TKN,13,252.0
test_ind,TKN,13,69.0
test_ind,TKN,13,43.0
test_ind,TKN,13,27.0
test_ind,TKN,13,247.0
test_ind,TKN,13,238.0
train_ind,TKN,13,213.0
train_ind,TKN,13,187.0
train_ind,TKN,13,57.0
train_ind,TKN,13,97.0
train_ind,TKN,13,168.0
train_ind,TKN,13,137.0
train_ind,TKN,13,23.0
train_ind,TKN,13,17.0
train_ind,TKN,13,28.0
train_ind,TKN,13,169.0
train_ind,TKN,13,64.0
train_ind,TKN,13,236.0
train_ind,TKN,13,166.0
train_ind,TKN,13,39.0
train_ind,TKN,13,140.0
train_ind,TKN,13,96.0
train_ind,TKN,13,71.0
train_ind,TKN,13,59.0
train_ind,TKN,13,15.0
train_ind,TKN,13,167.0
train_ind,TKN,13,67.0
train_ind,TKN,13,189.0
train_ind,TKN,13,243.0
train_ind,TKN,13,65.0
train_ind,TKN,13,61.0
train_ind,TKN,13,118.0
train_ind,TKN,13,233.0
train_ind,TKN,13,38.0
train_ind,TKN,13,34.0
train_ind,TKN,13,257.0
train_ind,TKN,13,41.0
train_ind,TKN,13,138.0
train_ind,TKN,13,188.0
train_ind,TKN,13,16.0
train_ind,TKN,13,248.0
train_ind,TKN,13,73.0
train_ind,TKN,13,136.0
train_ind,TKN,13,186.0
train_ind,TKN,13,72.0
train_ind,TKN,13,232.0
train_ind,TKN,13,120.0
train_ind,TKN,13,139.0
train_ind,TKN,13,55.0
train_ind,TKN,13,36.0
train_ind,TKN,13,211.0
test_rsq,TKN,13,-0.21860049680767513
train_rsq,TKN,13,0.7453003566620564
test_rmse,TKN,13,0.15754895594536805
train_rmse,TKN,13,0.1312476548373841
test_mape,TKN,13,29.44148987215393
train_mape,TKN,13,48.48662300398717
n_comp,TKN,13,7.0
y_hat_test,TKN,14,0.5909246254945317
y_hat_test,TKN,14,0.4654073405155184
y_hat_test,TKN,14,0.6183822196665353
y_hat_test,TKN,14,0.5811316399661565
y_hat_test,TKN,14,0.7147295105741605
y_hat_test,TKN,14,0.7764848008147474
y_hat_test,TKN,14,0.5062589190130193
y_hat_test,TKN,14,0.8939408110053149
y_hat_test,TKN,14,0.62510015642491
y_hat_test,TKN,14,0.6705255101356645
y_hat_test,TKN,14,0.9480102757636912
y_hat_test,TKN,14,0.4053231117193069
y_hat_test,TKN,14,0.6471809417477805
y_hat_test,TKN,14,0.6038349145712397
y_hat_test,TKN,14,0.5410203819141017
y_hat_test,TKN,14,0.5284806833101691
y_hat_test,TKN,14,0.6558309586448099
y_hat_test,TKN,14,0.39990552098956594
y_hat_test,TKN,14,0.40005953717726783
y_hat_test,TKN,14,0.6818343218617209
y_hat_train,TKN,14,0.4906344981691252
y_hat_train,TKN,14,0.718195921847957
y_hat_train,TKN,14,0.48858068196736215
y_hat_train,TKN,14,0.7209836705013654
y_hat_train,TKN,14,0.8582137114073523
y_hat_train,TKN,14,0.4369752875412316
y_hat_train,TKN,14,1.0389974447160077
y_hat_train,TKN,14,0.5442324737027726
y_hat_train,TKN,14,0.5168538137217485
y_hat_train,TKN,14,0.5720455850707437
y_hat_train,TKN,14,0.5234962324584378
y_hat_train,TKN,14,0.4537866979793509
y_hat_train,TKN,14,0.584517335352082
y_hat_train,TKN,14,0.5594245259628837
y_hat_train,TKN,14,0.3822707813513365
y_hat_train,TKN,14,0.6405011407489707
y_hat_train,TKN,14,0.3209068195580085
y_hat_train,TKN,14,0.9412214538670889
y_hat_train,TKN,14,0.6287946893178694
y_hat_train,TKN,14,0.39281971808782057
y_hat_train,TKN,14,0.7288182806608471
y_hat_train,TKN,14,0.6412904296024987
y_hat_train,TKN,14,0.4810933415869856
y_hat_train,TKN,14,1.0077429457497922
y_hat_train,TKN,14,0.3924850840197004
y_hat_train,TKN,14,0.5227643252459823
y_hat_train,TKN,14,0.45185483655169667
y_hat_train,TKN,14,0.6562845012969444
y_hat_train,TKN,14,0.5634531505682857
y_hat_train,TKN,14,0.7460618026681408
y_hat_train,TKN,14,0.6121518746095634
y_hat_train,TKN,14,0.5033957754353982
y_hat_train,TKN,14,0.8211127599366363
y_hat_train,TKN,14,0.7644273800721466
y_hat_train,TKN,14,0.42571466493410903
y_hat_train,TKN,14,0.5373617197349014
y_hat_train,TKN,14,0.5830816921464684
y_hat_train,TKN,14,0.7582315732990683
y_hat_train,TKN,14,0.6622369169982355
y_hat_train,TKN,14,0.5476836633863285
y_hat_train,TKN,14,0.48842524400579224
y_hat_train,TKN,14,0.842835444289859
y_hat_train,TKN,14,0.843438204917623
y_hat_train,TKN,14,0.5866768446948356
y_hat_train,TKN,14,0.4979250602586453
y_true_train,TKN,14,0.26
y_true_train,TKN,14,0.57
y_true_train,TKN,14,0.48
y_true_train,TKN,14,0.77
y_true_train,TKN,14,1.18
y_true_train,TKN,14,0.34
y_true_train,TKN,14,1.01
y_true_train,TKN,14,0.43
y_true_train,TKN,14,0.43
y_true_train,TKN,14,0.63
y_true_train,TKN,14,0.39
y_true_train,TKN,14,0.59
y_true_train,TKN,14,0.44
y_true_train,TKN,14,0.62
y_true_train,TKN,14,0.01
y_true_train,TKN,14,0.64
y_true_train,TKN,14,0.3
y_true_train,TKN,14,0.7
y_true_train,TKN,14,0.49
y_true_train,TKN,14,0.39
y_true_train,TKN,14,0.48
y_true_train,TKN,14,0.44
y_true_train,TKN,14,0.92
y_true_train,TKN,14,1.07
y_true_train,TKN,14,0.32
y_true_train,TKN,14,0.64
y_true_train,TKN,14,0.36
y_true_train,TKN,14,0.62
y_true_train,TKN,14,0.87
y_true_train,TKN,14,0.96
y_true_train,TKN,14,1.0
y_true_train,TKN,14,0.48
y_true_train,TKN,14,0.87
y_true_train,TKN,14,0.72
y_true_train,TKN,14,0.77
y_true_train,TKN,14,0.34
y_true_train,TKN,14,0.76
y_true_train,TKN,14,0.85
y_true_train,TKN,14,0.67
y_true_train,TKN,14,0.36
y_true_train,TKN,14,0.41
y_true_train,TKN,14,0.69
y_true_train,TKN,14,0.76
y_true_train,TKN,14,0.89
y_true_train,TKN,14,0.56
y_true_test,TKN,14,0.56
y_true_test,TKN,14,0.4
y_true_test,TKN,14,0.43
y_true_test,TKN,14,0.34
y_true_test,TKN,14,0.58
y_true_test,TKN,14,0.67
y_true_test,TKN,14,0.46
y_true_test,TKN,14,0.83
y_true_test,TKN,14,0.39
y_true_test,TKN,14,0.58
y_true_test,TKN,14,1.22
y_true_test,TKN,14,0.46
y_true_test,TKN,14,0.52
y_true_test,TKN,14,0.56
y_true_test,TKN,14,0.3
y_true_test,TKN,14,0.46
y_true_test,TKN,14,0.67
y_true_test,TKN,14,0.22
y_true_test,TKN,14,0.28
y_true_test,TKN,14,0.73
test_ind,TKN,14,232.0
test_ind,TKN,14,238.0
test_ind,TKN,14,27.0
test_ind,TKN,14,42.0
test_ind,TKN,14,258.0
test_ind,TKN,14,248.0
test_ind,TKN,14,119.0
test_ind,TKN,14,16.0
test_ind,TKN,14,137.0
test_ind,TKN,14,249.0
test_ind,TKN,14,71.0
test_ind,TKN,14,212.0
test_ind,TKN,14,247.0
test_ind,TKN,14,167.0
test_ind,TKN,14,120.0
test_ind,TKN,14,61.0
test_ind,TKN,14,97.0
test_ind,TKN,14,214.0
test_ind,TKN,14,140.0
test_ind,TKN,14,136.0
train_ind,TKN,14,236.0
train_ind,TKN,14,29.0
train_ind,TKN,14,252.0
train_ind,TKN,14,15.0
train_ind,TKN,14,59.0
train_ind,TKN,14,213.0
train_ind,TKN,14,38.0
train_ind,TKN,14,233.0
train_ind,TKN,14,65.0
train_ind,TKN,14,98.0
train_ind,TKN,14,95.0
train_ind,TKN,14,34.0
train_ind,TKN,14,99.0
train_ind,TKN,14,186.0
train_ind,TKN,14,57.0
train_ind,TKN,14,189.0
train_ind,TKN,14,211.0
train_ind,TKN,14,43.0
train_ind,TKN,14,17.0
train_ind,TKN,14,237.0
train_ind,TKN,14,138.0
train_ind,TKN,14,23.0
train_ind,TKN,14,64.0
train_ind,TKN,14,257.0
train_ind,TKN,14,14.0
train_ind,TKN,14,188.0
train_ind,TKN,14,250.0
train_ind,TKN,14,41.0
train_ind,TKN,14,20.0
train_ind,TKN,14,118.0
train_ind,TKN,14,169.0
train_ind,TKN,14,69.0
train_ind,TKN,14,72.0
train_ind,TKN,14,73.0
train_ind,TKN,14,187.0
train_ind,TKN,14,166.0
train_ind,TKN,14,55.0
train_ind,TKN,14,36.0
train_ind,TKN,14,96.0
train_ind,TKN,14,168.0
train_ind,TKN,14,139.0
train_ind,TKN,14,243.0
train_ind,TKN,14,28.0
train_ind,TKN,14,67.0
train_ind,TKN,14,39.0
test_rsq,TKN,14,0.5782779532122245
train_rsq,TKN,14,0.45767283851448803
test_rmse,TKN,14,0.14233744710978738
train_rmse,TKN,14,0.18137619629217377
test_mape,TKN,14,28.221857383668393
train_mape,TKN,14,105.65885210537422
n_comp,TKN,14,2.0
y_hat_test,TKN,15,0.6509868866636571
y_hat_test,TKN,15,0.44313586817667505
y_hat_test,TKN,15,0.4995681586867752
y_hat_test,TKN,15,0.9877539654453085
y_hat_test,TKN,15,0.5499924643552431
y_hat_test,TKN,15,0.8218086605053867
y_hat_test,TKN,15,0.5287871173474485
y_hat_test,TKN,15,0.5684675008814548
y_hat_test,TKN,15,0.5423501120536792
y_hat_test,TKN,15,0.5190916714094753
y_hat_test,TKN,15,0.5039136313752869
y_hat_test,TKN,15,0.5055631515605352
y_hat_test,TKN,15,0.4970282189990227
y_hat_test,TKN,15,0.9803732898977291
y_hat_test,TKN,15,0.42220772859371214
y_hat_test,TKN,15,0.45673410396124886
y_hat_test,TKN,15,0.39357469443061893
y_hat_test,TKN,15,0.5933033774461681
y_hat_test,TKN,15,0.3887394539188161
y_hat_test,TKN,15,0.5857400589065521
y_hat_train,TKN,15,0.5063667720968262
y_hat_train,TKN,15,0.5033307620695712
y_hat_train,TKN,15,0.7133990206108791
y_hat_train,TKN,15,0.634875344934129
y_hat_train,TKN,15,0.42078647825492166
y_hat_train,TKN,15,0.5760299033761288
y_hat_train,TKN,15,0.48381024419808044
y_hat_train,TKN,15,0.6426522646258561
y_hat_train,TKN,15,0.5764637407598867
y_hat_train,TKN,15,0.8377262379278831
y_hat_train,TKN,15,0.8067496764809325
y_hat_train,TKN,15,0.8795205424834769
y_hat_train,TKN,15,0.7468959521625087
y_hat_train,TKN,15,0.4415980143883904
y_hat_train,TKN,15,0.3260184869668383
y_hat_train,TKN,15,0.42208697587727295
y_hat_train,TKN,15,0.683723996055682
y_hat_train,TKN,15,0.4701160555614009
y_hat_train,TKN,15,0.4683024524100916
y_hat_train,TKN,15,0.5044425963164141
y_hat_train,TKN,15,0.5504849022260382
y_hat_train,TKN,15,0.49403460252634335
y_hat_train,TKN,15,0.6980205471188848
y_hat_train,TKN,15,0.3740541983075204
y_hat_train,TKN,15,0.5487241349414606
y_hat_train,TKN,15,0.4896300163184413
y_hat_train,TKN,15,0.9229354959356086
y_hat_train,TKN,15,0.6911100904560311
y_hat_train,TKN,15,0.734095630567317
y_hat_train,TKN,15,0.47803166883119086
y_hat_train,TKN,15,0.5431122514463915
y_hat_train,TKN,15,0.39510818907062073
y_hat_train,TKN,15,0.3746816660748155
y_hat_train,TKN,15,0.6390657670449952
y_hat_train,TKN,15,0.5458765740448177
y_hat_train,TKN,15,0.44603981546712024
y_hat_train,TKN,15,0.4827117183186651
y_hat_train,TKN,15,1.006438247132506
y_hat_train,TKN,15,0.7729672020662703
y_hat_train,TKN,15,0.5099520903298598
y_hat_train,TKN,15,0.6517387555452767
y_hat_train,TKN,15,0.38681344152599106
y_hat_train,TKN,15,0.3803684340289081
y_hat_train,TKN,15,0.600726220717329
y_hat_train,TKN,15,0.4583828224004286
y_true_train,TKN,15,0.36
y_true_train,TKN,15,0.89
y_true_train,TKN,15,0.67
y_true_train,TKN,15,0.73
y_true_train,TKN,15,0.59
y_true_train,TKN,15,0.43
y_true_train,TKN,15,0.46
y_true_train,TKN,15,0.57
y_true_train,TKN,15,0.39
y_true_train,TKN,15,1.18
y_true_train,TKN,15,0.69
y_true_train,TKN,15,0.83
y_true_train,TKN,15,0.72
y_true_train,TKN,15,0.4
y_true_train,TKN,15,0.3
y_true_train,TKN,15,0.34
y_true_train,TKN,15,0.77
y_true_train,TKN,15,0.41
y_true_train,TKN,15,0.64
y_true_train,TKN,15,0.43
y_true_train,TKN,15,0.62
y_true_train,TKN,15,0.46
y_true_train,TKN,15,0.48
y_true_train,TKN,15,0.28
y_true_train,TKN,15,0.56
y_true_train,TKN,15,0.87
y_true_train,TKN,15,0.7
y_true_train,TKN,15,0.85
y_true_train,TKN,15,0.96
y_true_train,TKN,15,0.48
y_true_train,TKN,15,0.44
y_true_train,TKN,15,0.77
y_true_train,TKN,15,0.01
y_true_train,TKN,15,0.67
y_true_train,TKN,15,0.64
y_true_train,TKN,15,0.26
y_true_train,TKN,15,0.43
y_true_train,TKN,15,1.01
y_true_train,TKN,15,0.76
y_true_train,TKN,15,0.39
y_true_train,TKN,15,0.67
y_true_train,TKN,15,0.32
y_true_train,TKN,15,0.39
y_true_train,TKN,15,0.44
y_true_train,TKN,15,0.56
y_true_test,TKN,15,0.58
y_true_test,TKN,15,0.92
y_true_test,TKN,15,0.76
y_true_test,TKN,15,1.22
y_true_test,TKN,15,1.0
y_true_test,TKN,15,0.87
y_true_test,TKN,15,0.34
y_true_test,TKN,15,0.58
y_true_test,TKN,15,0.63
y_true_test,TKN,15,0.34
y_true_test,TKN,15,0.3
y_true_test,TKN,15,0.62
y_true_test,TKN,15,0.56
y_true_test,TKN,15,1.07
y_true_test,TKN,15,0.36
y_true_test,TKN,15,0.48
y_true_test,TKN,15,0.46
y_true_test,TKN,15,0.52
y_true_test,TKN,15,0.22
y_true_test,TKN,15,0.49
test_ind,TKN,15,258.0
test_ind,TKN,15,64.0
test_ind,TKN,15,55.0
test_ind,TKN,15,71.0
test_ind,TKN,15,169.0
test_ind,TKN,15,72.0
test_ind,TKN,15,42.0
test_ind,TKN,15,249.0
test_ind,TKN,15,98.0
test_ind,TKN,15,166.0
test_ind,TKN,15,120.0
test_ind,TKN,15,186.0
test_ind,TKN,15,232.0
test_ind,TKN,15,257.0
test_ind,TKN,15,250.0
test_ind,TKN,15,252.0
test_ind,TKN,15,212.0
test_ind,TKN,15,247.0
test_ind,TKN,15,214.0
test_ind,TKN,15,17.0
train_ind,TKN,15,168.0
train_ind,TKN,15,67.0
train_ind,TKN,15,248.0
train_ind,TKN,15,136.0
train_ind,TKN,15,34.0
train_ind,TKN,15,27.0
train_ind,TKN,15,119.0
train_ind,TKN,15,29.0
train_ind,TKN,15,137.0
train_ind,TKN,15,59.0
train_ind,TKN,15,243.0
train_ind,TKN,15,16.0
train_ind,TKN,15,73.0
train_ind,TKN,15,238.0
train_ind,TKN,15,211.0
train_ind,TKN,15,213.0
train_ind,TKN,15,15.0
train_ind,TKN,15,139.0
train_ind,TKN,15,188.0
train_ind,TKN,15,233.0
train_ind,TKN,15,41.0
train_ind,TKN,15,61.0
train_ind,TKN,15,138.0
train_ind,TKN,15,140.0
train_ind,TKN,15,167.0
train_ind,TKN,15,20.0
train_ind,TKN,15,43.0
train_ind,TKN,15,36.0
train_ind,TKN,15,118.0
train_ind,TKN,15,69.0
train_ind,TKN,15,99.0
train_ind,TKN,15,187.0
train_ind,TKN,15,57.0
train_ind,TKN,15,97.0
train_ind,TKN,15,189.0
train_ind,TKN,15,236.0
train_ind,TKN,15,65.0
train_ind,TKN,15,38.0
train_ind,TKN,15,28.0
train_ind,TKN,15,95.0
train_ind,TKN,15,96.0
train_ind,TKN,15,14.0
train_ind,TKN,15,237.0
train_ind,TKN,15,23.0
train_ind,TKN,15,39.0
test_rsq,TKN,15,0.4786556271551061
train_rsq,TKN,15,0.48726691884977247
test_rmse,TKN,15,0.19404529364132903
train_rmse,TKN,15,0.16205464304864484
test_mape,TKN,15,27.24847133012334
train_mape,TKN,15,101.20701713980739
n_comp,TKN,15,2.0
y_hat_test,TKN,16,0.6527075244853753
y_hat_test,TKN,16,0.31375290120827837
y_hat_test,TKN,16,0.9699063941977178
y_hat_test,TKN,16,1.3182563759349857
y_hat_test,TKN,16,0.746732579002695
y_hat_test,TKN,16,0.3196045331650552
y_hat_test,TKN,16,0.44542865728308983
y_hat_test,TKN,16,0.21939563890568414
y_hat_test,TKN,16,0.5681527705742468
y_hat_test,TKN,16,0.23974062719645134
y_hat_test,TKN,16,0.4414570310246906
y_hat_test,TKN,16,0.5513706469258802
y_hat_test,TKN,16,0.44520434471237813
y_hat_test,TKN,16,0.7678940928704433
y_hat_test,TKN,16,0.5765814101838487
y_hat_test,TKN,16,0.5786165421388653
y_hat_test,TKN,16,0.26349206399815495
y_hat_test,TKN,16,1.176550442789122
y_hat_test,TKN,16,0.45428012831286246
y_hat_test,TKN,16,0.9906923748345666
y_hat_train,TKN,16,0.503487022345347
y_hat_train,TKN,16,0.5737751229992374
y_hat_train,TKN,16,0.3578010270488534
y_hat_train,TKN,16,0.3418688758967108
y_hat_train,TKN,16,0.3808654039776325
y_hat_train,TKN,16,0.7872944402213768
y_hat_train,TKN,16,0.45863269054165534
y_hat_train,TKN,16,0.34820880038748436
y_hat_train,TKN,16,0.3723945223611287
y_hat_train,TKN,16,0.7001369081267019
y_hat_train,TKN,16,0.5843453284694086
y_hat_train,TKN,16,0.9404706087710211
y_hat_train,TKN,16,0.5709602790406323
y_hat_train,TKN,16,0.6432567620528733
y_hat_train,TKN,16,0.6362648435268133
y_hat_train,TKN,16,0.23551725844640403
y_hat_train,TKN,16,0.6479707036199914
y_hat_train,TKN,16,0.5097801948090084
y_hat_train,TKN,16,0.4548257472439602
y_hat_train,TKN,16,0.6039097438877997
y_hat_train,TKN,16,0.3871256670478065
y_hat_train,TKN,16,0.2607345391180406
y_hat_train,TKN,16,0.6798412106137071
y_hat_train,TKN,16,0.6807986825744448
y_hat_train,TKN,16,0.4591861929528518
y_hat_train,TKN,16,0.37888188901567793
y_hat_train,TKN,16,0.6182081252301647
y_hat_train,TKN,16,0.3437242542529409
y_hat_train,TKN,16,0.6702475378587014
y_hat_train,TKN,16,0.47904788689369526
y_hat_train,TKN,16,0.9616249737014883
y_hat_train,TKN,16,1.1412363948460214
y_hat_train,TKN,16,0.5528432609313356
y_hat_train,TKN,16,0.6582398367044946
y_hat_train,TKN,16,0.8085173789494169
y_hat_train,TKN,16,0.6394204813142357
y_hat_train,TKN,16,0.5112565009749167
y_hat_train,TKN,16,0.49578149912214986
y_hat_train,TKN,16,0.6883062911693112
y_hat_train,TKN,16,0.6485253724635255
y_hat_train,TKN,16,0.6439997553895063
y_hat_train,TKN,16,0.5907398728986394
y_hat_train,TKN,16,0.7886601112851703
y_hat_train,TKN,16,0.7790895760908524
y_hat_train,TKN,16,0.5421964248268655
y_true_train,TKN,16,0.39
y_true_train,TKN,16,0.92
y_true_train,TKN,16,0.34
y_true_train,TKN,16,0.46
y_true_train,TKN,16,0.41
y_true_train,TKN,16,0.89
y_true_train,TKN,16,0.43
y_true_train,TKN,16,0.56
y_true_train,TKN,16,0.34
y_true_train,TKN,16,0.56
y_true_train,TKN,16,0.39
y_true_train,TKN,16,0.7
y_true_train,TKN,16,0.43
y_true_train,TKN,16,0.64
y_true_train,TKN,16,0.62
y_true_train,TKN,16,0.01
y_true_train,TKN,16,0.77
y_true_train,TKN,16,0.57
y_true_train,TKN,16,0.28
y_true_train,TKN,16,0.67
y_true_train,TKN,16,0.48
y_true_train,TKN,16,0.32
y_true_train,TKN,16,0.62
y_true_train,TKN,16,0.67
y_true_train,TKN,16,0.34
y_true_train,TKN,16,0.3
y_true_train,TKN,16,0.85
y_true_train,TKN,16,0.48
y_true_train,TKN,16,0.58
y_true_train,TKN,16,0.26
y_true_train,TKN,16,1.18
y_true_train,TKN,16,1.07
y_true_train,TKN,16,0.63
y_true_train,TKN,16,0.76
y_true_train,TKN,16,0.96
y_true_train,TKN,16,0.58
y_true_train,TKN,16,0.52
y_true_train,TKN,16,0.44
y_true_train,TKN,16,0.87
y_true_train,TKN,16,0.67
y_true_train,TKN,16,0.77
y_true_train,TKN,16,0.44
y_true_train,TKN,16,0.69
y_true_train,TKN,16,0.64
y_true_train,TKN,16,0.56
y_true_test,TKN,16,0.76
y_true_test,TKN,16,0.36
y_true_test,TKN,16,0.83
y_true_test,TKN,16,1.22
y_true_test,TKN,16,0.72
y_true_test,TKN,16,0.4
y_true_test,TKN,16,0.48
y_true_test,TKN,16,0.39
y_true_test,TKN,16,0.49
y_true_test,TKN,16,0.22
y_true_test,TKN,16,0.46
y_true_test,TKN,16,0.43
y_true_test,TKN,16,0.36
y_true_test,TKN,16,0.73
y_true_test,TKN,16,1.0
y_true_test,TKN,16,0.46
y_true_test,TKN,16,0.59
y_true_test,TKN,16,1.01
y_true_test,TKN,16,0.3
y_true_test,TKN,16,0.87
test_ind,TKN,16,28.0
test_ind,TKN,16,250.0
test_ind,TKN,16,16.0
test_ind,TKN,16,71.0
test_ind,TKN,16,73.0
test_ind,TKN,16,238.0
test_ind,TKN,16,69.0
test_ind,TKN,16,237.0
test_ind,TKN,16,17.0
test_ind,TKN,16,214.0
test_ind,TKN,16,119.0
test_ind,TKN,16,27.0
test_ind,TKN,16,168.0
test_ind,TKN,16,136.0
test_ind,TKN,16,169.0
test_ind,TKN,16,61.0
test_ind,TKN,16,34.0
test_ind,TKN,16,38.0
test_ind,TKN,16,211.0
test_ind,TKN,16,72.0
train_ind,TKN,16,95.0
train_ind,TKN,16,64.0
train_ind,TKN,16,213.0
train_ind,TKN,16,212.0
train_ind,TKN,16,139.0
train_ind,TKN,16,67.0
train_ind,TKN,16,233.0
train_ind,TKN,16,39.0
train_ind,TKN,16,166.0
train_ind,TKN,16,232.0
train_ind,TKN,16,137.0
train_ind,TKN,16,43.0
train_ind,TKN,16,65.0
train_ind,TKN,16,189.0
train_ind,TKN,16,186.0
train_ind,TKN,16,57.0
train_ind,TKN,16,187.0
train_ind,TKN,16,29.0
train_ind,TKN,16,140.0
train_ind,TKN,16,96.0
train_ind,TKN,16,138.0
train_ind,TKN,16,14.0
train_ind,TKN,16,41.0
train_ind,TKN,16,97.0
train_ind,TKN,16,42.0
train_ind,TKN,16,120.0
train_ind,TKN,16,36.0
train_ind,TKN,16,252.0
train_ind,TKN,16,249.0
train_ind,TKN,16,236.0
train_ind,TKN,16,59.0
train_ind,TKN,16,257.0
train_ind,TKN,16,98.0
train_ind,TKN,16,55.0
train_ind,TKN,16,118.0
train_ind,TKN,16,258.0
train_ind,TKN,16,247.0
train_ind,TKN,16,99.0
train_ind,TKN,16,20.0
train_ind,TKN,16,248.0
train_ind,TKN,16,15.0
train_ind,TKN,16,23.0
train_ind,TKN,16,243.0
train_ind,TKN,16,188.0
train_ind,TKN,16,167.0
test_rsq,TKN,16,0.6650734123463764
train_rsq,TKN,16,0.6542831223971917
test_rmse,TKN,16,0.15438495938329766
train_rmse,TKN,16,0.1341413664398412
test_mape,TKN,16,20.896439110555633
train_mape,TKN,16,69.78598769367827
n_comp,TKN,16,6.0
y_hat_test,TKN,17,0.7891051359626144
y_hat_test,TKN,17,0.43928803764032187
y_hat_test,TKN,17,0.4606914419780088
y_hat_test,TKN,17,0.5280854052222428
y_hat_test,TKN,17,0.6410147331414657
y_hat_test,TKN,17,0.5353537967658253
y_hat_test,TKN,17,0.4210181408795447
y_hat_test,TKN,17,0.4470290591455598
y_hat_test,TKN,17,0.7110148870345098
y_hat_test,TKN,17,0.49894422988834286
y_hat_test,TKN,17,0.4155037797285948
y_hat_test,TKN,17,0.4493280044291823
y_hat_test,TKN,17,0.7304583535560496
y_hat_test,TKN,17,0.44546394395964684
y_hat_test,TKN,17,0.50795741281604
y_hat_test,TKN,17,0.5026476718185879
y_hat_test,TKN,17,0.4157452247146409
y_hat_test,TKN,17,0.6758302012856577
y_hat_test,TKN,17,0.6195440254680098
y_hat_test,TKN,17,0.7461451341183772
y_hat_train,TKN,17,0.5693355868564061
y_hat_train,TKN,17,0.5675218779182847
y_hat_train,TKN,17,0.6473593781847605
y_hat_train,TKN,17,1.0280108802945263
y_hat_train,TKN,17,0.5004713277377572
y_hat_train,TKN,17,0.50593788946336
y_hat_train,TKN,17,0.5615546244746948
y_hat_train,TKN,17,0.6063569247991204
y_hat_train,TKN,17,0.8141927455285918
y_hat_train,TKN,17,0.8326378735452715
y_hat_train,TKN,17,0.4077909354647641
y_hat_train,TKN,17,0.8024949140355784
y_hat_train,TKN,17,0.4999511483680697
y_hat_train,TKN,17,0.5557190246549581
y_hat_train,TKN,17,0.5315723074191835
y_hat_train,TKN,17,0.8317105813610526
y_hat_train,TKN,17,0.5847196473180234
y_hat_train,TKN,17,0.8243982122902724
y_hat_train,TKN,17,0.6823216256165039
y_hat_train,TKN,17,0.46259166274423896
y_hat_train,TKN,17,0.5971009880228777
y_hat_train,TKN,17,0.6309082861556781
y_hat_train,TKN,17,0.3742095803276109
y_hat_train,TKN,17,0.4360938317445766
y_hat_train,TKN,17,0.9828232955968159
y_hat_train,TKN,17,0.6093070086502267
y_hat_train,TKN,17,0.4785735041617576
y_hat_train,TKN,17,0.6409195958133045
y_hat_train,TKN,17,0.6034561159137422
y_hat_train,TKN,17,0.4494863797481984
y_hat_train,TKN,17,0.45476806915072887
y_hat_train,TKN,17,0.6992547482184415
y_hat_train,TKN,17,0.7405618268166648
y_hat_train,TKN,17,0.5882968589013036
y_hat_train,TKN,17,0.46718409674310335
y_hat_train,TKN,17,0.5835126332980306
y_hat_train,TKN,17,0.5343754957897875
y_hat_train,TKN,17,0.6003957377144173
y_hat_train,TKN,17,0.5535048872666312
y_hat_train,TKN,17,0.4891996700490099
y_hat_train,TKN,17,0.45976596794430014
y_hat_train,TKN,17,0.7620449657280084
y_hat_train,TKN,17,0.4854855177915731
y_hat_train,TKN,17,0.6015697874182502
y_hat_train,TKN,17,0.9105519829595428
y_true_train,TKN,17,0.64
y_true_train,TKN,17,0.34
y_true_train,TKN,17,0.58
y_true_train,TKN,17,1.01
y_true_train,TKN,17,0.48
y_true_train,TKN,17,0.36
y_true_train,TKN,17,0.36
y_true_train,TKN,17,0.57
y_true_train,TKN,17,0.87
y_true_train,TKN,17,0.67
y_true_train,TKN,17,0.39
y_true_train,TKN,17,1.18
y_true_train,TKN,17,0.46
y_true_train,TKN,17,0.58
y_true_train,TKN,17,0.62
y_true_train,TKN,17,0.83
y_true_train,TKN,17,0.44
y_true_train,TKN,17,0.96
y_true_train,TKN,17,0.48
y_true_train,TKN,17,0.46
y_true_train,TKN,17,0.63
y_true_train,TKN,17,1.0
y_true_train,TKN,17,0.41
y_true_train,TKN,17,0.39
y_true_train,TKN,17,1.07
y_true_train,TKN,17,0.49
y_true_train,TKN,17,0.3
y_true_train,TKN,17,0.85
y_true_train,TKN,17,0.56
y_true_train,TKN,17,0.01
y_true_train,TKN,17,0.64
y_true_train,TKN,17,0.77
y_true_train,TKN,17,0.76
y_true_train,TKN,17,0.62
y_true_train,TKN,17,0.92
y_true_train,TKN,17,0.28
y_true_train,TKN,17,0.87
y_true_train,TKN,17,0.44
y_true_train,TKN,17,0.48
y_true_train,TKN,17,0.77
y_true_train,TKN,17,0.3
y_true_train,TKN,17,0.69
y_true_train,TKN,17,0.89
y_true_train,TKN,17,0.43
y_true_train,TKN,17,0.7
y_true_test,TKN,17,0.72
y_true_test,TKN,17,0.43
y_true_test,TKN,17,0.59
y_true_test,TKN,17,0.22
y_true_test,TKN,17,0.52
y_true_test,TKN,17,0.43
y_true_test,TKN,17,0.56
y_true_test,TKN,17,0.76
y_true_test,TKN,17,0.67
y_true_test,TKN,17,1.22
y_true_test,TKN,17,0.34
y_true_test,TKN,17,0.26
y_true_test,TKN,17,0.39
y_true_test,TKN,17,0.4
y_true_test,TKN,17,0.56
y_true_test,TKN,17,0.32
y_true_test,TKN,17,0.46
y_true_test,TKN,17,0.67
y_true_test,TKN,17,0.34
y_true_test,TKN,17,0.73
test_ind,TKN,17,73.0
test_ind,TKN,17,233.0
test_ind,TKN,17,34.0
test_ind,TKN,17,214.0
test_ind,TKN,17,247.0
test_ind,TKN,17,65.0
test_ind,TKN,17,232.0
test_ind,TKN,17,55.0
test_ind,TKN,17,248.0
test_ind,TKN,17,71.0
test_ind,TKN,17,213.0
test_ind,TKN,17,236.0
test_ind,TKN,17,137.0
test_ind,TKN,17,238.0
test_ind,TKN,17,39.0
test_ind,TKN,17,14.0
test_ind,TKN,17,119.0
test_ind,TKN,17,97.0
test_ind,TKN,17,166.0
test_ind,TKN,17,136.0
train_ind,TKN,17,189.0
train_ind,TKN,17,42.0
train_ind,TKN,17,258.0
train_ind,TKN,17,38.0
train_ind,TKN,17,69.0
train_ind,TKN,17,250.0
train_ind,TKN,17,168.0
train_ind,TKN,17,29.0
train_ind,TKN,17,72.0
train_ind,TKN,17,96.0
train_ind,TKN,17,237.0
train_ind,TKN,17,59.0
train_ind,TKN,17,61.0
train_ind,TKN,17,249.0
train_ind,TKN,17,41.0
train_ind,TKN,17,16.0
train_ind,TKN,17,23.0
train_ind,TKN,17,118.0
train_ind,TKN,17,138.0
train_ind,TKN,17,212.0
train_ind,TKN,17,98.0
train_ind,TKN,17,169.0
train_ind,TKN,17,139.0
train_ind,TKN,17,95.0
train_ind,TKN,17,257.0
train_ind,TKN,17,17.0
train_ind,TKN,17,120.0
train_ind,TKN,17,36.0
train_ind,TKN,17,167.0
train_ind,TKN,17,57.0
train_ind,TKN,17,188.0
train_ind,TKN,17,15.0
train_ind,TKN,17,28.0
train_ind,TKN,17,186.0
train_ind,TKN,17,64.0
train_ind,TKN,17,140.0
train_ind,TKN,17,20.0
train_ind,TKN,17,99.0
train_ind,TKN,17,252.0
train_ind,TKN,17,187.0
train_ind,TKN,17,211.0
train_ind,TKN,17,243.0
train_ind,TKN,17,67.0
train_ind,TKN,17,27.0
train_ind,TKN,17,43.0
test_rsq,TKN,17,-0.0608230736409483
train_rsq,TKN,17,0.38506031789591055
test_rmse,TKN,17,0.22990268471331915
train_rmse,TKN,17,0.19147071222644424
test_mape,TKN,17,35.38449995330687
train_mape,TKN,17,121.6470131332534
n_comp,TKN,17,1.0
y_hat_test,TKN,18,0.4694498642446633
y_hat_test,TKN,18,0.3395898781988878
y_hat_test,TKN,18,0.5894366524500927
y_hat_test,TKN,18,0.7279485178328575
y_hat_test,TKN,18,0.47103697660812893
y_hat_test,TKN,18,0.4416901184397615
y_hat_test,TKN,18,0.5398649706732809
y_hat_test,TKN,18,0.36485643169605614
y_hat_test,TKN,18,0.49407771438360015
y_hat_test,TKN,18,0.43497031739311326
y_hat_test,TKN,18,0.51101715317626
y_hat_test,TKN,18,0.47255826408407103
y_hat_test,TKN,18,0.9939553737971849
y_hat_test,TKN,18,0.516672826801277
y_hat_test,TKN,18,0.5029583867149796
y_hat_test,TKN,18,0.8621897377388514
y_hat_test,TKN,18,0.4998588775317151
y_hat_test,TKN,18,0.46606992432864014
y_hat_test,TKN,18,0.7987489363507322
y_hat_test,TKN,18,0.727234875313129
y_hat_train,TKN,18,0.5521154644872465
y_hat_train,TKN,18,0.7328631538882462
y_hat_train,TKN,18,0.38599087477369576
y_hat_train,TKN,18,0.4329401119007845
y_hat_train,TKN,18,0.505500404770747
y_hat_train,TKN,18,0.9363751670626277
y_hat_train,TKN,18,0.5266758817002242
y_hat_train,TKN,18,0.6288024690061201
y_hat_train,TKN,18,0.7429585744716216
y_hat_train,TKN,18,0.33493193636331875
y_hat_train,TKN,18,0.6715757193523832
y_hat_train,TKN,18,0.5138971739618297
y_hat_train,TKN,18,0.63132796999371
y_hat_train,TKN,18,0.3877280143499784
y_hat_train,TKN,18,0.8480157211658317
y_hat_train,TKN,18,0.4277791998044199
y_hat_train,TKN,18,0.4923213355117615
y_hat_train,TKN,18,0.38118307850504085
y_hat_train,TKN,18,0.5536665813253066
y_hat_train,TKN,18,0.4986695748116293
y_hat_train,TKN,18,0.4556545438868855
y_hat_train,TKN,18,0.41428590191326575
y_hat_train,TKN,18,0.5592040978803097
y_hat_train,TKN,18,0.6597346801876255
y_hat_train,TKN,18,0.5137104771303111
y_hat_train,TKN,18,0.4441241345794185
y_hat_train,TKN,18,0.5269962014847088
y_hat_train,TKN,18,1.0169978561849637
y_hat_train,TKN,18,0.6612282570328983
y_hat_train,TKN,18,0.6165208957812744
y_hat_train,TKN,18,0.4805625016782284
y_hat_train,TKN,18,0.46899531852102705
y_hat_train,TKN,18,0.40549451337168246
y_hat_train,TKN,18,0.3771900129471394
y_hat_train,TKN,18,0.5053069084950117
y_hat_train,TKN,18,1.2051007874832964
y_hat_train,TKN,18,0.6015622048515272
y_hat_train,TKN,18,0.9044055079776664
y_hat_train,TKN,18,0.44406466179491844
y_hat_train,TKN,18,0.47216774753211976
y_hat_train,TKN,18,0.4020433184935096
y_hat_train,TKN,18,0.5860510134247
y_hat_train,TKN,18,0.44006205926614206
y_hat_train,TKN,18,0.483855242389755
y_hat_train,TKN,18,0.4793627485050889
y_true_train,TKN,18,0.52
y_true_train,TKN,18,0.48
y_true_train,TKN,18,0.39
y_true_train,TKN,18,0.26
y_true_train,TKN,18,0.58
y_true_train,TKN,18,0.7
y_true_train,TKN,18,0.63
y_true_train,TKN,18,0.67
y_true_train,TKN,18,0.72
y_true_train,TKN,18,0.3
y_true_train,TKN,18,0.67
y_true_train,TKN,18,0.56
y_true_train,TKN,18,0.67
y_true_train,TKN,18,0.32
y_true_train,TKN,18,1.18
y_true_train,TKN,18,0.48
y_true_train,TKN,18,0.62
y_true_train,TKN,18,0.22
y_true_train,TKN,18,0.43
y_true_train,TKN,18,0.34
y_true_train,TKN,18,0.56
y_true_train,TKN,18,0.59
y_true_train,TKN,18,0.49
y_true_train,TKN,18,0.77
y_true_train,TKN,18,1.0
y_true_train,TKN,18,0.87
y_true_train,TKN,18,0.39
y_true_train,TKN,18,1.01
y_true_train,TKN,18,0.85
y_true_train,TKN,18,0.58
y_true_train,TKN,18,0.64
y_true_train,TKN,18,0.43
y_true_train,TKN,18,0.36
y_true_train,TKN,18,0.01
y_true_train,TKN,18,0.3
y_true_train,TKN,18,1.22
y_true_train,TKN,18,0.57
y_true_train,TKN,18,0.83
y_true_train,TKN,18,0.34
y_true_train,TKN,18,0.64
y_true_train,TKN,18,0.46
y_true_train,TKN,18,0.44
y_true_train,TKN,18,0.4
y_true_train,TKN,18,0.46
y_true_train,TKN,18,0.36
y_true_test,TKN,18,0.62
y_true_test,TKN,18,0.28
y_true_test,TKN,18,0.73
y_true_test,TKN,18,0.76
y_true_test,TKN,18,0.48
y_true_test,TKN,18,0.56
y_true_test,TKN,18,0.39
y_true_test,TKN,18,0.77
y_true_test,TKN,18,0.46
y_true_test,TKN,18,0.92
y_true_test,TKN,18,0.41
y_true_test,TKN,18,0.76
y_true_test,TKN,18,1.07
y_true_test,TKN,18,0.44
y_true_test,TKN,18,0.34
y_true_test,TKN,18,0.87
y_true_test,TKN,18,0.43
y_true_test,TKN,18,0.89
y_true_test,TKN,18,0.69
y_true_test,TKN,18,0.96
test_ind,TKN,18,186.0
test_ind,TKN,18,140.0
test_ind,TKN,18,136.0
test_ind,TKN,18,28.0
test_ind,TKN,18,69.0
test_ind,TKN,18,39.0
test_ind,TKN,18,95.0
test_ind,TKN,18,187.0
test_ind,TKN,18,119.0
test_ind,TKN,18,64.0
test_ind,TKN,18,139.0
test_ind,TKN,18,55.0
test_ind,TKN,18,257.0
test_ind,TKN,18,99.0
test_ind,TKN,18,166.0
test_ind,TKN,18,72.0
test_ind,TKN,18,233.0
test_ind,TKN,18,67.0
test_ind,TKN,18,243.0
test_ind,TKN,18,118.0
train_ind,TKN,18,247.0
train_ind,TKN,18,138.0
train_ind,TKN,18,237.0
train_ind,TKN,18,236.0
train_ind,TKN,18,249.0
train_ind,TKN,18,43.0
train_ind,TKN,18,98.0
train_ind,TKN,18,96.0
train_ind,TKN,18,73.0
train_ind,TKN,18,211.0
train_ind,TKN,18,248.0
train_ind,TKN,18,167.0
train_ind,TKN,18,97.0
train_ind,TKN,18,14.0
train_ind,TKN,18,59.0
train_ind,TKN,18,252.0
train_ind,TKN,18,41.0
train_ind,TKN,18,214.0
train_ind,TKN,18,27.0
train_ind,TKN,18,42.0
train_ind,TKN,18,232.0
train_ind,TKN,18,34.0
train_ind,TKN,18,17.0
train_ind,TKN,18,15.0
train_ind,TKN,18,169.0
train_ind,TKN,18,20.0
train_ind,TKN,18,137.0
train_ind,TKN,18,38.0
train_ind,TKN,18,36.0
train_ind,TKN,18,258.0
train_ind,TKN,18,189.0
train_ind,TKN,18,65.0
train_ind,TKN,18,250.0
train_ind,TKN,18,57.0
train_ind,TKN,18,120.0
train_ind,TKN,18,71.0
train_ind,TKN,18,29.0
train_ind,TKN,18,16.0
train_ind,TKN,18,213.0
train_ind,TKN,18,188.0
train_ind,TKN,18,212.0
train_ind,TKN,18,23.0
train_ind,TKN,18,238.0
train_ind,TKN,18,61.0
train_ind,TKN,18,168.0
test_rsq,TKN,18,0.15221645564832909
train_rsq,TKN,18,0.5500993620504548
test_rmse,TKN,18,0.20806287314017194
train_rmse,TKN,18,0.16326795139074046
test_mape,TKN,18,24.145379804081877
train_mape,TKN,18,103.25601172207972
n_comp,TKN,18,2.0
y_hat_test,TKN,19,0.46738710340878553
y_hat_test,TKN,19,0.5940022700699741
y_hat_test,TKN,19,0.7644595545097917
y_hat_test,TKN,19,0.6838706241415996
y_hat_test,TKN,19,0.24705307942047583
y_hat_test,TKN,19,0.687897231918108
y_hat_test,TKN,19,0.7426590967245065
y_hat_test,TKN,19,0.5876452539528841
y_hat_test,TKN,19,0.4029285105481307
y_hat_test,TKN,19,0.3750144948089733
y_hat_test,TKN,19,0.5163102266187821
y_hat_test,TKN,19,0.4653000224971432
y_hat_test,TKN,19,0.5295578126740683
y_hat_test,TKN,19,0.6645868844117873
y_hat_test,TKN,19,0.6076246895015841
y_hat_test,TKN,19,0.6156286416524114
y_hat_test,TKN,19,0.34831317093012115
y_hat_test,TKN,19,0.4848267272279278
y_hat_test,TKN,19,0.541946263641541
y_hat_test,TKN,19,0.6011306102805526
y_hat_train,TKN,19,0.7289164002630415
y_hat_train,TKN,19,0.6514472796106654
y_hat_train,TKN,19,0.4264504312487775
y_hat_train,TKN,19,0.6892938531041963
y_hat_train,TKN,19,0.45828969642403217
y_hat_train,TKN,19,0.7180301305791641
y_hat_train,TKN,19,0.5816012194201738
y_hat_train,TKN,19,0.9210151793944406
y_hat_train,TKN,19,0.49621126078115596
y_hat_train,TKN,19,0.6244894504337047
y_hat_train,TKN,19,0.3899835719875654
y_hat_train,TKN,19,0.4900707413986188
y_hat_train,TKN,19,0.7122541273280445
y_hat_train,TKN,19,0.6621052997634929
y_hat_train,TKN,19,0.35951476768651924
y_hat_train,TKN,19,0.7732816345990317
y_hat_train,TKN,19,0.3403370192978594
y_hat_train,TKN,19,0.6010428867898372
y_hat_train,TKN,19,0.6334949207273959
y_hat_train,TKN,19,0.48889480054161855
y_hat_train,TKN,19,0.5913886495109782
y_hat_train,TKN,19,0.618217848063266
y_hat_train,TKN,19,0.9615326893622895
y_hat_train,TKN,19,0.44539135427092713
y_hat_train,TKN,19,0.8523922712109901
y_hat_train,TKN,19,0.6937213639095197
y_hat_train,TKN,19,0.593985807092422
y_hat_train,TKN,19,0.35100571293083016
y_hat_train,TKN,19,0.8521425783032307
y_hat_train,TKN,19,0.3983085749096751
y_hat_train,TKN,19,0.5502600594578649
y_hat_train,TKN,19,0.37123497760064506
y_hat_train,TKN,19,0.7849420129510071
y_hat_train,TKN,19,0.4441734472070267
y_hat_train,TKN,19,0.44778507460373684
y_hat_train,TKN,19,0.6035053907979971
y_hat_train,TKN,19,0.5056758151506374
y_hat_train,TKN,19,0.6030806859984782
y_hat_train,TKN,19,0.4358724149172517
y_hat_train,TKN,19,0.7818441919457236
y_hat_train,TKN,19,0.5693715824668882
y_hat_train,TKN,19,0.7532277827544844
y_hat_train,TKN,19,0.6262376700149088
y_hat_train,TKN,19,0.4942754916313484
y_hat_train,TKN,19,0.4937018815585417
y_true_train,TKN,19,0.58
y_true_train,TKN,19,0.52
y_true_train,TKN,19,0.39
y_true_train,TKN,19,0.72
y_true_train,TKN,19,0.92
y_true_train,TKN,19,0.62
y_true_train,TKN,19,0.67
y_true_train,TKN,19,1.07
y_true_train,TKN,19,0.56
y_true_train,TKN,19,0.39
y_true_train,TKN,19,0.41
y_true_train,TKN,19,0.48
y_true_train,TKN,19,0.58
y_true_train,TKN,19,0.96
y_true_train,TKN,19,0.39
y_true_train,TKN,19,0.67
y_true_train,TKN,19,0.01
y_true_train,TKN,19,0.67
y_true_train,TKN,19,0.48
y_true_train,TKN,19,0.43
y_true_train,TKN,19,0.87
y_true_train,TKN,19,1.0
y_true_train,TKN,19,1.01
y_true_train,TKN,19,0.59
y_true_train,TKN,19,0.76
y_true_train,TKN,19,0.64
y_true_train,TKN,19,0.76
y_true_train,TKN,19,0.46
y_true_train,TKN,19,0.7
y_true_train,TKN,19,0.28
y_true_train,TKN,19,0.62
y_true_train,TKN,19,0.34
y_true_train,TKN,19,0.69
y_true_train,TKN,19,0.36
y_true_train,TKN,19,0.46
y_true_train,TKN,19,0.44
y_true_train,TKN,19,0.3
y_true_train,TKN,19,0.89
y_true_train,TKN,19,0.4
y_true_train,TKN,19,0.83
y_true_train,TKN,19,0.44
y_true_train,TKN,19,0.85
y_true_train,TKN,19,0.56
y_true_train,TKN,19,0.46
y_true_train,TKN,19,0.34
y_true_test,TKN,19,0.48
y_true_test,TKN,19,0.43
y_true_test,TKN,19,1.18
y_true_test,TKN,19,0.77
y_true_test,TKN,19,0.3
y_true_test,TKN,19,0.87
y_true_test,TKN,19,0.57
y_true_test,TKN,19,0.34
y_true_test,TKN,19,0.77
y_true_test,TKN,19,0.22
y_true_test,TKN,19,0.43
y_true_test,TKN,19,0.64
y_true_test,TKN,19,0.63
y_true_test,TKN,19,0.73
y_true_test,TKN,19,0.49
y_true_test,TKN,19,1.22
y_true_test,TKN,19,0.32
y_true_test,TKN,19,0.26
y_true_test,TKN,19,0.36
y_true_test,TKN,19,0.56
test_ind,TKN,19,69.0
test_ind,TKN,19,27.0
test_ind,TKN,19,59.0
test_ind,TKN,19,15.0
test_ind,TKN,19,211.0
test_ind,TKN,19,72.0
test_ind,TKN,19,29.0
test_ind,TKN,19,42.0
test_ind,TKN,19,187.0
test_ind,TKN,19,214.0
test_ind,TKN,19,233.0
test_ind,TKN,19,188.0
test_ind,TKN,19,98.0
test_ind,TKN,19,136.0
test_ind,TKN,19,17.0
test_ind,TKN,19,71.0
test_ind,TKN,19,14.0
test_ind,TKN,19,236.0
test_ind,TKN,19,168.0
test_ind,TKN,19,167.0
train_ind,TKN,19,249.0
train_ind,TKN,19,247.0
train_ind,TKN,19,95.0
train_ind,TKN,19,73.0
train_ind,TKN,19,64.0
train_ind,TKN,19,41.0
train_ind,TKN,19,97.0
train_ind,TKN,19,257.0
train_ind,TKN,19,39.0
train_ind,TKN,19,137.0
train_ind,TKN,19,139.0
train_ind,TKN,19,252.0
train_ind,TKN,19,258.0
train_ind,TKN,19,118.0
train_ind,TKN,19,237.0
train_ind,TKN,19,248.0
train_ind,TKN,19,57.0
train_ind,TKN,19,96.0
train_ind,TKN,19,138.0
train_ind,TKN,19,65.0
train_ind,TKN,19,20.0
train_ind,TKN,19,169.0
train_ind,TKN,19,38.0
train_ind,TKN,19,34.0
train_ind,TKN,19,28.0
train_ind,TKN,19,189.0
train_ind,TKN,19,55.0
train_ind,TKN,19,212.0
train_ind,TKN,19,43.0
train_ind,TKN,19,140.0
train_ind,TKN,19,186.0
train_ind,TKN,19,213.0
train_ind,TKN,19,243.0
train_ind,TKN,19,250.0
train_ind,TKN,19,119.0
train_ind,TKN,19,23.0
train_ind,TKN,19,120.0
train_ind,TKN,19,67.0
train_ind,TKN,19,238.0
train_ind,TKN,19,16.0
train_ind,TKN,19,99.0
train_ind,TKN,19,36.0
train_ind,TKN,19,232.0
train_ind,TKN,19,61.0
train_ind,TKN,19,166.0
test_rsq,TKN,19,0.3271849045037294
train_rsq,TKN,19,0.4802596178854356
test_rmse,TKN,19,0.22478937678031527
train_rmse,TKN,19,0.1619194619752228
test_mape,TKN,19,32.301566381367955
train_mape,TKN,19,93.78662609273367
n_comp,TKN,19,3.0
y_hat_test,ON,0,0.4547435883137382
y_hat_test,ON,0,0.9238733399108363
y_hat_test,ON,0,0.69278437330774
y_hat_test,ON,0,0.37577872831855236
y_hat_test,ON,0,0.7957115519103103
y_hat_test,ON,0,0.4507687035104919
y_hat_test,ON,0,0.5035659186101002
y_hat_test,ON,0,0.4550158233430234
y_hat_test,ON,0,0.38435676998386675
y_hat_test,ON,0,0.4469048526255891
y_hat_test,ON,0,0.22795465113769775
y_hat_test,ON,0,0.25642181698478944
y_hat_test,ON,0,0.43082760163036055
y_hat_test,ON,0,0.43887730793575036
y_hat_test,ON,0,0.4217815000411291
y_hat_train,ON,0,0.7545789260970415
y_hat_train,ON,0,0.4640986310240347
y_hat_train,ON,0,0.6083962303418602
y_hat_train,ON,0,0.8952063785998281
y_hat_train,ON,0,0.6418550924381068
y_hat_train,ON,0,0.8274789329285916
y_hat_train,ON,0,0.46512056285741044
y_hat_train,ON,0,0.40414026100228984
y_hat_train,ON,0,0.5550284875159627
y_hat_train,ON,0,0.7460816999393205
y_hat_train,ON,0,0.3778114879348286
y_hat_train,ON,0,0.5017864739896029
y_hat_train,ON,0,0.6601624206823372
y_hat_train,ON,0,0.6128297120611036
y_hat_train,ON,0,0.40408177783638355
y_hat_train,ON,0,0.5304544361796644
y_hat_train,ON,0,0.7471090463867879
y_hat_train,ON,0,0.29494848936997226
y_hat_train,ON,0,0.6113036268657293
y_hat_train,ON,0,0.5683333178977952
y_hat_train,ON,0,0.38884940448079486
y_hat_train,ON,0,0.5827442068248526
y_hat_train,ON,0,0.46280818737488616
y_hat_train,ON,0,0.4807244174922114
y_hat_train,ON,0,0.6989378809526822
y_hat_train,ON,0,0.3566127104787061
y_hat_train,ON,0,0.5220515215545103
y_hat_train,ON,0,0.3832279577079356
y_hat_train,ON,0,0.3616256393029636
y_hat_train,ON,0,0.4188563906803137
y_hat_train,ON,0,0.3104802028510001
y_hat_train,ON,0,0.4893109655680703
y_hat_train,ON,0,0.20795101335972282
y_hat_train,ON,0,0.32458338648556284
y_hat_train,ON,0,0.6580477059371381
y_true_train,ON,0,0.740966667
y_true_train,ON,0,0.3089
y_true_train,ON,0,0.5611
y_true_train,ON,0,1.0636
y_true_train,ON,0,0.469645269
y_true_train,ON,0,0.6816
y_true_train,ON,0,0.402353412
y_true_train,ON,0,0.352189199
y_true_train,ON,0,0.7379
y_true_train,ON,0,0.639466667
y_true_train,ON,0,0.386833333
y_true_train,ON,0,0.518733333
y_true_train,ON,0,0.556966667
y_true_train,ON,0,0.6036
y_true_train,ON,0,0.603112452
y_true_train,ON,0,0.141533333
y_true_train,ON,0,1.138666667
y_true_train,ON,0,0.353433333
y_true_train,ON,0,0.572566667
y_true_train,ON,0,0.499766667
y_true_train,ON,0,0.534033333
y_true_train,ON,0,0.5223
y_true_train,ON,0,0.382866643
y_true_train,ON,0,0.1288
y_true_train,ON,0,0.852441684
y_true_train,ON,0,0.335708924
y_true_train,ON,0,0.847366667
y_true_train,ON,0,0.885933333
y_true_train,ON,0,0.5752
y_true_train,ON,0,0.215133333
y_true_train,ON,0,0.341833333
y_true_train,ON,0,0.236633333
y_true_train,ON,0,0.001166667
y_true_train,ON,0,0.461966667
y_true_train,ON,0,0.6633
y_true_test,ON,0,0.717429711
y_true_test,ON,0,0.996666667
y_true_test,ON,0,0.843733333
y_true_test,ON,0,0.360733333
y_true_test,ON,0,0.3781
y_true_test,ON,0,0.451213649
y_true_test,ON,0,0.3809
y_true_test,ON,0,0.537450695
y_true_test,ON,0,0.431
y_true_test,ON,0,0.5707
y_true_test,ON,0,0.752726198
y_true_test,ON,0,0.44389833
y_true_test,ON,0,0.40662425
y_true_test,ON,0,0.626164941
y_true_test,ON,0,0.4207
test_ind,ON,0,136.0
test_ind,ON,0,38.0
test_ind,ON,0,36.0
test_ind,ON,0,238.0
test_ind,ON,0,16.0
test_ind,ON,0,119.0
test_ind,ON,0,233.0
test_ind,ON,0,167.0
test_ind,ON,0,69.0
test_ind,ON,0,20.0
test_ind,ON,0,187.0
test_ind,ON,0,212.0
test_ind,ON,0,99.0
test_ind,ON,0,188.0
test_ind,ON,0,61.0
train_ind,ON,0,28.0
train_ind,ON,0,42.0
train_ind,ON,0,249.0
train_ind,ON,0,257.0
train_ind,ON,0,138.0
train_ind,ON,0,43.0
train_ind,ON,0,139.0
train_ind,ON,0,168.0
train_ind,ON,0,55.0
train_ind,ON,0,243.0
train_ind,ON,0,65.0
train_ind,ON,0,247.0
train_ind,ON,0,29.0
train_ind,ON,0,41.0
train_ind,ON,0,98.0
train_ind,ON,0,23.0
train_ind,ON,0,59.0
train_ind,ON,0,237.0
train_ind,ON,0,258.0
train_ind,ON,0,15.0
train_ind,ON,0,39.0
train_ind,ON,0,232.0
train_ind,ON,0,95.0
train_ind,ON,0,27.0
train_ind,ON,0,72.0
train_ind,ON,0,213.0
train_ind,ON,0,67.0
train_ind,ON,0,64.0
train_ind,ON,0,34.0
train_ind,ON,0,236.0
train_ind,ON,0,250.0
train_ind,ON,0,17.0
train_ind,ON,0,14.0
train_ind,ON,0,252.0
train_ind,ON,0,248.0
test_rsq,ON,0,-0.24617244354966128
train_rsq,ON,0,0.41355849647042975
test_rmse,ON,0,0.20932493718487594
train_rmse,ON,0,0.1907346131820105
test_mape,ON,0,26.97697980112296
train_mape,ON,0,544.7429651594014
n_comp,ON,0,3.0
y_hat_test,ON,1,0.39669278302499555
y_hat_test,ON,1,0.4339647663230528
y_hat_test,ON,1,0.3867108712933315
y_hat_test,ON,1,0.4161729304527167
y_hat_test,ON,1,0.7610635789899614
y_hat_test,ON,1,0.5606238126107735
y_hat_test,ON,1,0.891391177615813
y_hat_test,ON,1,0.6312526475668827
y_hat_test,ON,1,0.4695381641501428
y_hat_test,ON,1,0.554310704913031
y_hat_test,ON,1,0.5181015848835498
y_hat_test,ON,1,0.4226604098897911
y_hat_test,ON,1,0.45359523634059534
y_hat_test,ON,1,0.3960799194544221
y_hat_test,ON,1,0.4379765095442754
y_hat_train,ON,1,0.6973121271961279
y_hat_train,ON,1,0.5944138028051504
y_hat_train,ON,1,0.5520430710725355
y_hat_train,ON,1,0.46693604911497366
y_hat_train,ON,1,0.4926062188779208
y_hat_train,ON,1,0.4197570130401004
y_hat_train,ON,1,0.7339082391393558
y_hat_train,ON,1,0.5129749103665627
y_hat_train,ON,1,0.41627916773142426
y_hat_train,ON,1,0.7459516302208407
y_hat_train,ON,1,0.49368269051923624
y_hat_train,ON,1,0.45341198862516274
y_hat_train,ON,1,0.5237280719152734
y_hat_train,ON,1,0.3640642004900826
y_hat_train,ON,1,0.590418148836107
y_hat_train,ON,1,0.6764077693265498
y_hat_train,ON,1,0.6492251054574594
y_hat_train,ON,1,0.42998893814533445
y_hat_train,ON,1,0.4667945532042733
y_hat_train,ON,1,0.4962394505096646
y_hat_train,ON,1,0.5498714615776475
y_hat_train,ON,1,0.5542096741017463
y_hat_train,ON,1,0.6756753433066301
y_hat_train,ON,1,0.509654415839011
y_hat_train,ON,1,0.6394452342428978
y_hat_train,ON,1,0.4219804569399159
y_hat_train,ON,1,0.4669839436904939
y_hat_train,ON,1,0.8281721195851774
y_hat_train,ON,1,0.5411129049178057
y_hat_train,ON,1,0.9303398832967016
y_hat_train,ON,1,0.4322230282004698
y_hat_train,ON,1,0.5590323046139551
y_hat_train,ON,1,0.47245642572175583
y_hat_train,ON,1,0.5866896426856383
y_hat_train,ON,1,0.3986293066860248
y_true_train,ON,1,0.639466667
y_true_train,ON,1,0.572566667
y_true_train,ON,1,0.40662425
y_true_train,ON,1,0.431
y_true_train,ON,1,0.6036
y_true_train,ON,1,0.360733333
y_true_train,ON,1,1.138666667
y_true_train,ON,1,0.5611
y_true_train,ON,1,0.382866643
y_true_train,ON,1,0.852441684
y_true_train,ON,1,0.5707
y_true_train,ON,1,0.752726198
y_true_train,ON,1,0.3089
y_true_train,ON,1,0.402353412
y_true_train,ON,1,0.843733333
y_true_train,ON,1,0.717429711
y_true_train,ON,1,0.6633
y_true_train,ON,1,0.626164941
y_true_train,ON,1,0.4207
y_true_train,ON,1,0.386833333
y_true_train,ON,1,0.603112452
y_true_train,ON,1,0.1288
y_true_train,ON,1,0.740966667
y_true_train,ON,1,0.461966667
y_true_train,ON,1,0.499766667
y_true_train,ON,1,0.7379
y_true_train,ON,1,0.001166667
y_true_train,ON,1,0.6816
y_true_train,ON,1,0.141533333
y_true_train,ON,1,0.996666667
y_true_train,ON,1,0.5752
y_true_train,ON,1,0.556966667
y_true_train,ON,1,0.534033333
y_true_train,ON,1,0.518733333
y_true_train,ON,1,0.5223
y_true_test,ON,1,0.451213649
y_true_test,ON,1,0.44389833
y_true_test,ON,1,0.353433333
y_true_test,ON,1,0.3809
y_true_test,ON,1,0.3781
y_true_test,ON,1,0.236633333
y_true_test,ON,1,1.0636
y_true_test,ON,1,0.469645269
y_true_test,ON,1,0.341833333
y_true_test,ON,1,0.537450695
y_true_test,ON,1,0.352189199
y_true_test,ON,1,0.215133333
y_true_test,ON,1,0.847366667
y_true_test,ON,1,0.335708924
y_true_test,ON,1,0.885933333
test_ind,ON,1,119.0
test_ind,ON,1,212.0
test_ind,ON,1,237.0
test_ind,ON,1,233.0
test_ind,ON,1,16.0
test_ind,ON,1,17.0
test_ind,ON,1,257.0
test_ind,ON,1,138.0
test_ind,ON,1,250.0
test_ind,ON,1,167.0
test_ind,ON,1,168.0
test_ind,ON,1,236.0
test_ind,ON,1,67.0
test_ind,ON,1,213.0
test_ind,ON,1,64.0
train_ind,ON,1,243.0
train_ind,ON,1,258.0
train_ind,ON,1,99.0
train_ind,ON,1,69.0
train_ind,ON,1,41.0
train_ind,ON,1,238.0
train_ind,ON,1,59.0
train_ind,ON,1,249.0
train_ind,ON,1,95.0
train_ind,ON,1,72.0
train_ind,ON,1,20.0
train_ind,ON,1,187.0
train_ind,ON,1,42.0
train_ind,ON,1,139.0
train_ind,ON,1,36.0
train_ind,ON,1,136.0
train_ind,ON,1,248.0
train_ind,ON,1,188.0
train_ind,ON,1,61.0
train_ind,ON,1,65.0
train_ind,ON,1,98.0
train_ind,ON,1,27.0
train_ind,ON,1,28.0
train_ind,ON,1,252.0
train_ind,ON,1,15.0
train_ind,ON,1,55.0
train_ind,ON,1,14.0
train_ind,ON,1,43.0
train_ind,ON,1,23.0
train_ind,ON,1,38.0
train_ind,ON,1,34.0
train_ind,ON,1,29.0
train_ind,ON,1,39.0
train_ind,ON,1,247.0
train_ind,ON,1,232.0
test_rsq,ON,1,0.12427360465697246
train_rsq,ON,1,0.31000366152476655
test_rmse,ON,1,0.22500068671874535
train_rmse,ON,1,0.18813194065697217
test_mape,ON,1,41.39247026975648
train_mape,ON,1,1175.3720509499963
n_comp,ON,1,1.0
y_hat_test,ON,2,0.44978083356179077
y_hat_test,ON,2,0.5135950204272337
y_hat_test,ON,2,0.5933102143040266
y_hat_test,ON,2,0.4728262136192845
y_hat_test,ON,2,0.5067165337557173
y_hat_test,ON,2,0.49031910778606536
y_hat_test,ON,2,0.5763931507900719
y_hat_test,ON,2,0.49312140269819965
y_hat_test,ON,2,0.46820014185999365
y_hat_test,ON,2,0.6116342308484587
y_hat_test,ON,2,0.45496411518173546
y_hat_test,ON,2,0.6846991342881898
y_hat_test,ON,2,0.6079778882526403
y_hat_test,ON,2,0.4931494870886671
y_hat_test,ON,2,0.4486219076404052
y_hat_train,ON,2,0.4868059441814153
y_hat_train,ON,2,0.4678812261930113
y_hat_train,ON,2,0.6188087745212828
y_hat_train,ON,2,0.5283625372811537
y_hat_train,ON,2,0.5182933929501412
y_hat_train,ON,2,0.42892831914625995
y_hat_train,ON,2,0.5214346124703119
y_hat_train,ON,2,0.5154217040303534
y_hat_train,ON,2,0.5697019900638265
y_hat_train,ON,2,0.5595548426485321
y_hat_train,ON,2,0.47208314583597155
y_hat_train,ON,2,0.46442447336696
y_hat_train,ON,2,0.475072924295876
y_hat_train,ON,2,0.4581888575965897
y_hat_train,ON,2,0.5457974241691106
y_hat_train,ON,2,0.5071220510049774
y_hat_train,ON,2,0.5304524788484596
y_hat_train,ON,2,0.5336368589111848
y_hat_train,ON,2,0.5034317259299721
y_hat_train,ON,2,0.5310870469010824
y_hat_train,ON,2,0.46048314598598095
y_hat_train,ON,2,0.4851702429653601
y_hat_train,ON,2,0.5930551294903122
y_hat_train,ON,2,0.5335967814234751
y_hat_train,ON,2,0.46845717152819405
y_hat_train,ON,2,0.5882620034078366
y_hat_train,ON,2,0.5500510723443441
y_hat_train,ON,2,0.7045536356962085
y_hat_train,ON,2,0.4872005608096854
y_hat_train,ON,2,0.5491053405982635
y_hat_train,ON,2,0.48751281895894305
y_hat_train,ON,2,0.5336943369229494
y_hat_train,ON,2,0.5168191853396672
y_hat_train,ON,2,0.6538904183920609
y_hat_train,ON,2,0.4491559047902458
y_true_train,ON,2,0.752726198
y_true_train,ON,2,0.7379
y_true_train,ON,2,0.3781
y_true_train,ON,2,0.603112452
y_true_train,ON,2,0.3089
y_true_train,ON,2,0.402353412
y_true_train,ON,2,0.141533333
y_true_train,ON,2,0.352189199
y_true_train,ON,2,0.499766667
y_true_train,ON,2,0.469645269
y_true_train,ON,2,0.44389833
y_true_train,ON,2,0.360733333
y_true_train,ON,2,0.885933333
y_true_train,ON,2,0.5223
y_true_train,ON,2,0.843733333
y_true_train,ON,2,0.5707
y_true_train,ON,2,0.1288
y_true_train,ON,2,0.236633333
y_true_train,ON,2,0.386833333
y_true_train,ON,2,0.40662425
y_true_train,ON,2,0.3809
y_true_train,ON,2,0.847366667
y_true_train,ON,2,0.639466667
y_true_train,ON,2,0.537450695
y_true_train,ON,2,0.626164941
y_true_train,ON,2,0.740966667
y_true_train,ON,2,0.572566667
y_true_train,ON,2,0.996666667
y_true_train,ON,2,0.4207
y_true_train,ON,2,0.518733333
y_true_train,ON,2,0.431
y_true_train,ON,2,0.556966667
y_true_train,ON,2,0.5611
y_true_train,ON,2,0.6816
y_true_train,ON,2,0.353433333
y_true_test,ON,2,0.335708924
y_true_test,ON,2,0.461966667
y_true_test,ON,2,0.717429711
y_true_test,ON,2,0.5752
y_true_test,ON,2,0.6036
y_true_test,ON,2,0.001166667
y_true_test,ON,2,0.6633
y_true_test,ON,2,0.341833333
y_true_test,ON,2,0.215133333
y_true_test,ON,2,0.852441684
y_true_test,ON,2,0.382866643
y_true_test,ON,2,1.0636
y_true_test,ON,2,1.138666667
y_true_test,ON,2,0.534033333
y_true_test,ON,2,0.451213649
test_ind,ON,2,213.0
test_ind,ON,2,252.0
test_ind,ON,2,136.0
test_ind,ON,2,34.0
test_ind,ON,2,41.0
test_ind,ON,2,14.0
test_ind,ON,2,248.0
test_ind,ON,2,250.0
test_ind,ON,2,236.0
test_ind,ON,2,72.0
test_ind,ON,2,95.0
test_ind,ON,2,257.0
test_ind,ON,2,59.0
test_ind,ON,2,39.0
test_ind,ON,2,119.0
train_ind,ON,2,187.0
train_ind,ON,2,55.0
train_ind,ON,2,16.0
train_ind,ON,2,98.0
train_ind,ON,2,42.0
train_ind,ON,2,139.0
train_ind,ON,2,23.0
train_ind,ON,2,168.0
train_ind,ON,2,15.0
train_ind,ON,2,138.0
train_ind,ON,2,212.0
train_ind,ON,2,238.0
train_ind,ON,2,64.0
train_ind,ON,2,232.0
train_ind,ON,2,36.0
train_ind,ON,2,20.0
train_ind,ON,2,27.0
train_ind,ON,2,17.0
train_ind,ON,2,65.0
train_ind,ON,2,99.0
train_ind,ON,2,233.0
train_ind,ON,2,67.0
train_ind,ON,2,243.0
train_ind,ON,2,167.0
train_ind,ON,2,188.0
train_ind,ON,2,28.0
train_ind,ON,2,258.0
train_ind,ON,2,38.0
train_ind,ON,2,61.0
train_ind,ON,2,247.0
train_ind,ON,2,69.0
train_ind,ON,2,29.0
train_ind,ON,2,249.0
train_ind,ON,2,43.0
train_ind,ON,2,237.0
test_rsq,ON,2,0.3239569033821962
train_rsq,ON,2,0.08348403570700313
test_rmse,ON,2,0.2414905191372879
train_rmse,ON,2,0.19170129701279892
test_mape,ON,2,2822.4118680712154
train_mape,ON,2,41.06332064958128
n_comp,ON,2,1.0
y_hat_test,ON,3,0.37469946370354
y_hat_test,ON,3,0.7059806659679224
y_hat_test,ON,3,0.32945984417187957
y_hat_test,ON,3,0.3907866335272132
y_hat_test,ON,3,0.5137546490293997
y_hat_test,ON,3,0.5190566965521737
y_hat_test,ON,3,0.9517403353197181
y_hat_test,ON,3,0.965374884075704
y_hat_test,ON,3,0.9431981292364942
y_hat_test,ON,3,0.46112765583275817
y_hat_test,ON,3,0.27836967220166275
y_hat_test,ON,3,0.7226140430808423
y_hat_test,ON,3,1.0119084547285184
y_hat_test,ON,3,0.5275916881171121
y_hat_test,ON,3,0.7479041575512996
y_hat_train,ON,3,0.4212335423281512
y_hat_train,ON,3,0.8052922653120322
y_hat_train,ON,3,0.8217742974358488
y_hat_train,ON,3,0.3485277421281223
y_hat_train,ON,3,1.0391446873153702
y_hat_train,ON,3,0.6251635320296456
y_hat_train,ON,3,0.36290195089355654
y_hat_train,ON,3,0.3931097053201229
y_hat_train,ON,3,0.6773762278651564
y_hat_train,ON,3,0.3864354569845347
y_hat_train,ON,3,0.41734943384024803
y_hat_train,ON,3,0.49473432740160983
y_hat_train,ON,3,0.44485489674647
y_hat_train,ON,3,0.2493551766737126
y_hat_train,ON,3,0.6630060992075257
y_hat_train,ON,3,0.41606372188559826
y_hat_train,ON,3,0.6473648932664147
y_hat_train,ON,3,0.7056900488967711
y_hat_train,ON,3,0.37569776866641347
y_hat_train,ON,3,0.440314873173911
y_hat_train,ON,3,0.38308633844302836
y_hat_train,ON,3,0.4815536054077936
y_hat_train,ON,3,0.3732624012181943
y_hat_train,ON,3,0.5483482028387646
y_hat_train,ON,3,0.583595475795511
y_hat_train,ON,3,0.5741884190452929
y_hat_train,ON,3,0.39971563385833203
y_hat_train,ON,3,0.5839980469597433
y_hat_train,ON,3,0.642928066969185
y_hat_train,ON,3,0.9212521019936959
y_hat_train,ON,3,0.17756456062009657
y_hat_train,ON,3,0.6239842914781759
y_hat_train,ON,3,0.42719094905602456
y_hat_train,ON,3,0.3840313133782313
y_hat_train,ON,3,0.6954042885667151
y_true_train,ON,3,0.603112452
y_true_train,ON,3,0.7379
y_true_train,ON,3,0.6816
y_true_train,ON,3,0.402353412
y_true_train,ON,3,0.996666667
y_true_train,ON,3,0.740966667
y_true_train,ON,3,0.353433333
y_true_train,ON,3,0.451213649
y_true_train,ON,3,0.626164941
y_true_train,ON,3,0.341833333
y_true_train,ON,3,0.141533333
y_true_train,ON,3,0.518733333
y_true_train,ON,3,0.499766667
y_true_train,ON,3,0.44389833
y_true_train,ON,3,0.3781
y_true_train,ON,3,0.431
y_true_train,ON,3,0.752726198
y_true_train,ON,3,1.138666667
y_true_train,ON,3,0.40662425
y_true_train,ON,3,0.3089
y_true_train,ON,3,0.469645269
y_true_train,ON,3,0.386833333
y_true_train,ON,3,0.352189199
y_true_train,ON,3,0.3809
y_true_train,ON,3,0.6633
y_true_train,ON,3,0.572566667
y_true_train,ON,3,0.360733333
y_true_train,ON,3,0.843733333
y_true_train,ON,3,0.885933333
y_true_train,ON,3,0.847366667
y_true_train,ON,3,0.001166667
y_true_train,ON,3,0.556966667
y_true_train,ON,3,0.236633333
y_true_train,ON,3,0.382866643
y_true_train,ON,3,0.639466667
y_true_test,ON,3,0.534033333
y_true_test,ON,3,0.215133333
y_true_test,ON,3,0.5752
y_true_test,ON,3,0.461966667
y_true_test,ON,3,0.537450695
y_true_test,ON,3,0.717429711
y_true_test,ON,3,0.6036
y_true_test,ON,3,1.0636
y_true_test,ON,3,0.5611
y_true_test,ON,3,0.1288
y_true_test,ON,3,0.335708924
y_true_test,ON,3,0.852441684
y_true_test,ON,3,0.5223
y_true_test,ON,3,0.4207
y_true_test,ON,3,0.5707
test_ind,ON,3,39.0
test_ind,ON,3,236.0
test_ind,ON,3,34.0
test_ind,ON,3,252.0
test_ind,ON,3,167.0
test_ind,ON,3,136.0
test_ind,ON,3,41.0
test_ind,ON,3,257.0
test_ind,ON,3,249.0
test_ind,ON,3,27.0
test_ind,ON,3,213.0
test_ind,ON,3,72.0
test_ind,ON,3,232.0
test_ind,ON,3,61.0
test_ind,ON,3,20.0
train_ind,ON,3,98.0
train_ind,ON,3,55.0
train_ind,ON,3,43.0
train_ind,ON,3,139.0
train_ind,ON,3,38.0
train_ind,ON,3,28.0
train_ind,ON,3,237.0
train_ind,ON,3,119.0
train_ind,ON,3,188.0
train_ind,ON,3,250.0
train_ind,ON,3,23.0
train_ind,ON,3,247.0
train_ind,ON,3,15.0
train_ind,ON,3,212.0
train_ind,ON,3,16.0
train_ind,ON,3,69.0
train_ind,ON,3,187.0
train_ind,ON,3,59.0
train_ind,ON,3,99.0
train_ind,ON,3,42.0
train_ind,ON,3,138.0
train_ind,ON,3,65.0
train_ind,ON,3,168.0
train_ind,ON,3,233.0
train_ind,ON,3,248.0
train_ind,ON,3,258.0
train_ind,ON,3,238.0
train_ind,ON,3,36.0
train_ind,ON,3,64.0
train_ind,ON,3,67.0
train_ind,ON,3,14.0
train_ind,ON,3,29.0
train_ind,ON,3,17.0
train_ind,ON,3,95.0
train_ind,ON,3,243.0
test_rsq,ON,3,-0.42130218446741896
train_rsq,ON,3,0.6128944415397459
test_rmse,ON,3,0.26604055733331794
train_rmse,ON,3,0.14726159297334482
test_mape,ON,3,61.58159173561227
train_mape,ON,3,456.2725729417964
n_comp,ON,3,6.0
y_hat_test,ON,4,0.5195963076325691
y_hat_test,ON,4,0.7975794299114679
y_hat_test,ON,4,0.8275960284669805
y_hat_test,ON,4,0.46780968404134454
y_hat_test,ON,4,0.453104431836007
y_hat_test,ON,4,0.5163351380532855
y_hat_test,ON,4,0.6207121481809983
y_hat_test,ON,4,0.5139668762311324
y_hat_test,ON,4,0.415183360028986
y_hat_test,ON,4,0.45232177615470043
y_hat_test,ON,4,0.4510451884200086
y_hat_test,ON,4,0.6084448729470517
y_hat_test,ON,4,0.4308493218447642
y_hat_test,ON,4,0.747173089021957
y_hat_test,ON,4,0.42046765301025435
y_hat_train,ON,4,0.4035512642739973
y_hat_train,ON,4,0.4020285555459293
y_hat_train,ON,4,0.4719135054317
y_hat_train,ON,4,0.4219302411077328
y_hat_train,ON,4,0.47702184120149893
y_hat_train,ON,4,0.4720228353195623
y_hat_train,ON,4,0.5553319105228832
y_hat_train,ON,4,0.4281574076896322
y_hat_train,ON,4,0.5916544338031302
y_hat_train,ON,4,0.642220038824489
y_hat_train,ON,4,0.486781923027168
y_hat_train,ON,4,0.5150053460975219
y_hat_train,ON,4,0.4876643637491273
y_hat_train,ON,4,0.6727200620893975
y_hat_train,ON,4,0.5969268322113002
y_hat_train,ON,4,0.42648637250405197
y_hat_train,ON,4,0.49384884938996165
y_hat_train,ON,4,0.697077240101774
y_hat_train,ON,4,0.5422075712123132
y_hat_train,ON,4,0.4220325811876159
y_hat_train,ON,4,0.4419761685249101
y_hat_train,ON,4,0.44363858042771576
y_hat_train,ON,4,0.5244610061034324
y_hat_train,ON,4,0.4179970847975147
y_hat_train,ON,4,0.39970323995641466
y_hat_train,ON,4,0.5539849932412239
y_hat_train,ON,4,0.3831407380858856
y_hat_train,ON,4,0.41698363659577775
y_hat_train,ON,4,0.42252243620669466
y_hat_train,ON,4,0.5278265931038826
y_hat_train,ON,4,0.6831892856896498
y_hat_train,ON,4,0.38713706508497503
y_hat_train,ON,4,0.5884742911650576
y_hat_train,ON,4,0.5132984673816086
y_hat_train,ON,4,0.4473228723444753
y_true_train,ON,4,0.451213649
y_true_train,ON,4,0.5223
y_true_train,ON,4,0.386833333
y_true_train,ON,4,0.382866643
y_true_train,ON,4,0.461966667
y_true_train,ON,4,0.6036
y_true_train,ON,4,0.843733333
y_true_train,ON,4,0.885933333
y_true_train,ON,4,0.469645269
y_true_train,ON,4,0.639466667
y_true_train,ON,4,0.5611
y_true_train,ON,4,0.40662425
y_true_train,ON,4,0.352189199
y_true_train,ON,4,1.138666667
y_true_train,ON,4,0.6633
y_true_train,ON,4,0.626164941
y_true_train,ON,4,0.3089
y_true_train,ON,4,0.3781
y_true_train,ON,4,0.518733333
y_true_train,ON,4,0.44389833
y_true_train,ON,4,0.847366667
y_true_train,ON,4,0.001166667
y_true_train,ON,4,0.236633333
y_true_train,ON,4,0.3809
y_true_train,ON,4,0.335708924
y_true_train,ON,4,0.572566667
y_true_train,ON,4,0.402353412
y_true_train,ON,4,0.215133333
y_true_train,ON,4,0.5752
y_true_train,ON,4,0.556966667
y_true_train,ON,4,0.852441684
y_true_train,ON,4,0.353433333
y_true_train,ON,4,0.499766667
y_true_train,ON,4,0.141533333
y_true_train,ON,4,0.341833333
y_true_test,ON,4,0.1288
y_true_test,ON,4,1.0636
y_true_test,ON,4,0.996666667
y_true_test,ON,4,0.5707
y_true_test,ON,4,0.534033333
y_true_test,ON,4,0.537450695
y_true_test,ON,4,0.740966667
y_true_test,ON,4,0.603112452
y_true_test,ON,4,0.360733333
y_true_test,ON,4,0.4207
y_true_test,ON,4,0.431
y_true_test,ON,4,0.717429711
y_true_test,ON,4,0.752726198
y_true_test,ON,4,0.6816
y_true_test,ON,4,0.7379
test_ind,ON,4,27.0
test_ind,ON,4,257.0
test_ind,ON,4,38.0
test_ind,ON,4,20.0
test_ind,ON,4,39.0
test_ind,ON,4,167.0
test_ind,ON,4,28.0
test_ind,ON,4,98.0
test_ind,ON,4,238.0
test_ind,ON,4,61.0
test_ind,ON,4,69.0
test_ind,ON,4,136.0
test_ind,ON,4,187.0
test_ind,ON,4,43.0
test_ind,ON,4,55.0
train_ind,ON,4,119.0
train_ind,ON,4,232.0
train_ind,ON,4,65.0
train_ind,ON,4,95.0
train_ind,ON,4,252.0
train_ind,ON,4,41.0
train_ind,ON,4,36.0
train_ind,ON,4,64.0
train_ind,ON,4,138.0
train_ind,ON,4,243.0
train_ind,ON,4,249.0
train_ind,ON,4,99.0
train_ind,ON,4,168.0
train_ind,ON,4,59.0
train_ind,ON,4,248.0
train_ind,ON,4,188.0
train_ind,ON,4,42.0
train_ind,ON,4,16.0
train_ind,ON,4,247.0
train_ind,ON,4,212.0
train_ind,ON,4,67.0
train_ind,ON,4,14.0
train_ind,ON,4,17.0
train_ind,ON,4,233.0
train_ind,ON,4,213.0
train_ind,ON,4,258.0
train_ind,ON,4,139.0
train_ind,ON,4,236.0
train_ind,ON,4,34.0
train_ind,ON,4,29.0
train_ind,ON,4,72.0
train_ind,ON,4,237.0
train_ind,ON,4,15.0
train_ind,ON,4,23.0
train_ind,ON,4,250.0
test_rsq,ON,4,0.35290694304828296
train_rsq,ON,4,0.1521101984604718
test_rmse,ON,4,0.18564761017645862
train_rmse,ON,4,0.20603065626906475
test_mape,ON,4,36.757556667930494
train_mape,ON,4,1117.6199872162883
n_comp,ON,4,1.0
y_hat_test,ON,5,0.6216433267388086
y_hat_test,ON,5,0.8216534107204778
y_hat_test,ON,5,0.5345447947074043
y_hat_test,ON,5,0.45144966431287237
y_hat_test,ON,5,0.664118913148003
y_hat_test,ON,5,0.676441129671163
y_hat_test,ON,5,0.737836304206732
y_hat_test,ON,5,0.5496834582150837
y_hat_test,ON,5,0.5151181849948177
y_hat_test,ON,5,0.612308601265052
y_hat_test,ON,5,0.5796094271446433
y_hat_test,ON,5,0.5823580023426289
y_hat_test,ON,5,0.47992627946710503
y_hat_test,ON,5,0.42734964790884655
y_hat_test,ON,5,0.7618327613252556
y_hat_train,ON,5,0.49927327480907036
y_hat_train,ON,5,0.9372535642219388
y_hat_train,ON,5,0.6545592500908808
y_hat_train,ON,5,0.5478412481617675
y_hat_train,ON,5,0.5215402508263287
y_hat_train,ON,5,0.34228187779341623
y_hat_train,ON,5,0.4645651224655133
y_hat_train,ON,5,0.39716700244646386
y_hat_train,ON,5,0.5831258321259617
y_hat_train,ON,5,0.6108200360104608
y_hat_train,ON,5,0.5229152645996192
y_hat_train,ON,5,0.4340193352662991
y_hat_train,ON,5,0.4051047343984507
y_hat_train,ON,5,0.4829608270284879
y_hat_train,ON,5,0.6016547583629929
y_hat_train,ON,5,0.5613074482089686
y_hat_train,ON,5,1.0048386194208698
y_hat_train,ON,5,0.6563675065322859
y_hat_train,ON,5,0.30164083536849534
y_hat_train,ON,5,0.4347413109065154
y_hat_train,ON,5,0.7967930496474289
y_hat_train,ON,5,0.45477605434539914
y_hat_train,ON,5,0.6223706136964156
y_hat_train,ON,5,0.6444521663783752
y_hat_train,ON,5,0.4119073167368599
y_hat_train,ON,5,0.32731753747450476
y_hat_train,ON,5,0.4314722331410712
y_hat_train,ON,5,0.397394051457692
y_hat_train,ON,5,0.5568220989001939
y_hat_train,ON,5,0.41501146814774126
y_hat_train,ON,5,0.5939572388231572
y_hat_train,ON,5,0.364196767609427
y_hat_train,ON,5,0.43887898208704673
y_hat_train,ON,5,0.5117493941378941
y_hat_train,ON,5,0.4298583933720096
y_true_train,ON,5,0.141533333
y_true_train,ON,5,1.0636
y_true_train,ON,5,0.626164941
y_true_train,ON,5,0.5223
y_true_train,ON,5,0.40662425
y_true_train,ON,5,0.360733333
y_true_train,ON,5,0.752726198
y_true_train,ON,5,0.382866643
y_true_train,ON,5,0.843733333
y_true_train,ON,5,0.6633
y_true_train,ON,5,0.603112452
y_true_train,ON,5,0.4207
y_true_train,ON,5,0.431
y_true_train,ON,5,0.386833333
y_true_train,ON,5,0.572566667
y_true_train,ON,5,0.499766667
y_true_train,ON,5,0.996666667
y_true_train,ON,5,0.6036
y_true_train,ON,5,0.353433333
y_true_train,ON,5,0.341833333
y_true_train,ON,5,0.6816
y_true_train,ON,5,0.534033333
y_true_train,ON,5,0.740966667
y_true_train,ON,5,0.5611
y_true_train,ON,5,0.402353412
y_true_train,ON,5,0.451213649
y_true_train,ON,5,0.215133333
y_true_train,ON,5,0.335708924
y_true_train,ON,5,0.556966667
y_true_train,ON,5,0.5752
y_true_train,ON,5,0.7379
y_true_train,ON,5,0.3809
y_true_train,ON,5,0.461966667
y_true_train,ON,5,0.3089
y_true_train,ON,5,0.44389833
y_true_test,ON,5,0.639466667
y_true_test,ON,5,0.469645269
y_true_test,ON,5,0.1288
y_true_test,ON,5,0.885933333
y_true_test,ON,5,0.717429711
y_true_test,ON,5,1.138666667
y_true_test,ON,5,0.3781
y_true_test,ON,5,0.518733333
y_true_test,ON,5,0.236633333
y_true_test,ON,5,0.847366667
y_true_test,ON,5,0.537450695
y_true_test,ON,5,0.5707
y_true_test,ON,5,0.352189199
y_true_test,ON,5,0.001166667
y_true_test,ON,5,0.852441684
test_ind,ON,5,243.0
test_ind,ON,5,138.0
test_ind,ON,5,27.0
test_ind,ON,5,64.0
test_ind,ON,5,136.0
test_ind,ON,5,59.0
test_ind,ON,5,16.0
test_ind,ON,5,247.0
test_ind,ON,5,17.0
test_ind,ON,5,67.0
test_ind,ON,5,167.0
test_ind,ON,5,20.0
test_ind,ON,5,168.0
test_ind,ON,5,14.0
test_ind,ON,5,72.0
train_ind,ON,5,23.0
train_ind,ON,5,257.0
train_ind,ON,5,188.0
train_ind,ON,5,232.0
train_ind,ON,5,99.0
train_ind,ON,5,238.0
train_ind,ON,5,187.0
train_ind,ON,5,95.0
train_ind,ON,5,36.0
train_ind,ON,5,248.0
train_ind,ON,5,98.0
train_ind,ON,5,61.0
train_ind,ON,5,69.0
train_ind,ON,5,65.0
train_ind,ON,5,258.0
train_ind,ON,5,15.0
train_ind,ON,5,38.0
train_ind,ON,5,41.0
train_ind,ON,5,237.0
train_ind,ON,5,250.0
train_ind,ON,5,43.0
train_ind,ON,5,39.0
train_ind,ON,5,28.0
train_ind,ON,5,249.0
train_ind,ON,5,139.0
train_ind,ON,5,119.0
train_ind,ON,5,236.0
train_ind,ON,5,213.0
train_ind,ON,5,29.0
train_ind,ON,5,34.0
train_ind,ON,5,55.0
train_ind,ON,5,233.0
train_ind,ON,5,252.0
train_ind,ON,5,42.0
train_ind,ON,5,212.0
test_rsq,ON,5,0.12298786444843968
train_rsq,ON,5,0.6040915391248177
test_rmse,ON,5,0.27873200438275575
train_rmse,ON,5,0.12459380065694699
test_mape,ON,5,2488.2070705869955
train_mape,ON,5,24.03812431967367
n_comp,ON,5,4.0
y_hat_test,ON,6,0.5902349183069329
y_hat_test,ON,6,0.42892064492305465
y_hat_test,ON,6,0.4464388137584808
y_hat_test,ON,6,0.6908356301293859
y_hat_test,ON,6,0.6524652578460634
y_hat_test,ON,6,0.4955299914282843
y_hat_test,ON,6,0.5595441141767008
y_hat_test,ON,6,0.4554343168483921
y_hat_test,ON,6,0.5391428032577563
y_hat_test,ON,6,0.5634712225810775
y_hat_test,ON,6,0.8074572679987349
y_hat_test,ON,6,0.43850432879105183
y_hat_test,ON,6,0.46888283898433836
y_hat_test,ON,6,0.565026993277329
y_hat_test,ON,6,0.45338805720588343
y_hat_train,ON,6,0.6609294166980113
y_hat_train,ON,6,0.5891400110999534
y_hat_train,ON,6,0.3953669941420384
y_hat_train,ON,6,0.5324764510538497
y_hat_train,ON,6,0.6857878899446899
y_hat_train,ON,6,0.4822297135524741
y_hat_train,ON,6,0.603675330439072
y_hat_train,ON,6,0.45733845713105226
y_hat_train,ON,6,0.4898064011627933
y_hat_train,ON,6,0.49086601899164467
y_hat_train,ON,6,0.6331450844184878
y_hat_train,ON,6,0.43824099778212544
y_hat_train,ON,6,0.5453261911957512
y_hat_train,ON,6,0.5352806953056476
y_hat_train,ON,6,0.4286451457070337
y_hat_train,ON,6,0.4988014150099829
y_hat_train,ON,6,0.49876201170200835
y_hat_train,ON,6,0.7029290085143872
y_hat_train,ON,6,0.5632182382491608
y_hat_train,ON,6,0.42942965981904174
y_hat_train,ON,6,0.518760033345509
y_hat_train,ON,6,0.4887186576779926
y_hat_train,ON,6,0.5606809731188125
y_hat_train,ON,6,0.5161827360746803
y_hat_train,ON,6,0.8387200537581094
y_hat_train,ON,6,0.6238932010490577
y_hat_train,ON,6,0.5565127599910541
y_hat_train,ON,6,0.454292972645294
y_hat_train,ON,6,0.5329433165380286
y_hat_train,ON,6,0.75910805920025
y_hat_train,ON,6,0.6611527967421044
y_hat_train,ON,6,0.5155679066818833
y_hat_train,ON,6,0.46563239741608575
y_hat_train,ON,6,0.4660827710819101
y_hat_train,ON,6,0.5834576267600201
y_true_train,ON,6,0.717429711
y_true_train,ON,6,0.518733333
y_true_train,ON,6,0.402353412
y_true_train,ON,6,0.461966667
y_true_train,ON,6,1.138666667
y_true_train,ON,6,0.847366667
y_true_train,ON,6,0.469645269
y_true_train,ON,6,0.215133333
y_true_train,ON,6,0.4207
y_true_train,ON,6,0.431
y_true_train,ON,6,0.6633
y_true_train,ON,6,0.5223
y_true_train,ON,6,0.141533333
y_true_train,ON,6,0.352189199
y_true_train,ON,6,0.451213649
y_true_train,ON,6,0.341833333
y_true_train,ON,6,0.534033333
y_true_train,ON,6,0.3781
y_true_train,ON,6,0.556966667
y_true_train,ON,6,0.335708924
y_true_train,ON,6,0.5707
y_true_train,ON,6,0.752726198
y_true_train,ON,6,0.40662425
y_true_train,ON,6,0.6036
y_true_train,ON,6,0.996666667
y_true_train,ON,6,0.499766667
y_true_train,ON,6,0.603112452
y_true_train,ON,6,0.7379
y_true_train,ON,6,0.5611
y_true_train,ON,6,0.6816
y_true_train,ON,6,0.639466667
y_true_train,ON,6,0.386833333
y_true_train,ON,6,0.44389833
y_true_train,ON,6,0.5752
y_true_train,ON,6,0.843733333
y_true_test,ON,6,0.572566667
y_true_test,ON,6,0.353433333
y_true_test,ON,6,0.3809
y_true_test,ON,6,0.852441684
y_true_test,ON,6,0.740966667
y_true_test,ON,6,0.001166667
y_true_test,ON,6,0.1288
y_true_test,ON,6,0.626164941
y_true_test,ON,6,0.3089
y_true_test,ON,6,0.537450695
y_true_test,ON,6,1.0636
y_true_test,ON,6,0.382866643
y_true_test,ON,6,0.885933333
y_true_test,ON,6,0.236633333
y_true_test,ON,6,0.360733333
test_ind,ON,6,258.0
test_ind,ON,6,237.0
test_ind,ON,6,233.0
test_ind,ON,6,72.0
test_ind,ON,6,28.0
test_ind,ON,6,14.0
test_ind,ON,6,27.0
test_ind,ON,6,188.0
test_ind,ON,6,42.0
test_ind,ON,6,167.0
test_ind,ON,6,257.0
test_ind,ON,6,95.0
test_ind,ON,6,64.0
test_ind,ON,6,17.0
test_ind,ON,6,238.0
train_ind,ON,6,136.0
train_ind,ON,6,247.0
train_ind,ON,6,139.0
train_ind,ON,6,252.0
train_ind,ON,6,59.0
train_ind,ON,6,67.0
train_ind,ON,6,138.0
train_ind,ON,6,236.0
train_ind,ON,6,61.0
train_ind,ON,6,69.0
train_ind,ON,6,248.0
train_ind,ON,6,232.0
train_ind,ON,6,23.0
train_ind,ON,6,168.0
train_ind,ON,6,119.0
train_ind,ON,6,250.0
train_ind,ON,6,39.0
train_ind,ON,6,16.0
train_ind,ON,6,29.0
train_ind,ON,6,213.0
train_ind,ON,6,20.0
train_ind,ON,6,187.0
train_ind,ON,6,99.0
train_ind,ON,6,41.0
train_ind,ON,6,38.0
train_ind,ON,6,15.0
train_ind,ON,6,98.0
train_ind,ON,6,55.0
train_ind,ON,6,249.0
train_ind,ON,6,43.0
train_ind,ON,6,243.0
train_ind,ON,6,65.0
train_ind,ON,6,212.0
train_ind,ON,6,34.0
train_ind,ON,6,36.0
test_rsq,ON,6,0.2566847638707459
train_rsq,ON,6,0.2309858843496867
test_rmse,ON,6,0.24712901679578364
train_rmse,ON,6,0.17828980476509293
test_mape,ON,6,2875.850925358173
train_mape,ON,6,31.83759667613141
n_comp,ON,6,1.0
y_hat_test,ON,7,0.4870982555641026
y_hat_test,ON,7,0.7636885212179173
y_hat_test,ON,7,0.4601594653047251
y_hat_test,ON,7,0.6521734226721886
y_hat_test,ON,7,0.3523382265475444
y_hat_test,ON,7,0.38941318776845874
y_hat_test,ON,7,0.6098724708298746
y_hat_test,ON,7,0.4883550924001422
y_hat_test,ON,7,0.5632889743912175
y_hat_test,ON,7,0.39131401952543077
y_hat_test,ON,7,0.5100475475442586
y_hat_test,ON,7,0.46964818369249073
y_hat_test,ON,7,0.42051409858694144
y_hat_test,ON,7,0.4588170508804894
y_hat_test,ON,7,0.680497741668541
y_hat_train,ON,7,0.4324664812150712
y_hat_train,ON,7,0.5882281502890541
y_hat_train,ON,7,0.4179717799187004
y_hat_train,ON,7,0.43221820118952786
y_hat_train,ON,7,0.7001474220725808
y_hat_train,ON,7,0.4580485642590399
y_hat_train,ON,7,0.4176786194082592
y_hat_train,ON,7,0.44943474856605803
y_hat_train,ON,7,0.5417054467207326
y_hat_train,ON,7,0.4093935832032648
y_hat_train,ON,7,0.4012074852856259
y_hat_train,ON,7,0.5211121750863967
y_hat_train,ON,7,0.4690062291456216
y_hat_train,ON,7,0.5060248815054152
y_hat_train,ON,7,0.5372285832975823
y_hat_train,ON,7,0.3991393281107638
y_hat_train,ON,7,0.39078263081755354
y_hat_train,ON,7,0.8541112694391286
y_hat_train,ON,7,0.4664442191125399
y_hat_train,ON,7,0.6410046159316602
y_hat_train,ON,7,0.8186351167354609
y_hat_train,ON,7,0.570550300678118
y_hat_train,ON,7,0.5387065127006508
y_hat_train,ON,7,0.5712910957581568
y_hat_train,ON,7,0.5402318610580297
y_hat_train,ON,7,0.6197914026491503
y_hat_train,ON,7,0.5140964362695052
y_hat_train,ON,7,0.6521826231513005
y_hat_train,ON,7,0.4223896311577085
y_hat_train,ON,7,0.687702614387939
y_hat_train,ON,7,0.43565686032841533
y_hat_train,ON,7,0.5433179595184913
y_hat_train,ON,7,0.5344750708975431
y_hat_train,ON,7,0.4910967732784936
y_hat_train,ON,7,0.5073498918564577
y_true_train,ON,7,0.44389833
y_true_train,ON,7,0.469645269
y_true_train,ON,7,0.360733333
y_true_train,ON,7,0.5752
y_true_train,ON,7,0.3781
y_true_train,ON,7,0.752726198
y_true_train,ON,7,0.7379
y_true_train,ON,7,0.847366667
y_true_train,ON,7,0.537450695
y_true_train,ON,7,0.3809
y_true_train,ON,7,0.382866643
y_true_train,ON,7,0.141533333
y_true_train,ON,7,0.534033333
y_true_train,ON,7,0.5611
y_true_train,ON,7,0.1288
y_true_train,ON,7,0.5223
y_true_train,ON,7,0.353433333
y_true_train,ON,7,0.996666667
y_true_train,ON,7,0.001166667
y_true_train,ON,7,0.740966667
y_true_train,ON,7,1.0636
y_true_train,ON,7,0.518733333
y_true_train,ON,7,0.40662425
y_true_train,ON,7,0.572566667
y_true_train,ON,7,0.556966667
y_true_train,ON,7,0.6633
y_true_train,ON,7,0.3089
y_true_train,ON,7,0.717429711
y_true_train,ON,7,0.215133333
y_true_train,ON,7,0.852441684
y_true_train,ON,7,0.885933333
y_true_train,ON,7,0.236633333
y_true_train,ON,7,0.603112452
y_true_train,ON,7,0.5707
y_true_train,ON,7,0.461966667
y_true_test,ON,7,0.6036
y_true_test,ON,7,0.6816
y_true_test,ON,7,0.431
y_true_test,ON,7,0.639466667
y_true_test,ON,7,0.402353412
y_true_test,ON,7,0.451213649
y_true_test,ON,7,0.499766667
y_true_test,ON,7,0.386833333
y_true_test,ON,7,0.843733333
y_true_test,ON,7,0.335708924
y_true_test,ON,7,0.352189199
y_true_test,ON,7,0.341833333
y_true_test,ON,7,0.626164941
y_true_test,ON,7,0.4207
y_true_test,ON,7,1.138666667
test_ind,ON,7,41.0
test_ind,ON,7,43.0
test_ind,ON,7,69.0
test_ind,ON,7,243.0
test_ind,ON,7,139.0
test_ind,ON,7,119.0
test_ind,ON,7,15.0
test_ind,ON,7,65.0
test_ind,ON,7,36.0
test_ind,ON,7,213.0
test_ind,ON,7,168.0
test_ind,ON,7,250.0
test_ind,ON,7,188.0
test_ind,ON,7,61.0
test_ind,ON,7,59.0
train_ind,ON,7,212.0
train_ind,ON,7,138.0
train_ind,ON,7,238.0
train_ind,ON,7,34.0
train_ind,ON,7,16.0
train_ind,ON,7,187.0
train_ind,ON,7,55.0
train_ind,ON,7,67.0
train_ind,ON,7,167.0
train_ind,ON,7,233.0
train_ind,ON,7,95.0
train_ind,ON,7,23.0
train_ind,ON,7,39.0
train_ind,ON,7,249.0
train_ind,ON,7,27.0
train_ind,ON,7,232.0
train_ind,ON,7,237.0
train_ind,ON,7,38.0
train_ind,ON,7,14.0
train_ind,ON,7,28.0
train_ind,ON,7,257.0
train_ind,ON,7,247.0
train_ind,ON,7,99.0
train_ind,ON,7,258.0
train_ind,ON,7,29.0
train_ind,ON,7,248.0
train_ind,ON,7,42.0
train_ind,ON,7,136.0
train_ind,ON,7,236.0
train_ind,ON,7,72.0
train_ind,ON,7,64.0
train_ind,ON,7,17.0
train_ind,ON,7,98.0
train_ind,ON,7,20.0
train_ind,ON,7,252.0
test_rsq,ON,7,0.3780907579281688
train_rsq,ON,7,0.21750538996735802
test_rmse,ON,7,0.16866821300230783
train_rmse,ON,7,0.2125168103678171
test_mape,ON,7,21.910388138493055
train_mape,ON,7,1180.8142967481156
n_comp,ON,7,1.0
y_hat_test,ON,8,0.5930437868798193
y_hat_test,ON,8,0.5777977911077832
y_hat_test,ON,8,0.38331544663994116
y_hat_test,ON,8,0.4553719507949242
y_hat_test,ON,8,0.5863242064893981
y_hat_test,ON,8,0.420906527614565
y_hat_test,ON,8,0.3884613199655485
y_hat_test,ON,8,0.3229393371881838
y_hat_test,ON,8,0.517096079913481
y_hat_test,ON,8,0.675584504713726
y_hat_test,ON,8,0.4795435881661499
y_hat_test,ON,8,0.48890969240030513
y_hat_test,ON,8,0.6062270334268395
y_hat_test,ON,8,0.4552088065482391
y_hat_test,ON,8,0.610121345418257
y_hat_train,ON,8,0.5059299087426883
y_hat_train,ON,8,0.462949255543408
y_hat_train,ON,8,0.41053455224697616
y_hat_train,ON,8,0.4216089553943071
y_hat_train,ON,8,0.5128475943462806
y_hat_train,ON,8,0.5190024563068649
y_hat_train,ON,8,0.4907773547537774
y_hat_train,ON,8,0.558709477395257
y_hat_train,ON,8,0.6446950704716039
y_hat_train,ON,8,0.43730566830247414
y_hat_train,ON,8,0.42222201075336163
y_hat_train,ON,8,0.5526531099682168
y_hat_train,ON,8,0.5252373704506427
y_hat_train,ON,8,0.6450997404406889
y_hat_train,ON,8,0.4086977210581536
y_hat_train,ON,8,0.3473639278485434
y_hat_train,ON,8,0.48915913056579563
y_hat_train,ON,8,0.5079211175700051
y_hat_train,ON,8,0.4503530272843179
y_hat_train,ON,8,0.49827805735732567
y_hat_train,ON,8,0.5298328842341092
y_hat_train,ON,8,0.5485757518392205
y_hat_train,ON,8,0.43167548463870564
y_hat_train,ON,8,0.6832896625407925
y_hat_train,ON,8,0.4293028843269926
y_hat_train,ON,8,0.6117122529884509
y_hat_train,ON,8,0.600302447845562
y_hat_train,ON,8,0.3664118000760324
y_hat_train,ON,8,0.44965800295871894
y_hat_train,ON,8,0.6277582977351804
y_hat_train,ON,8,0.46968115368915037
y_hat_train,ON,8,0.4958659713458472
y_hat_train,ON,8,0.41501113169956133
y_hat_train,ON,8,0.4365327751255729
y_hat_train,ON,8,0.49179254215541157
y_true_train,ON,8,0.499766667
y_true_train,ON,8,0.352189199
y_true_train,ON,8,0.341833333
y_true_train,ON,8,0.402353412
y_true_train,ON,8,0.537450695
y_true_train,ON,8,0.3781
y_true_train,ON,8,0.717429711
y_true_train,ON,8,0.639466667
y_true_train,ON,8,0.740966667
y_true_train,ON,8,0.603112452
y_true_train,ON,8,0.461966667
y_true_train,ON,8,0.5707
y_true_train,ON,8,0.518733333
y_true_train,ON,8,0.5223
y_true_train,ON,8,0.382866643
y_true_train,ON,8,0.44389833
y_true_train,ON,8,0.1288
y_true_train,ON,8,0.3089
y_true_train,ON,8,0.4207
y_true_train,ON,8,0.626164941
y_true_train,ON,8,0.469645269
y_true_train,ON,8,0.6816
y_true_train,ON,8,0.5752
y_true_train,ON,8,0.6036
y_true_train,ON,8,0.451213649
y_true_train,ON,8,0.843733333
y_true_train,ON,8,0.847366667
y_true_train,ON,8,0.353433333
y_true_train,ON,8,0.885933333
y_true_train,ON,8,0.556966667
y_true_train,ON,8,0.40662425
y_true_train,ON,8,0.141533333
y_true_train,ON,8,0.360733333
y_true_train,ON,8,0.386833333
y_true_train,ON,8,0.236633333
y_true_test,ON,8,0.6633
y_true_test,ON,8,0.572566667
y_true_test,ON,8,0.335708924
y_true_test,ON,8,0.852441684
y_true_test,ON,8,1.0636
y_true_test,ON,8,0.431
y_true_test,ON,8,0.752726198
y_true_test,ON,8,0.001166667
y_true_test,ON,8,1.138666667
y_true_test,ON,8,0.5611
y_true_test,ON,8,0.215133333
y_true_test,ON,8,0.3809
y_true_test,ON,8,0.7379
y_true_test,ON,8,0.534033333
y_true_test,ON,8,0.996666667
test_ind,ON,8,248.0
test_ind,ON,8,258.0
test_ind,ON,8,213.0
test_ind,ON,8,72.0
test_ind,ON,8,257.0
test_ind,ON,8,69.0
test_ind,ON,8,187.0
test_ind,ON,8,14.0
test_ind,ON,8,59.0
test_ind,ON,8,249.0
test_ind,ON,8,236.0
test_ind,ON,8,233.0
test_ind,ON,8,55.0
test_ind,ON,8,39.0
test_ind,ON,8,38.0
train_ind,ON,8,15.0
train_ind,ON,8,168.0
train_ind,ON,8,250.0
train_ind,ON,8,139.0
train_ind,ON,8,167.0
train_ind,ON,8,16.0
train_ind,ON,8,136.0
train_ind,ON,8,243.0
train_ind,ON,8,28.0
train_ind,ON,8,98.0
train_ind,ON,8,252.0
train_ind,ON,8,20.0
train_ind,ON,8,247.0
train_ind,ON,8,232.0
train_ind,ON,8,95.0
train_ind,ON,8,212.0
train_ind,ON,8,27.0
train_ind,ON,8,42.0
train_ind,ON,8,61.0
train_ind,ON,8,188.0
train_ind,ON,8,138.0
train_ind,ON,8,43.0
train_ind,ON,8,34.0
train_ind,ON,8,41.0
train_ind,ON,8,119.0
train_ind,ON,8,36.0
train_ind,ON,8,67.0
train_ind,ON,8,237.0
train_ind,ON,8,64.0
train_ind,ON,8,29.0
train_ind,ON,8,99.0
train_ind,ON,8,23.0
train_ind,ON,8,238.0
train_ind,ON,8,65.0
train_ind,ON,8,17.0
test_rsq,ON,8,0.10185559470417771
train_rsq,ON,8,0.20045160850779442
test_rmse,ON,8,0.29246294386874755
train_rmse,ON,8,0.16083823836732258
test_mape,ON,8,1869.7348591869475
train_mape,ON,8,34.858053762775405
n_comp,ON,8,3.0
y_hat_test,ON,9,0.4513076666077626
y_hat_test,ON,9,0.38686551724411555
y_hat_test,ON,9,0.7962127382278549
y_hat_test,ON,9,0.5349297226975518
y_hat_test,ON,9,0.6769272247094036
y_hat_test,ON,9,0.7061903930204861
y_hat_test,ON,9,0.8756980800343904
y_hat_test,ON,9,0.5026554226565687
y_hat_test,ON,9,0.5291287347468598
y_hat_test,ON,9,0.5637751499184749
y_hat_test,ON,9,0.33950753922015864
y_hat_test,ON,9,0.5219221705103548
y_hat_test,ON,9,0.40594608783814445
y_hat_test,ON,9,0.5676183897916777
y_hat_test,ON,9,0.5759085636442853
y_hat_train,ON,9,0.5703078904686785
y_hat_train,ON,9,0.5014830509944542
y_hat_train,ON,9,0.41316489016701213
y_hat_train,ON,9,0.43045698174967933
y_hat_train,ON,9,0.38265503853256644
y_hat_train,ON,9,0.4199289558363355
y_hat_train,ON,9,0.6080653614008328
y_hat_train,ON,9,0.4979151003134777
y_hat_train,ON,9,0.572533720400626
y_hat_train,ON,9,0.7674441538304281
y_hat_train,ON,9,0.4169338875491188
y_hat_train,ON,9,0.4128345364552265
y_hat_train,ON,9,0.4290843062329878
y_hat_train,ON,9,0.7791342994938534
y_hat_train,ON,9,0.5680618550030593
y_hat_train,ON,9,0.43461321483755344
y_hat_train,ON,9,0.5507328467184207
y_hat_train,ON,9,0.9930673310959872
y_hat_train,ON,9,0.5220952925464837
y_hat_train,ON,9,0.4745264987046979
y_hat_train,ON,9,0.46692208164602955
y_hat_train,ON,9,0.47611961542669096
y_hat_train,ON,9,0.727197350307271
y_hat_train,ON,9,0.6065018543368734
y_hat_train,ON,9,0.4017369693470526
y_hat_train,ON,9,0.4712291508261862
y_hat_train,ON,9,0.6134975101197174
y_hat_train,ON,9,0.6460148774915222
y_hat_train,ON,9,0.4569590526953303
y_hat_train,ON,9,0.38226702724247086
y_hat_train,ON,9,0.3762291981436622
y_hat_train,ON,9,0.9477728670290999
y_hat_train,ON,9,0.6651755799578469
y_hat_train,ON,9,0.4678273232168007
y_hat_train,ON,9,0.712889706881967
y_true_train,ON,9,0.537450695
y_true_train,ON,9,0.5707
y_true_train,ON,9,0.360733333
y_true_train,ON,9,0.44389833
y_true_train,ON,9,0.335708924
y_true_train,ON,9,0.626164941
y_true_train,ON,9,0.518733333
y_true_train,ON,9,0.6036
y_true_train,ON,9,0.556966667
y_true_train,ON,9,1.138666667
y_true_train,ON,9,0.215133333
y_true_train,ON,9,0.7379
y_true_train,ON,9,0.5752
y_true_train,ON,9,0.852441684
y_true_train,ON,9,0.1288
y_true_train,ON,9,0.885933333
y_true_train,ON,9,0.141533333
y_true_train,ON,9,0.996666667
y_true_train,ON,9,0.461966667
y_true_train,ON,9,0.341833333
y_true_train,ON,9,0.4207
y_true_train,ON,9,0.534033333
y_true_train,ON,9,0.639466667
y_true_train,ON,9,0.843733333
y_true_train,ON,9,0.382866643
y_true_train,ON,9,0.001166667
y_true_train,ON,9,0.572566667
y_true_train,ON,9,0.469645269
y_true_train,ON,9,0.752726198
y_true_train,ON,9,0.451213649
y_true_train,ON,9,0.353433333
y_true_train,ON,9,1.0636
y_true_train,ON,9,0.499766667
y_true_train,ON,9,0.431
y_true_train,ON,9,0.717429711
y_true_test,ON,9,0.847366667
y_true_test,ON,9,0.5223
y_true_test,ON,9,0.3781
y_true_test,ON,9,0.3089
y_true_test,ON,9,0.6633
y_true_test,ON,9,0.740966667
y_true_test,ON,9,0.6816
y_true_test,ON,9,0.386833333
y_true_test,ON,9,0.352189199
y_true_test,ON,9,0.603112452
y_true_test,ON,9,0.402353412
y_true_test,ON,9,0.5611
y_true_test,ON,9,0.3809
y_true_test,ON,9,0.40662425
y_true_test,ON,9,0.236633333
test_ind,ON,9,67.0
test_ind,ON,9,232.0
test_ind,ON,9,16.0
test_ind,ON,9,42.0
test_ind,ON,9,248.0
test_ind,ON,9,28.0
test_ind,ON,9,43.0
test_ind,ON,9,65.0
test_ind,ON,9,168.0
test_ind,ON,9,98.0
test_ind,ON,9,139.0
test_ind,ON,9,249.0
test_ind,ON,9,233.0
test_ind,ON,9,99.0
test_ind,ON,9,17.0
train_ind,ON,9,167.0
train_ind,ON,9,20.0
train_ind,ON,9,238.0
train_ind,ON,9,212.0
train_ind,ON,9,213.0
train_ind,ON,9,188.0
train_ind,ON,9,247.0
train_ind,ON,9,41.0
train_ind,ON,9,29.0
train_ind,ON,9,59.0
train_ind,ON,9,236.0
train_ind,ON,9,55.0
train_ind,ON,9,34.0
train_ind,ON,9,72.0
train_ind,ON,9,27.0
train_ind,ON,9,64.0
train_ind,ON,9,23.0
train_ind,ON,9,38.0
train_ind,ON,9,252.0
train_ind,ON,9,250.0
train_ind,ON,9,61.0
train_ind,ON,9,39.0
train_ind,ON,9,243.0
train_ind,ON,9,36.0
train_ind,ON,9,95.0
train_ind,ON,9,14.0
train_ind,ON,9,258.0
train_ind,ON,9,138.0
train_ind,ON,9,187.0
train_ind,ON,9,119.0
train_ind,ON,9,237.0
train_ind,ON,9,257.0
train_ind,ON,9,15.0
train_ind,ON,9,69.0
train_ind,ON,9,136.0
test_rsq,ON,9,-0.4366489724825744
train_rsq,ON,9,0.3632927246693265
test_rmse,ON,9,0.20552217565981326
train_rmse,ON,9,0.20196449412943018
test_mape,ON,9,39.366641649219645
train_mape,ON,9,1187.9015219086161
n_comp,ON,9,1.0
y_hat_test,ON,10,0.4250420676279007
y_hat_test,ON,10,0.7484933568041061
y_hat_test,ON,10,0.6669438839435169
y_hat_test,ON,10,0.7074863094001368
y_hat_test,ON,10,0.5374909469503635
y_hat_test,ON,10,0.520259310124214
y_hat_test,ON,10,0.5821164491977117
y_hat_test,ON,10,0.3812184571047281
y_hat_test,ON,10,0.6914615854504105
y_hat_test,ON,10,0.5754518076861626
y_hat_test,ON,10,0.44876664957145274
y_hat_test,ON,10,0.7634848634895723
y_hat_test,ON,10,0.4140314726325829
y_hat_test,ON,10,0.5430353789746689
y_hat_test,ON,10,0.6073133578584444
y_hat_train,ON,10,0.4785964006980712
y_hat_train,ON,10,0.4590631418806117
y_hat_train,ON,10,0.4186143912394717
y_hat_train,ON,10,0.49025702498208223
y_hat_train,ON,10,0.5777783807739288
y_hat_train,ON,10,0.6566688770933485
y_hat_train,ON,10,0.49801000185766386
y_hat_train,ON,10,0.45010493236978266
y_hat_train,ON,10,0.5387599890735594
y_hat_train,ON,10,0.5750615221616348
y_hat_train,ON,10,0.5604017838481355
y_hat_train,ON,10,0.5181835333079562
y_hat_train,ON,10,0.4910182885630537
y_hat_train,ON,10,0.46323275878212067
y_hat_train,ON,10,0.7401458272996821
y_hat_train,ON,10,0.5478443854282482
y_hat_train,ON,10,0.5208571458619706
y_hat_train,ON,10,0.445090712702233
y_hat_train,ON,10,0.4837967972635972
y_hat_train,ON,10,0.4338019520756807
y_hat_train,ON,10,0.9283425186936047
y_hat_train,ON,10,0.43904430015095297
y_hat_train,ON,10,0.4456953976480609
y_hat_train,ON,10,0.8905232856820919
y_hat_train,ON,10,0.49700403174036195
y_hat_train,ON,10,0.6135517589452856
y_hat_train,ON,10,0.5796902815850548
y_hat_train,ON,10,0.6096112585697886
y_hat_train,ON,10,0.6375993395821422
y_hat_train,ON,10,0.5716251629307901
y_hat_train,ON,10,0.6974448150174984
y_hat_train,ON,10,0.4936425827125798
y_hat_train,ON,10,0.8306114471450953
y_hat_train,ON,10,0.41809241101349415
y_hat_train,ON,10,0.4582412903203632
y_true_train,ON,10,0.847366667
y_true_train,ON,10,0.44389833
y_true_train,ON,10,0.451213649
y_true_train,ON,10,0.4207
y_true_train,ON,10,0.537450695
y_true_train,ON,10,0.499766667
y_true_train,ON,10,0.534033333
y_true_train,ON,10,0.626164941
y_true_train,ON,10,0.5611
y_true_train,ON,10,0.40662425
y_true_train,ON,10,0.141533333
y_true_train,ON,10,0.6036
y_true_train,ON,10,0.431
y_true_train,ON,10,0.885933333
y_true_train,ON,10,1.138666667
y_true_train,ON,10,0.3089
y_true_train,ON,10,0.5707
y_true_train,ON,10,0.360733333
y_true_train,ON,10,0.752726198
y_true_train,ON,10,0.382866643
y_true_train,ON,10,0.996666667
y_true_train,ON,10,0.3809
y_true_train,ON,10,0.7379
y_true_train,ON,10,1.0636
y_true_train,ON,10,0.341833333
y_true_train,ON,10,0.572566667
y_true_train,ON,10,0.556966667
y_true_train,ON,10,0.518733333
y_true_train,ON,10,0.469645269
y_true_train,ON,10,0.603112452
y_true_train,ON,10,0.717429711
y_true_train,ON,10,0.001166667
y_true_train,ON,10,0.6816
y_true_train,ON,10,0.335708924
y_true_train,ON,10,0.5752
y_true_test,ON,10,0.5223
y_true_test,ON,10,0.852441684
y_true_test,ON,10,0.6633
y_true_test,ON,10,0.639466667
y_true_test,ON,10,0.461966667
y_true_test,ON,10,0.386833333
y_true_test,ON,10,0.236633333
y_true_test,ON,10,0.402353412
y_true_test,ON,10,0.740966667
y_true_test,ON,10,0.1288
y_true_test,ON,10,0.215133333
y_true_test,ON,10,0.3781
y_true_test,ON,10,0.353433333
y_true_test,ON,10,0.352189199
y_true_test,ON,10,0.843733333
test_ind,ON,10,232.0
test_ind,ON,10,72.0
test_ind,ON,10,248.0
test_ind,ON,10,243.0
test_ind,ON,10,252.0
test_ind,ON,10,65.0
test_ind,ON,10,17.0
test_ind,ON,10,139.0
test_ind,ON,10,28.0
test_ind,ON,10,27.0
test_ind,ON,10,236.0
test_ind,ON,10,16.0
test_ind,ON,10,237.0
test_ind,ON,10,168.0
test_ind,ON,10,36.0
train_ind,ON,10,67.0
train_ind,ON,10,212.0
train_ind,ON,10,119.0
train_ind,ON,10,61.0
train_ind,ON,10,167.0
train_ind,ON,10,15.0
train_ind,ON,10,39.0
train_ind,ON,10,188.0
train_ind,ON,10,249.0
train_ind,ON,10,99.0
train_ind,ON,10,23.0
train_ind,ON,10,41.0
train_ind,ON,10,69.0
train_ind,ON,10,64.0
train_ind,ON,10,59.0
train_ind,ON,10,42.0
train_ind,ON,10,20.0
train_ind,ON,10,238.0
train_ind,ON,10,187.0
train_ind,ON,10,95.0
train_ind,ON,10,38.0
train_ind,ON,10,233.0
train_ind,ON,10,55.0
train_ind,ON,10,257.0
train_ind,ON,10,250.0
train_ind,ON,10,258.0
train_ind,ON,10,29.0
train_ind,ON,10,247.0
train_ind,ON,10,138.0
train_ind,ON,10,98.0
train_ind,ON,10,136.0
train_ind,ON,10,14.0
train_ind,ON,10,43.0
train_ind,ON,10,213.0
train_ind,ON,10,34.0
test_rsq,ON,10,0.057909923174665257
train_rsq,ON,10,0.29334790487988094
test_rmse,ON,10,0.2112280602444704
train_rmse,ON,10,0.19768022857285958
test_mape,ON,10,60.49568903170862
train_mape,ON,10,1235.1416666011125
n_comp,ON,10,1.0
y_hat_test,ON,11,0.5223208986332601
y_hat_test,ON,11,0.5429172450882067
y_hat_test,ON,11,0.44952157043791585
y_hat_test,ON,11,0.45923675475752856
y_hat_test,ON,11,0.8598296676263757
y_hat_test,ON,11,0.9228345971650393
y_hat_test,ON,11,0.4957400523912292
y_hat_test,ON,11,0.5228921503373798
y_hat_test,ON,11,0.6153266295900099
y_hat_test,ON,11,0.4372202704610948
y_hat_test,ON,11,0.4896442300630115
y_hat_test,ON,11,0.7718474078686726
y_hat_test,ON,11,0.58397623887646
y_hat_test,ON,11,0.3807138421512923
y_hat_test,ON,11,0.5477536926490877
y_hat_train,ON,11,0.40582003263128796
y_hat_train,ON,11,0.5326916700500461
y_hat_train,ON,11,0.44241128311441913
y_hat_train,ON,11,0.6162241827329148
y_hat_train,ON,11,0.5098133229227262
y_hat_train,ON,11,0.8689325734706248
y_hat_train,ON,11,0.34327179021627935
y_hat_train,ON,11,0.8060042496837339
y_hat_train,ON,11,0.4351267542147412
y_hat_train,ON,11,0.9389290482297123
y_hat_train,ON,11,0.5396621371212618
y_hat_train,ON,11,0.544753595569915
y_hat_train,ON,11,0.5029714622018003
y_hat_train,ON,11,0.7183324966919592
y_hat_train,ON,11,0.3722129077300429
y_hat_train,ON,11,0.39174233101890876
y_hat_train,ON,11,0.37951016731909026
y_hat_train,ON,11,0.45523243804249713
y_hat_train,ON,11,0.6730560565996859
y_hat_train,ON,11,0.6298540229499956
y_hat_train,ON,11,0.6605148608401558
y_hat_train,ON,11,0.5146196368258577
y_hat_train,ON,11,0.4563122827807101
y_hat_train,ON,11,0.4611376535198164
y_hat_train,ON,11,0.545790933423761
y_hat_train,ON,11,0.5591594656161291
y_hat_train,ON,11,0.48465560922435186
y_hat_train,ON,11,0.7198987394469145
y_hat_train,ON,11,0.34817742791246425
y_hat_train,ON,11,0.4298471321648549
y_hat_train,ON,11,0.5382049304127945
y_hat_train,ON,11,0.8083340792810895
y_hat_train,ON,11,0.5130078856129126
y_hat_train,ON,11,0.528874721329937
y_hat_train,ON,11,0.5021858930966119
y_true_train,ON,11,0.5752
y_true_train,ON,11,0.518733333
y_true_train,ON,11,0.215133333
y_true_train,ON,11,0.572566667
y_true_train,ON,11,0.847366667
y_true_train,ON,11,0.6816
y_true_train,ON,11,0.001166667
y_true_train,ON,11,0.852441684
y_true_train,ON,11,0.360733333
y_true_train,ON,11,0.996666667
y_true_train,ON,11,0.1288
y_true_train,ON,11,0.236633333
y_true_train,ON,11,0.537450695
y_true_train,ON,11,0.469645269
y_true_train,ON,11,0.353433333
y_true_train,ON,11,0.461966667
y_true_train,ON,11,0.341833333
y_true_train,ON,11,0.386833333
y_true_train,ON,11,0.843733333
y_true_train,ON,11,0.499766667
y_true_train,ON,11,0.6633
y_true_train,ON,11,0.626164941
y_true_train,ON,11,0.5707
y_true_train,ON,11,0.352189199
y_true_train,ON,11,0.717429711
y_true_train,ON,11,0.382866643
y_true_train,ON,11,0.4207
y_true_train,ON,11,0.740966667
y_true_train,ON,11,0.752726198
y_true_train,ON,11,0.534033333
y_true_train,ON,11,0.6036
y_true_train,ON,11,1.138666667
y_true_train,ON,11,0.451213649
y_true_train,ON,11,0.7379
y_true_train,ON,11,0.603112452
y_true_test,ON,11,0.5223
y_true_test,ON,11,0.5611
y_true_test,ON,11,0.335708924
y_true_test,ON,11,0.431
y_true_test,ON,11,0.3781
y_true_test,ON,11,1.0636
y_true_test,ON,11,0.40662425
y_true_test,ON,11,0.3809
y_true_test,ON,11,0.556966667
y_true_test,ON,11,0.885933333
y_true_test,ON,11,0.3089
y_true_test,ON,11,0.639466667
y_true_test,ON,11,0.141533333
y_true_test,ON,11,0.44389833
y_true_test,ON,11,0.402353412
test_ind,ON,11,232.0
test_ind,ON,11,249.0
test_ind,ON,11,213.0
test_ind,ON,11,69.0
test_ind,ON,11,16.0
test_ind,ON,11,257.0
test_ind,ON,11,99.0
test_ind,ON,11,233.0
test_ind,ON,11,29.0
test_ind,ON,11,64.0
test_ind,ON,11,42.0
test_ind,ON,11,243.0
test_ind,ON,11,23.0
test_ind,ON,11,212.0
test_ind,ON,11,139.0
train_ind,ON,11,34.0
train_ind,ON,11,247.0
train_ind,ON,11,236.0
train_ind,ON,11,258.0
train_ind,ON,11,67.0
train_ind,ON,11,43.0
train_ind,ON,11,14.0
train_ind,ON,11,72.0
train_ind,ON,11,238.0
train_ind,ON,11,38.0
train_ind,ON,11,27.0
train_ind,ON,11,17.0
train_ind,ON,11,167.0
train_ind,ON,11,138.0
train_ind,ON,11,237.0
train_ind,ON,11,252.0
train_ind,ON,11,250.0
train_ind,ON,11,65.0
train_ind,ON,11,36.0
train_ind,ON,11,15.0
train_ind,ON,11,248.0
train_ind,ON,11,188.0
train_ind,ON,11,20.0
train_ind,ON,11,168.0
train_ind,ON,11,136.0
train_ind,ON,11,95.0
train_ind,ON,11,61.0
train_ind,ON,11,28.0
train_ind,ON,11,187.0
train_ind,ON,11,39.0
train_ind,ON,11,41.0
train_ind,ON,11,59.0
train_ind,ON,11,119.0
train_ind,ON,11,55.0
train_ind,ON,11,98.0
test_rsq,ON,11,-0.039532167723513645
train_rsq,ON,11,0.38603880072442587
test_rmse,ON,11,0.2265531130044123
train_rmse,ON,11,0.18453352671709727
test_mape,ON,11,49.79027649018867
train_mape,ON,11,871.4573676321847
n_comp,ON,11,2.0
y_hat_test,ON,12,0.5975519046528799
y_hat_test,ON,12,0.4424476908409408
y_hat_test,ON,12,0.5971832549469003
y_hat_test,ON,12,0.4041931000645382
y_hat_test,ON,12,0.3869237156266816
y_hat_test,ON,12,0.5655147920569316
y_hat_test,ON,12,0.43144405198318114
y_hat_test,ON,12,0.7601310597252393
y_hat_test,ON,12,0.4186880429491487
y_hat_test,ON,12,0.5100668312258888
y_hat_test,ON,12,0.6400837115893898
y_hat_test,ON,12,0.40147718171213204
y_hat_test,ON,12,0.38998673985594856
y_hat_test,ON,12,0.7116104968813817
y_hat_test,ON,12,0.5063159592668118
y_hat_train,ON,12,0.48338412548204474
y_hat_train,ON,12,0.5041557130578834
y_hat_train,ON,12,0.4147238796333227
y_hat_train,ON,12,0.4291777952282386
y_hat_train,ON,12,0.4722081188485473
y_hat_train,ON,12,0.46226099751834476
y_hat_train,ON,12,0.40792794488519446
y_hat_train,ON,12,0.4012127228019511
y_hat_train,ON,12,0.612669552343058
y_hat_train,ON,12,0.4786211445316535
y_hat_train,ON,12,0.41529122104271715
y_hat_train,ON,12,0.6498309033544878
y_hat_train,ON,12,0.5689855670747929
y_hat_train,ON,12,0.36263457947954714
y_hat_train,ON,12,0.4613941607784294
y_hat_train,ON,12,0.5772204764530459
y_hat_train,ON,12,0.40727104191301633
y_hat_train,ON,12,0.43968275173188626
y_hat_train,ON,12,0.37932984541372267
y_hat_train,ON,12,0.530258478193588
y_hat_train,ON,12,0.43998483676652006
y_hat_train,ON,12,0.5333756214922698
y_hat_train,ON,12,0.5364337002755254
y_hat_train,ON,12,0.41379707303526
y_hat_train,ON,12,0.5020413762960961
y_hat_train,ON,12,0.4616131550075798
y_hat_train,ON,12,0.49540071920591033
y_hat_train,ON,12,0.43959348023714045
y_hat_train,ON,12,0.44495662395958446
y_hat_train,ON,12,0.47636468446217445
y_hat_train,ON,12,0.5101475349669572
y_hat_train,ON,12,0.6607234237672955
y_hat_train,ON,12,0.5055360663470049
y_hat_train,ON,12,0.38625703276377166
y_hat_train,ON,12,0.790091075651437
y_true_train,ON,12,0.3089
y_true_train,ON,12,0.40662425
y_true_train,ON,12,0.5752
y_true_train,ON,12,0.752726198
y_true_train,ON,12,0.461966667
y_true_train,ON,12,0.386833333
y_true_train,ON,12,0.7379
y_true_train,ON,12,0.382866643
y_true_train,ON,12,0.639466667
y_true_train,ON,12,0.352189199
y_true_train,ON,12,0.44389833
y_true_train,ON,12,0.852441684
y_true_train,ON,12,0.499766667
y_true_train,ON,12,0.402353412
y_true_train,ON,12,0.5707
y_true_train,ON,12,0.6633
y_true_train,ON,12,0.215133333
y_true_train,ON,12,0.4207
y_true_train,ON,12,0.353433333
y_true_train,ON,12,0.518733333
y_true_train,ON,12,0.001166667
y_true_train,ON,12,0.843733333
y_true_train,ON,12,0.572566667
y_true_train,ON,12,0.626164941
y_true_train,ON,12,0.603112452
y_true_train,ON,12,0.6036
y_true_train,ON,12,0.141533333
y_true_train,ON,12,0.431
y_true_train,ON,12,0.534033333
y_true_train,ON,12,0.5611
y_true_train,ON,12,0.236633333
y_true_train,ON,12,0.3781
y_true_train,ON,12,0.1288
y_true_train,ON,12,0.451213649
y_true_train,ON,12,0.996666667
y_true_test,ON,12,0.717429711
y_true_test,ON,12,0.341833333
y_true_test,ON,12,0.740966667
y_true_test,ON,12,0.360733333
y_true_test,ON,12,0.335708924
y_true_test,ON,12,0.469645269
y_true_test,ON,12,0.847366667
y_true_test,ON,12,1.0636
y_true_test,ON,12,0.885933333
y_true_test,ON,12,0.556966667
y_true_test,ON,12,1.138666667
y_true_test,ON,12,0.3809
y_true_test,ON,12,0.5223
y_true_test,ON,12,0.6816
y_true_test,ON,12,0.537450695
test_ind,ON,12,136.0
test_ind,ON,12,250.0
test_ind,ON,12,28.0
test_ind,ON,12,238.0
test_ind,ON,12,213.0
test_ind,ON,12,138.0
test_ind,ON,12,67.0
test_ind,ON,12,257.0
test_ind,ON,12,64.0
test_ind,ON,12,29.0
test_ind,ON,12,59.0
test_ind,ON,12,233.0
test_ind,ON,12,232.0
test_ind,ON,12,43.0
test_ind,ON,12,167.0
train_ind,ON,12,42.0
train_ind,ON,12,99.0
train_ind,ON,12,34.0
train_ind,ON,12,187.0
train_ind,ON,12,252.0
train_ind,ON,12,65.0
train_ind,ON,12,55.0
train_ind,ON,12,95.0
train_ind,ON,12,243.0
train_ind,ON,12,168.0
train_ind,ON,12,212.0
train_ind,ON,12,72.0
train_ind,ON,12,15.0
train_ind,ON,12,139.0
train_ind,ON,12,20.0
train_ind,ON,12,248.0
train_ind,ON,12,236.0
train_ind,ON,12,61.0
train_ind,ON,12,237.0
train_ind,ON,12,247.0
train_ind,ON,12,14.0
train_ind,ON,12,36.0
train_ind,ON,12,258.0
train_ind,ON,12,188.0
train_ind,ON,12,98.0
train_ind,ON,12,41.0
train_ind,ON,12,23.0
train_ind,ON,12,69.0
train_ind,ON,12,39.0
train_ind,ON,12,249.0
train_ind,ON,12,17.0
train_ind,ON,12,16.0
train_ind,ON,12,27.0
train_ind,ON,12,119.0
train_ind,ON,12,38.0
test_rsq,ON,12,0.1319233553625051
train_rsq,ON,12,0.17902284214688569
test_rmse,ON,12,0.23278863633855307
train_rmse,ON,12,0.1895384974495134
test_mape,ON,12,22.450631389362265
train_mape,ON,12,1113.832167953888
n_comp,ON,12,1.0
y_hat_test,ON,13,0.5784837223157768
y_hat_test,ON,13,0.683533980587188
y_hat_test,ON,13,0.5352576761768039
y_hat_test,ON,13,0.5429503408505887
y_hat_test,ON,13,0.5032126783018027
y_hat_test,ON,13,0.5734773419799505
y_hat_test,ON,13,0.40286429499895604
y_hat_test,ON,13,0.6771923501857186
y_hat_test,ON,13,0.302721964328686
y_hat_test,ON,13,0.5239745422983612
y_hat_test,ON,13,0.2688581208348469
y_hat_test,ON,13,0.6523068382383432
y_hat_test,ON,13,0.5179678220649997
y_hat_test,ON,13,0.5512097762268955
y_hat_test,ON,13,0.6977590337963975
y_hat_train,ON,13,0.32214175691153146
y_hat_train,ON,13,0.7205336515833819
y_hat_train,ON,13,0.4502952080406007
y_hat_train,ON,13,0.49857051860786505
y_hat_train,ON,13,0.5766193566076265
y_hat_train,ON,13,0.5789658469343034
y_hat_train,ON,13,0.542231379406606
y_hat_train,ON,13,0.5675408466857905
y_hat_train,ON,13,0.38019438054623533
y_hat_train,ON,13,0.5939457161513761
y_hat_train,ON,13,0.4993059101084632
y_hat_train,ON,13,0.727789584729915
y_hat_train,ON,13,0.6153930154883006
y_hat_train,ON,13,0.4243840994768291
y_hat_train,ON,13,0.5240055477861605
y_hat_train,ON,13,0.5177695934764474
y_hat_train,ON,13,0.6730685177070873
y_hat_train,ON,13,0.5264661240854118
y_hat_train,ON,13,0.5237796708096005
y_hat_train,ON,13,0.37139576508745004
y_hat_train,ON,13,0.9620769720240193
y_hat_train,ON,13,0.5068749436907234
y_hat_train,ON,13,0.535236782300991
y_hat_train,ON,13,0.7539454170045332
y_hat_train,ON,13,0.5970996412130294
y_hat_train,ON,13,0.5872858930979334
y_hat_train,ON,13,0.546963394072173
y_hat_train,ON,13,0.4732128729587114
y_hat_train,ON,13,0.5162052377066265
y_hat_train,ON,13,0.6514269641008839
y_hat_train,ON,13,0.35309031006799513
y_hat_train,ON,13,0.6296481361020614
y_hat_train,ON,13,0.5427104770141475
y_hat_train,ON,13,0.8652104297947115
y_hat_train,ON,13,0.4482474516204784
y_true_train,ON,13,0.402353412
y_true_train,ON,13,0.5611
y_true_train,ON,13,0.141533333
y_true_train,ON,13,0.236633333
y_true_train,ON,13,0.740966667
y_true_train,ON,13,0.6633
y_true_train,ON,13,0.534033333
y_true_train,ON,13,0.556966667
y_true_train,ON,13,0.360733333
y_true_train,ON,13,0.572566667
y_true_train,ON,13,0.499766667
y_true_train,ON,13,0.469645269
y_true_train,ON,13,0.537450695
y_true_train,ON,13,0.431
y_true_train,ON,13,0.639466667
y_true_train,ON,13,0.752726198
y_true_train,ON,13,0.847366667
y_true_train,ON,13,0.885933333
y_true_train,ON,13,0.352189199
y_true_train,ON,13,0.353433333
y_true_train,ON,13,0.996666667
y_true_train,ON,13,0.5752
y_true_train,ON,13,0.461966667
y_true_train,ON,13,0.6036
y_true_train,ON,13,0.5223
y_true_train,ON,13,0.3781
y_true_train,ON,13,0.40662425
y_true_train,ON,13,0.44389833
y_true_train,ON,13,0.603112452
y_true_train,ON,13,0.626164941
y_true_train,ON,13,0.3809
y_true_train,ON,13,0.7379
y_true_train,ON,13,0.843733333
y_true_train,ON,13,1.0636
y_true_train,ON,13,0.4207
y_true_test,ON,13,0.518733333
y_true_test,ON,13,0.5707
y_true_test,ON,13,0.386833333
y_true_test,ON,13,0.341833333
y_true_test,ON,13,0.001166667
y_true_test,ON,13,0.3089
y_true_test,ON,13,0.335708924
y_true_test,ON,13,0.717429711
y_true_test,ON,13,0.382866643
y_true_test,ON,13,0.1288
y_true_test,ON,13,0.451213649
y_true_test,ON,13,0.852441684
y_true_test,ON,13,0.215133333
y_true_test,ON,13,1.138666667
y_true_test,ON,13,0.6816
test_ind,ON,13,247.0
test_ind,ON,13,20.0
test_ind,ON,13,65.0
test_ind,ON,13,250.0
test_ind,ON,13,14.0
test_ind,ON,13,42.0
test_ind,ON,13,213.0
test_ind,ON,13,136.0
test_ind,ON,13,95.0
test_ind,ON,13,27.0
test_ind,ON,13,119.0
test_ind,ON,13,72.0
test_ind,ON,13,236.0
test_ind,ON,13,59.0
test_ind,ON,13,43.0
train_ind,ON,13,139.0
train_ind,ON,13,249.0
train_ind,ON,13,23.0
train_ind,ON,13,17.0
train_ind,ON,13,28.0
train_ind,ON,13,248.0
train_ind,ON,13,39.0
train_ind,ON,13,29.0
train_ind,ON,13,238.0
train_ind,ON,13,258.0
train_ind,ON,13,15.0
train_ind,ON,13,138.0
train_ind,ON,13,167.0
train_ind,ON,13,69.0
train_ind,ON,13,243.0
train_ind,ON,13,187.0
train_ind,ON,13,67.0
train_ind,ON,13,64.0
train_ind,ON,13,168.0
train_ind,ON,13,237.0
train_ind,ON,13,38.0
train_ind,ON,13,34.0
train_ind,ON,13,252.0
train_ind,ON,13,41.0
train_ind,ON,13,232.0
train_ind,ON,13,16.0
train_ind,ON,13,99.0
train_ind,ON,13,212.0
train_ind,ON,13,98.0
train_ind,ON,13,188.0
train_ind,ON,13,233.0
train_ind,ON,13,55.0
train_ind,ON,13,36.0
train_ind,ON,13,257.0
train_ind,ON,13,61.0
test_rsq,ON,13,0.09121514113091367
train_rsq,ON,13,0.43003555530107895
test_rmse,ON,13,0.2683193039773179
train_rmse,ON,13,0.15276040782737868
test_mape,ON,13,2923.908434881224
train_mape,ON,13,26.51837566296102
n_comp,ON,13,4.0
y_hat_test,ON,14,0.5024645789844164
y_hat_test,ON,14,0.44538010972383746
y_hat_test,ON,14,0.5142314608805146
y_hat_test,ON,14,0.35270603392991556
y_hat_test,ON,14,0.3916362273469196
y_hat_test,ON,14,0.3807295803075763
y_hat_test,ON,14,0.4302325562650441
y_hat_test,ON,14,0.6243058343816494
y_hat_test,ON,14,0.7361373719192441
y_hat_test,ON,14,0.5426035948904245
y_hat_test,ON,14,0.3873273099226938
y_hat_test,ON,14,0.6341977597639357
y_hat_test,ON,14,0.7113709546474762
y_hat_test,ON,14,0.90111316205317
y_hat_test,ON,14,0.41550390747106686
y_hat_train,ON,14,0.6108159924006373
y_hat_train,ON,14,0.5441295394050637
y_hat_train,ON,14,0.45754466980094566
y_hat_train,ON,14,0.41997218960907823
y_hat_train,ON,14,0.4265448005745332
y_hat_train,ON,14,0.8023529141970535
y_hat_train,ON,14,0.5489985791379968
y_hat_train,ON,14,0.5042704263975653
y_hat_train,ON,14,0.5467148229397404
y_hat_train,ON,14,0.4251444656312609
y_hat_train,ON,14,0.38732708348447953
y_hat_train,ON,14,0.8632144098104347
y_hat_train,ON,14,0.5810495629073477
y_hat_train,ON,14,0.5284830553180686
y_hat_train,ON,14,0.48713321355219696
y_hat_train,ON,14,0.4628212015225341
y_hat_train,ON,14,0.4600302230213186
y_hat_train,ON,14,0.448431058929047
y_hat_train,ON,14,0.4121211785943161
y_hat_train,ON,14,0.4841942434885812
y_hat_train,ON,14,0.48634097596042647
y_hat_train,ON,14,0.5091184021256572
y_hat_train,ON,14,0.7217126487552288
y_hat_train,ON,14,0.5387677494883729
y_hat_train,ON,14,0.5415985502254983
y_hat_train,ON,14,0.4135369024794675
y_hat_train,ON,14,0.5756595219653473
y_hat_train,ON,14,0.6633567963911213
y_hat_train,ON,14,0.677296818461065
y_hat_train,ON,14,0.4069712617820972
y_hat_train,ON,14,0.6590141763476883
y_hat_train,ON,14,0.4580434958706511
y_hat_train,ON,14,0.46456562390839173
y_hat_train,ON,14,0.4044006152452437
y_hat_train,ON,14,0.5755858502715472
y_true_train,ON,14,0.469645269
y_true_train,ON,14,0.537450695
y_true_train,ON,14,0.4207
y_true_train,ON,14,0.626164941
y_true_train,ON,14,0.44389833
y_true_train,ON,14,0.6816
y_true_train,ON,14,0.236633333
y_true_train,ON,14,0.5611
y_true_train,ON,14,0.556966667
y_true_train,ON,14,0.5752
y_true_train,ON,14,0.451213649
y_true_train,ON,14,1.0636
y_true_train,ON,14,0.572566667
y_true_train,ON,14,0.141533333
y_true_train,ON,14,0.386833333
y_true_train,ON,14,0.341833333
y_true_train,ON,14,0.001166667
y_true_train,ON,14,0.752726198
y_true_train,ON,14,0.360733333
y_true_train,ON,14,0.6036
y_true_train,ON,14,0.5707
y_true_train,ON,14,0.352189199
y_true_train,ON,14,0.852441684
y_true_train,ON,14,0.603112452
y_true_train,ON,14,0.40662425
y_true_train,ON,14,0.7379
y_true_train,ON,14,0.843733333
y_true_train,ON,14,0.717429711
y_true_train,ON,14,0.639466667
y_true_train,ON,14,0.3809
y_true_train,ON,14,0.740966667
y_true_train,ON,14,0.431
y_true_train,ON,14,0.534033333
y_true_train,ON,14,0.382866643
y_true_train,ON,14,0.518733333
y_true_test,ON,14,0.461966667
y_true_test,ON,14,0.847366667
y_true_test,ON,14,0.3089
y_true_test,ON,14,0.402353412
y_true_test,ON,14,0.5223
y_true_test,ON,14,0.353433333
y_true_test,ON,14,0.885933333
y_true_test,ON,14,0.499766667
y_true_test,ON,14,0.3781
y_true_test,ON,14,0.1288
y_true_test,ON,14,0.335708924
y_true_test,ON,14,0.6633
y_true_test,ON,14,1.138666667
y_true_test,ON,14,0.996666667
y_true_test,ON,14,0.215133333
test_ind,ON,14,252.0
test_ind,ON,14,67.0
test_ind,ON,14,42.0
test_ind,ON,14,139.0
test_ind,ON,14,232.0
test_ind,ON,14,237.0
test_ind,ON,14,64.0
test_ind,ON,14,15.0
test_ind,ON,14,16.0
test_ind,ON,14,27.0
test_ind,ON,14,213.0
test_ind,ON,14,248.0
test_ind,ON,14,59.0
test_ind,ON,14,38.0
test_ind,ON,14,236.0
train_ind,ON,14,138.0
train_ind,ON,14,167.0
train_ind,ON,14,61.0
train_ind,ON,14,188.0
train_ind,ON,14,212.0
train_ind,ON,14,43.0
train_ind,ON,14,17.0
train_ind,ON,14,249.0
train_ind,ON,14,29.0
train_ind,ON,14,34.0
train_ind,ON,14,119.0
train_ind,ON,14,257.0
train_ind,ON,14,258.0
train_ind,ON,14,23.0
train_ind,ON,14,65.0
train_ind,ON,14,250.0
train_ind,ON,14,14.0
train_ind,ON,14,187.0
train_ind,ON,14,238.0
train_ind,ON,14,41.0
train_ind,ON,14,20.0
train_ind,ON,14,168.0
train_ind,ON,14,72.0
train_ind,ON,14,98.0
train_ind,ON,14,99.0
train_ind,ON,14,55.0
train_ind,ON,14,36.0
train_ind,ON,14,136.0
train_ind,ON,14,243.0
train_ind,ON,14,233.0
train_ind,ON,14,28.0
train_ind,ON,14,69.0
train_ind,ON,14,39.0
train_ind,ON,14,95.0
train_ind,ON,14,247.0
test_rsq,ON,14,0.2155599693904533
train_rsq,ON,14,0.30465221630316075
test_rmse,ON,14,0.25607895800785185
train_rmse,ON,14,0.16989147160732773
test_mape,ON,14,54.67323049251082
train_mape,ON,14,1151.4563808325672
n_comp,ON,14,1.0
y_hat_test,ON,15,0.23232171867216994
y_hat_test,ON,15,0.4981947718670926
y_hat_test,ON,15,0.3567948078574255
y_hat_test,ON,15,0.4731728270927838
y_hat_test,ON,15,0.42916923511268
y_hat_test,ON,15,0.4558001394177927
y_hat_test,ON,15,0.40821592520224637
y_hat_test,ON,15,0.11414572053573702
y_hat_test,ON,15,0.34774237262721075
y_hat_test,ON,15,0.4246761186724103
y_hat_test,ON,15,0.5211604547438504
y_hat_test,ON,15,0.5304708594940404
y_hat_test,ON,15,0.6518899238890564
y_hat_test,ON,15,0.4853164833123669
y_hat_test,ON,15,0.6120976088854662
y_hat_train,ON,15,0.3726375402362808
y_hat_train,ON,15,0.622475076784632
y_hat_train,ON,15,0.4241116663269805
y_hat_train,ON,15,0.40047244198845783
y_hat_train,ON,15,0.6734473899636151
y_hat_train,ON,15,0.646848559685314
y_hat_train,ON,15,0.4053900191862476
y_hat_train,ON,15,0.36627013231752226
y_hat_train,ON,15,0.5213990156889259
y_hat_train,ON,15,0.5820794116435338
y_hat_train,ON,15,0.4129515539234162
y_hat_train,ON,15,0.2811253564412593
y_hat_train,ON,15,0.3463410364306227
y_hat_train,ON,15,0.6441318188475614
y_hat_train,ON,15,0.5693144259225725
y_hat_train,ON,15,0.7197145237161651
y_hat_train,ON,15,1.0043533316562891
y_hat_train,ON,15,0.6637874297104093
y_hat_train,ON,15,0.5620138415062267
y_hat_train,ON,15,0.7046699802464822
y_hat_train,ON,15,0.7097615588564177
y_hat_train,ON,15,0.3830945266320618
y_hat_train,ON,15,0.8387748259480621
y_hat_train,ON,15,0.43773759000456963
y_hat_train,ON,15,0.8058627083823635
y_hat_train,ON,15,0.3179996137140651
y_hat_train,ON,15,0.6932398689842915
y_hat_train,ON,15,1.1979001715519406
y_hat_train,ON,15,0.6762868574871147
y_hat_train,ON,15,0.3011600496510089
y_hat_train,ON,15,0.5958941560779922
y_hat_train,ON,15,0.1627032122586683
y_hat_train,ON,15,0.4023667528453426
y_hat_train,ON,15,0.5619388279132879
y_hat_train,ON,15,0.5946589714703
y_true_train,ON,15,0.461966667
y_true_train,ON,15,0.572566667
y_true_train,ON,15,0.431
y_true_train,ON,15,0.603112452
y_true_train,ON,15,0.639466667
y_true_train,ON,15,0.3781
y_true_train,ON,15,0.341833333
y_true_train,ON,15,0.499766667
y_true_train,ON,15,0.215133333
y_true_train,ON,15,0.4207
y_true_train,ON,15,0.382866643
y_true_train,ON,15,0.353433333
y_true_train,ON,15,0.1288
y_true_train,ON,15,0.626164941
y_true_train,ON,15,0.5611
y_true_train,ON,15,0.6036
y_true_train,ON,15,1.0636
y_true_train,ON,15,0.885933333
y_true_train,ON,15,0.5707
y_true_train,ON,15,0.6816
y_true_train,ON,15,0.843733333
y_true_train,ON,15,0.352189199
y_true_train,ON,15,0.852441684
y_true_train,ON,15,0.537450695
y_true_train,ON,15,1.138666667
y_true_train,ON,15,0.469645269
y_true_train,ON,15,0.847366667
y_true_train,ON,15,0.996666667
y_true_train,ON,15,0.740966667
y_true_train,ON,15,0.451213649
y_true_train,ON,15,0.717429711
y_true_train,ON,15,0.001166667
y_true_train,ON,15,0.141533333
y_true_train,ON,15,0.534033333
y_true_train,ON,15,0.556966667
y_true_test,ON,15,0.44389833
y_true_test,ON,15,0.5223
y_true_test,ON,15,0.360733333
y_true_test,ON,15,0.40662425
y_true_test,ON,15,0.3809
y_true_test,ON,15,0.518733333
y_true_test,ON,15,0.236633333
y_true_test,ON,15,0.752726198
y_true_test,ON,15,0.402353412
y_true_test,ON,15,0.335708924
y_true_test,ON,15,0.3089
y_true_test,ON,15,0.7379
y_true_test,ON,15,0.386833333
y_true_test,ON,15,0.5752
y_true_test,ON,15,0.6633
test_ind,ON,15,212.0
test_ind,ON,15,232.0
test_ind,ON,15,238.0
test_ind,ON,15,99.0
test_ind,ON,15,233.0
test_ind,ON,15,247.0
test_ind,ON,15,17.0
test_ind,ON,15,187.0
test_ind,ON,15,139.0
test_ind,ON,15,213.0
test_ind,ON,15,42.0
test_ind,ON,15,55.0
test_ind,ON,15,65.0
test_ind,ON,15,34.0
test_ind,ON,15,248.0
train_ind,ON,15,252.0
train_ind,ON,15,258.0
train_ind,ON,15,69.0
train_ind,ON,15,98.0
train_ind,ON,15,243.0
train_ind,ON,15,16.0
train_ind,ON,15,250.0
train_ind,ON,15,15.0
train_ind,ON,15,236.0
train_ind,ON,15,61.0
train_ind,ON,15,95.0
train_ind,ON,15,237.0
train_ind,ON,15,27.0
train_ind,ON,15,188.0
train_ind,ON,15,249.0
train_ind,ON,15,41.0
train_ind,ON,15,257.0
train_ind,ON,15,64.0
train_ind,ON,15,20.0
train_ind,ON,15,43.0
train_ind,ON,15,36.0
train_ind,ON,15,168.0
train_ind,ON,15,72.0
train_ind,ON,15,167.0
train_ind,ON,15,59.0
train_ind,ON,15,138.0
train_ind,ON,15,67.0
train_ind,ON,15,38.0
train_ind,ON,15,28.0
train_ind,ON,15,119.0
train_ind,ON,15,136.0
train_ind,ON,15,14.0
train_ind,ON,15,23.0
train_ind,ON,15,39.0
train_ind,ON,15,29.0
test_rsq,ON,15,-0.9816193729116505
train_rsq,ON,15,0.6702902610639518
test_rmse,ON,15,0.21185540222297844
train_rmse,ON,15,0.14660903338128226
test_mape,ON,15,32.04345405009805
train_mape,ON,15,424.7973322566879
n_comp,ON,15,6.0
y_hat_test,ON,16,0.5559475445968316
y_hat_test,ON,16,0.4376950317265269
y_hat_test,ON,16,0.5454363695082224
y_hat_test,ON,16,0.40854503371942674
y_hat_test,ON,16,0.4987749399561634
y_hat_test,ON,16,0.7136213951250157
y_hat_test,ON,16,0.4427271723694468
y_hat_test,ON,16,0.46262191285176446
y_hat_test,ON,16,0.4025302034429391
y_hat_test,ON,16,0.43513323749380206
y_hat_test,ON,16,0.40996821942797995
y_hat_test,ON,16,0.7885890954586167
y_hat_test,ON,16,0.658555606313408
y_hat_test,ON,16,0.8784477949175437
y_hat_test,ON,16,0.5500826951467666
y_hat_train,ON,16,0.47294556352451683
y_hat_train,ON,16,0.46199975912968044
y_hat_train,ON,16,0.5485827581425832
y_hat_train,ON,16,0.4250075879242018
y_hat_train,ON,16,0.7052295163012074
y_hat_train,ON,16,0.5800790256000269
y_hat_train,ON,16,0.4432520206918205
y_hat_train,ON,16,0.41523308918831264
y_hat_train,ON,16,0.7280389283847875
y_hat_train,ON,16,0.5563381282738324
y_hat_train,ON,16,0.4477759250260902
y_hat_train,ON,16,0.4789757055169478
y_hat_train,ON,16,0.42843574390357936
y_hat_train,ON,16,0.658088006211513
y_hat_train,ON,16,0.5124261200802464
y_hat_train,ON,16,0.4725047872471159
y_hat_train,ON,16,0.4990396851723005
y_hat_train,ON,16,0.6128801788247725
y_hat_train,ON,16,0.5245293681176225
y_hat_train,ON,16,0.582481518345773
y_hat_train,ON,16,0.6346472749381757
y_hat_train,ON,16,0.8439300702276182
y_hat_train,ON,16,0.6747149569031534
y_hat_train,ON,16,0.4727914435307036
y_hat_train,ON,16,0.3784521857672155
y_hat_train,ON,16,0.4343356578531654
y_hat_train,ON,16,0.5191622595196829
y_hat_train,ON,16,0.5862974044351024
y_hat_train,ON,16,0.5170256070899605
y_hat_train,ON,16,0.551027408898533
y_hat_train,ON,16,0.49884945435769285
y_hat_train,ON,16,0.6247266398803535
y_hat_train,ON,16,0.537820123884009
y_hat_train,ON,16,0.4763995670951265
y_hat_train,ON,16,0.4316619070125792
y_true_train,ON,16,0.431
y_true_train,ON,16,0.752726198
y_true_train,ON,16,0.40662425
y_true_train,ON,16,0.382866643
y_true_train,ON,16,1.138666667
y_true_train,ON,16,0.518733333
y_true_train,ON,16,0.5752
y_true_train,ON,16,0.5223
y_true_train,ON,16,0.3781
y_true_train,ON,16,0.556966667
y_true_train,ON,16,0.885933333
y_true_train,ON,16,0.534033333
y_true_train,ON,16,0.3809
y_true_train,ON,16,0.717429711
y_true_train,ON,16,0.461966667
y_true_train,ON,16,0.001166667
y_true_train,ON,16,0.6036
y_true_train,ON,16,0.469645269
y_true_train,ON,16,0.3089
y_true_train,ON,16,0.843733333
y_true_train,ON,16,0.6633
y_true_train,ON,16,1.0636
y_true_train,ON,16,0.639466667
y_true_train,ON,16,0.4207
y_true_train,ON,16,0.402353412
y_true_train,ON,16,0.7379
y_true_train,ON,16,0.352189199
y_true_train,ON,16,0.572566667
y_true_train,ON,16,0.5611
y_true_train,ON,16,0.537450695
y_true_train,ON,16,0.5707
y_true_train,ON,16,0.499766667
y_true_train,ON,16,0.141533333
y_true_train,ON,16,0.341833333
y_true_train,ON,16,0.360733333
y_true_test,ON,16,0.236633333
y_true_test,ON,16,0.626164941
y_true_test,ON,16,0.603112452
y_true_test,ON,16,0.335708924
y_true_test,ON,16,0.386833333
y_true_test,ON,16,0.852441684
y_true_test,ON,16,0.44389833
y_true_test,ON,16,0.847366667
y_true_test,ON,16,0.353433333
y_true_test,ON,16,0.215133333
y_true_test,ON,16,0.451213649
y_true_test,ON,16,0.6816
y_true_test,ON,16,0.740966667
y_true_test,ON,16,0.996666667
y_true_test,ON,16,0.1288
test_ind,ON,16,17.0
test_ind,ON,16,188.0
test_ind,ON,16,98.0
test_ind,ON,16,213.0
test_ind,ON,16,65.0
test_ind,ON,16,72.0
test_ind,ON,16,212.0
test_ind,ON,16,67.0
test_ind,ON,16,237.0
test_ind,ON,16,236.0
test_ind,ON,16,119.0
test_ind,ON,16,43.0
test_ind,ON,16,28.0
test_ind,ON,16,38.0
test_ind,ON,16,27.0
train_ind,ON,16,69.0
train_ind,ON,16,187.0
train_ind,ON,16,99.0
train_ind,ON,16,95.0
train_ind,ON,16,59.0
train_ind,ON,16,247.0
train_ind,ON,16,34.0
train_ind,ON,16,232.0
train_ind,ON,16,16.0
train_ind,ON,16,29.0
train_ind,ON,16,64.0
train_ind,ON,16,39.0
train_ind,ON,16,233.0
train_ind,ON,16,136.0
train_ind,ON,16,252.0
train_ind,ON,16,14.0
train_ind,ON,16,41.0
train_ind,ON,16,138.0
train_ind,ON,16,42.0
train_ind,ON,16,36.0
train_ind,ON,16,248.0
train_ind,ON,16,257.0
train_ind,ON,16,243.0
train_ind,ON,16,61.0
train_ind,ON,16,139.0
train_ind,ON,16,55.0
train_ind,ON,16,168.0
train_ind,ON,16,258.0
train_ind,ON,16,249.0
train_ind,ON,16,167.0
train_ind,ON,16,20.0
train_ind,ON,16,15.0
train_ind,ON,16,23.0
train_ind,ON,16,250.0
train_ind,ON,16,238.0
test_rsq,ON,16,0.3832264060990497
train_rsq,ON,16,0.2021594836181092
test_rmse,ON,16,0.198015269069202
train_rmse,ON,16,0.19998420546637374
test_mape,ON,16,51.883204409131864
train_mape,ON,16,1184.212911382058
n_comp,ON,16,1.0
y_hat_test,ON,17,0.6429969048270431
y_hat_test,ON,17,0.5118137374073507
y_hat_test,ON,17,0.5209935022130134
y_hat_test,ON,17,0.6490025264057152
y_hat_test,ON,17,0.38991767822412454
y_hat_test,ON,17,0.47645991129234894
y_hat_test,ON,17,0.3695791813214688
y_hat_test,ON,17,0.5634855058548996
y_hat_test,ON,17,0.7220033184730108
y_hat_test,ON,17,0.523558226822665
y_hat_test,ON,17,0.4451258662846189
y_hat_test,ON,17,0.4278801565632468
y_hat_test,ON,17,0.30444049865026834
y_hat_test,ON,17,0.32478844449526195
y_hat_test,ON,17,0.7442968018779093
y_hat_train,ON,17,0.6089799002467128
y_hat_train,ON,17,0.5613228562941873
y_hat_train,ON,17,0.4039301555354932
y_hat_train,ON,17,0.6375973199404426
y_hat_train,ON,17,0.3041102859831959
y_hat_train,ON,17,0.5419804385806914
y_hat_train,ON,17,0.39092898829795686
y_hat_train,ON,17,0.29304120428292624
y_hat_train,ON,17,0.35922077306317296
y_hat_train,ON,17,0.515312140721993
y_hat_train,ON,17,0.5967564943520429
y_hat_train,ON,17,0.4812032493852236
y_hat_train,ON,17,0.5432429584611601
y_hat_train,ON,17,0.4574293450423557
y_hat_train,ON,17,0.36097766119574776
y_hat_train,ON,17,0.45089473606405966
y_hat_train,ON,17,0.3753935692471603
y_hat_train,ON,17,0.3996604837299806
y_hat_train,ON,17,0.591737324894403
y_hat_train,ON,17,0.514020580829265
y_hat_train,ON,17,0.4275442090128275
y_hat_train,ON,17,0.6252427641931916
y_hat_train,ON,17,0.6322887937807146
y_hat_train,ON,17,0.5744878304935206
y_hat_train,ON,17,0.6977741241841174
y_hat_train,ON,17,0.41449875962730887
y_hat_train,ON,17,0.408024110242675
y_hat_train,ON,17,0.4957633617586668
y_hat_train,ON,17,0.5060342445929584
y_hat_train,ON,17,0.3650712708550924
y_hat_train,ON,17,0.6120602451459378
y_hat_train,ON,17,0.4011256922476326
y_hat_train,ON,17,0.5021220735206992
y_hat_train,ON,17,0.6782637037541874
y_hat_train,ON,17,0.4027319164423008
y_true_train,ON,17,0.556966667
y_true_train,ON,17,0.717429711
y_true_train,ON,17,0.534033333
y_true_train,ON,17,0.3781
y_true_train,ON,17,0.353433333
y_true_train,ON,17,0.518733333
y_true_train,ON,17,0.382866643
y_true_train,ON,17,0.001166667
y_true_train,ON,17,0.402353412
y_true_train,ON,17,0.141533333
y_true_train,ON,17,0.6036
y_true_train,ON,17,0.3089
y_true_train,ON,17,0.5223
y_true_train,ON,17,0.603112452
y_true_train,ON,17,0.5752
y_true_train,ON,17,0.352189199
y_true_train,ON,17,0.752726198
y_true_train,ON,17,0.451213649
y_true_train,ON,17,0.572566667
y_true_train,ON,17,0.236633333
y_true_train,ON,17,0.626164941
y_true_train,ON,17,0.843733333
y_true_train,ON,17,1.138666667
y_true_train,ON,17,0.499766667
y_true_train,ON,17,0.740966667
y_true_train,ON,17,0.386833333
y_true_train,ON,17,0.215133333
y_true_train,ON,17,0.5707
y_true_train,ON,17,0.537450695
y_true_train,ON,17,0.341833333
y_true_train,ON,17,0.5611
y_true_train,ON,17,0.431
y_true_train,ON,17,0.1288
y_true_train,ON,17,0.6816
y_true_train,ON,17,0.461966667
y_true_test,ON,17,0.6633
y_true_test,ON,17,0.7379
y_true_test,ON,17,0.847366667
y_true_test,ON,17,0.639466667
y_true_test,ON,17,0.885933333
y_true_test,ON,17,0.40662425
y_true_test,ON,17,0.360733333
y_true_test,ON,17,0.852441684
y_true_test,ON,17,1.0636
y_true_test,ON,17,0.469645269
y_true_test,ON,17,0.3809
y_true_test,ON,17,0.4207
y_true_test,ON,17,0.44389833
y_true_test,ON,17,0.335708924
y_true_test,ON,17,0.996666667
test_ind,ON,17,248.0
test_ind,ON,17,55.0
test_ind,ON,17,67.0
test_ind,ON,17,243.0
test_ind,ON,17,64.0
test_ind,ON,17,99.0
test_ind,ON,17,238.0
test_ind,ON,17,72.0
test_ind,ON,17,257.0
test_ind,ON,17,138.0
test_ind,ON,17,233.0
test_ind,ON,17,61.0
test_ind,ON,17,212.0
test_ind,ON,17,213.0
test_ind,ON,17,38.0
train_ind,ON,17,29.0
train_ind,ON,17,136.0
train_ind,ON,17,39.0
train_ind,ON,17,16.0
train_ind,ON,17,237.0
train_ind,ON,17,247.0
train_ind,ON,17,95.0
train_ind,ON,17,14.0
train_ind,ON,17,139.0
train_ind,ON,17,23.0
train_ind,ON,17,41.0
train_ind,ON,17,42.0
train_ind,ON,17,232.0
train_ind,ON,17,98.0
train_ind,ON,17,34.0
train_ind,ON,17,168.0
train_ind,ON,17,187.0
train_ind,ON,17,119.0
train_ind,ON,17,258.0
train_ind,ON,17,17.0
train_ind,ON,17,188.0
train_ind,ON,17,36.0
train_ind,ON,17,59.0
train_ind,ON,17,15.0
train_ind,ON,17,28.0
train_ind,ON,17,65.0
train_ind,ON,17,236.0
train_ind,ON,17,20.0
train_ind,ON,17,167.0
train_ind,ON,17,250.0
train_ind,ON,17,249.0
train_ind,ON,17,69.0
train_ind,ON,17,27.0
train_ind,ON,17,43.0
train_ind,ON,17,252.0
test_rsq,ON,17,0.1981433455254581
train_rsq,ON,17,0.2502382382171676
test_rmse,ON,17,0.21597064140369812
train_rmse,ON,17,0.18616964289121615
test_mape,ON,17,20.35835687087081
train_mape,ON,17,752.4101820763667
n_comp,ON,17,3.0
y_hat_test,ON,18,0.5620464111296248
y_hat_test,ON,18,0.4233276068706774
y_hat_test,ON,18,0.5325105619259048
y_hat_test,ON,18,0.36641763495167
y_hat_test,ON,18,0.48579225017756733
y_hat_test,ON,18,0.5656081409334224
y_hat_test,ON,18,0.5352800851724591
y_hat_test,ON,18,0.8016284634042465
y_hat_test,ON,18,0.4332900078696907
y_hat_test,ON,18,0.42110067059932965
y_hat_test,ON,18,0.4672688932467497
y_hat_test,ON,18,0.587209217781862
y_hat_test,ON,18,0.6795508732992173
y_hat_test,ON,18,0.5031005515695126
y_hat_test,ON,18,0.6318263332684877
y_hat_train,ON,18,0.6368422082676337
y_hat_train,ON,18,0.40562131192682915
y_hat_train,ON,18,0.529126508327919
y_hat_train,ON,18,0.45411772572297404
y_hat_train,ON,18,0.7498103350082913
y_hat_train,ON,18,0.46024981332618553
y_hat_train,ON,18,0.41581575624160094
y_hat_train,ON,18,0.397752169457882
y_hat_train,ON,18,0.5051861027995777
y_hat_train,ON,18,0.46281481282066395
y_hat_train,ON,18,0.4597389066269429
y_hat_train,ON,18,0.6107694637685047
y_hat_train,ON,18,0.4859958269909695
y_hat_train,ON,18,0.4250660659397173
y_hat_train,ON,18,0.5325741572690592
y_hat_train,ON,18,0.5097562020447408
y_hat_train,ON,18,0.394596839200276
y_hat_train,ON,18,0.43331221319160035
y_hat_train,ON,18,0.5380740472612708
y_hat_train,ON,18,0.6013021882395043
y_hat_train,ON,18,0.4873669336174088
y_hat_train,ON,18,0.398255978290249
y_hat_train,ON,18,0.8345065924766784
y_hat_train,ON,18,0.5601931108886657
y_hat_train,ON,18,0.45147421563586815
y_hat_train,ON,18,0.5004683998796873
y_hat_train,ON,18,0.6720812830472819
y_hat_train,ON,18,0.42676596270811873
y_hat_train,ON,18,0.4107128291338181
y_hat_train,ON,18,0.5370529583875432
y_hat_train,ON,18,0.6920198432249446
y_hat_train,ON,18,0.46616986253233705
y_hat_train,ON,18,0.5193515610372106
y_hat_train,ON,18,0.4373392544122597
y_hat_train,ON,18,0.6444969442957893
y_true_train,ON,18,0.717429711
y_true_train,ON,18,0.5223
y_true_train,ON,18,0.603112452
y_true_train,ON,18,0.752726198
y_true_train,ON,18,0.6816
y_true_train,ON,18,0.431
y_true_train,ON,18,0.3809
y_true_train,ON,18,0.451213649
y_true_train,ON,18,0.352189199
y_true_train,ON,18,0.001166667
y_true_train,ON,18,0.4207
y_true_train,ON,18,0.6633
y_true_train,ON,18,0.6036
y_true_train,ON,18,0.215133333
y_true_train,ON,18,0.1288
y_true_train,ON,18,0.3089
y_true_train,ON,18,0.353433333
y_true_train,ON,18,0.5752
y_true_train,ON,18,0.236633333
y_true_train,ON,18,0.499766667
y_true_train,ON,18,0.5707
y_true_train,ON,18,0.335708924
y_true_train,ON,18,0.996666667
y_true_train,ON,18,0.843733333
y_true_train,ON,18,0.847366667
y_true_train,ON,18,0.461966667
y_true_train,ON,18,1.138666667
y_true_train,ON,18,0.626164941
y_true_train,ON,18,0.382866643
y_true_train,ON,18,0.556966667
y_true_train,ON,18,0.3781
y_true_train,ON,18,0.341833333
y_true_train,ON,18,0.141533333
y_true_train,ON,18,0.885933333
y_true_train,ON,18,0.639466667
y_true_test,ON,18,0.518733333
y_true_test,ON,18,0.7379
y_true_test,ON,18,0.40662425
y_true_test,ON,18,0.402353412
y_true_test,ON,18,0.386833333
y_true_test,ON,18,0.572566667
y_true_test,ON,18,0.537450695
y_true_test,ON,18,1.0636
y_true_test,ON,18,0.44389833
y_true_test,ON,18,0.360733333
y_true_test,ON,18,0.534033333
y_true_test,ON,18,0.469645269
y_true_test,ON,18,0.852441684
y_true_test,ON,18,0.5611
y_true_test,ON,18,0.740966667
test_ind,ON,18,247.0
test_ind,ON,18,55.0
test_ind,ON,18,99.0
test_ind,ON,18,139.0
test_ind,ON,18,65.0
test_ind,ON,18,258.0
test_ind,ON,18,167.0
test_ind,ON,18,257.0
test_ind,ON,18,212.0
test_ind,ON,18,238.0
test_ind,ON,18,39.0
test_ind,ON,18,138.0
test_ind,ON,18,72.0
test_ind,ON,18,249.0
test_ind,ON,18,28.0
train_ind,ON,18,136.0
train_ind,ON,18,232.0
train_ind,ON,18,98.0
train_ind,ON,18,187.0
train_ind,ON,18,43.0
train_ind,ON,18,69.0
train_ind,ON,18,233.0
train_ind,ON,18,119.0
train_ind,ON,18,168.0
train_ind,ON,18,14.0
train_ind,ON,18,61.0
train_ind,ON,18,248.0
train_ind,ON,18,41.0
train_ind,ON,18,236.0
train_ind,ON,18,27.0
train_ind,ON,18,42.0
train_ind,ON,18,237.0
train_ind,ON,18,34.0
train_ind,ON,18,17.0
train_ind,ON,18,15.0
train_ind,ON,18,20.0
train_ind,ON,18,213.0
train_ind,ON,18,38.0
train_ind,ON,18,36.0
train_ind,ON,18,67.0
train_ind,ON,18,252.0
train_ind,ON,18,59.0
train_ind,ON,18,188.0
train_ind,ON,18,95.0
train_ind,ON,18,29.0
train_ind,ON,18,16.0
train_ind,ON,18,250.0
train_ind,ON,18,23.0
train_ind,ON,18,64.0
train_ind,ON,18,243.0
test_rsq,ON,18,0.515275434403255
train_rsq,ON,18,0.18256109668592635
test_rmse,ON,18,0.1325765057295666
train_rmse,ON,18,0.2230845684198697
test_mape,ON,18,16.31395495788054
train_mape,ON,18,1174.0853265699711
n_comp,ON,18,1.0
y_hat_test,ON,19,0.42847689779963294
y_hat_test,ON,19,0.687738443619859
y_hat_test,ON,19,0.44984520390835375
y_hat_test,ON,19,0.38531230031476194
y_hat_test,ON,19,0.5470082381057235
y_hat_test,ON,19,0.5014795552930921
y_hat_test,ON,19,0.47649862545173133
y_hat_test,ON,19,0.576055267866281
y_hat_test,ON,19,0.42519410164978144
y_hat_test,ON,19,0.8063733432738059
y_hat_test,ON,19,0.5031261930118508
y_hat_test,ON,19,0.41611285589274916
y_hat_test,ON,19,0.5251372126189104
y_hat_test,ON,19,0.6137609142556624
y_hat_test,ON,19,0.4835479468386426
y_hat_train,ON,19,0.5470891533256447
y_hat_train,ON,19,0.5796373331804329
y_hat_train,ON,19,0.478274536840568
y_hat_train,ON,19,0.5197507225688087
y_hat_train,ON,19,0.41638465752636344
y_hat_train,ON,19,0.5522383234739351
y_hat_train,ON,19,0.5526200213737542
y_hat_train,ON,19,0.6483097793649207
y_hat_train,ON,19,0.6554892838071897
y_hat_train,ON,19,0.5434454463136834
y_hat_train,ON,19,0.6816678636626619
y_hat_train,ON,19,0.43420098523748996
y_hat_train,ON,19,0.4428248788612693
y_hat_train,ON,19,0.4691786251401825
y_hat_train,ON,19,0.5038212948717512
y_hat_train,ON,19,0.5205465416899403
y_hat_train,ON,19,0.8381083499308708
y_hat_train,ON,19,0.4504128022239798
y_hat_train,ON,19,0.6441512397829402
y_hat_train,ON,19,0.4419277000569446
y_hat_train,ON,19,0.7563206989908186
y_hat_train,ON,19,0.4387290161217979
y_hat_train,ON,19,0.6236088437778236
y_hat_train,ON,19,0.4709020708240699
y_hat_train,ON,19,0.534468764935281
y_hat_train,ON,19,0.5156940846259312
y_hat_train,ON,19,0.4767139214907776
y_hat_train,ON,19,0.7005117835635326
y_hat_train,ON,19,0.5498816250804852
y_hat_train,ON,19,0.574571218414455
y_hat_train,ON,19,0.45453138659889714
y_hat_train,ON,19,0.4126572572661324
y_hat_train,ON,19,0.4443068191730277
y_hat_train,ON,19,0.4822505017060256
y_hat_train,ON,19,0.5980712491976135
y_true_train,ON,19,0.1288
y_true_train,ON,19,0.572566667
y_true_train,ON,19,0.001166667
y_true_train,ON,19,0.5611
y_true_train,ON,19,0.451213649
y_true_train,ON,19,0.556966667
y_true_train,ON,19,0.236633333
y_true_train,ON,19,0.717429711
y_true_train,ON,19,0.639466667
y_true_train,ON,19,0.603112452
y_true_train,ON,19,1.138666667
y_true_train,ON,19,0.3809
y_true_train,ON,19,0.215133333
y_true_train,ON,19,0.847366667
y_true_train,ON,19,0.5707
y_true_train,ON,19,0.352189199
y_true_train,ON,19,0.996666667
y_true_train,ON,19,0.5752
y_true_train,ON,19,0.740966667
y_true_train,ON,19,0.7379
y_true_train,ON,19,0.6816
y_true_train,ON,19,0.360733333
y_true_train,ON,19,0.6633
y_true_train,ON,19,0.752726198
y_true_train,ON,19,0.141533333
y_true_train,ON,19,0.461966667
y_true_train,ON,19,0.431
y_true_train,ON,19,0.3781
y_true_train,ON,19,0.537450695
y_true_train,ON,19,0.843733333
y_true_train,ON,19,0.885933333
y_true_train,ON,19,0.353433333
y_true_train,ON,19,0.626164941
y_true_train,ON,19,0.341833333
y_true_train,ON,19,0.469645269
y_true_test,ON,19,0.382866643
y_true_test,ON,19,0.852441684
y_true_test,ON,19,0.44389833
y_true_test,ON,19,0.402353412
y_true_test,ON,19,0.40662425
y_true_test,ON,19,0.386833333
y_true_test,ON,19,0.4207
y_true_test,ON,19,0.518733333
y_true_test,ON,19,0.5223
y_true_test,ON,19,1.0636
y_true_test,ON,19,0.6036
y_true_test,ON,19,0.335708924
y_true_test,ON,19,0.3089
y_true_test,ON,19,0.499766667
y_true_test,ON,19,0.534033333
test_ind,ON,19,95.0
test_ind,ON,19,72.0
test_ind,ON,19,212.0
test_ind,ON,19,139.0
test_ind,ON,19,99.0
test_ind,ON,19,65.0
test_ind,ON,19,61.0
test_ind,ON,19,247.0
test_ind,ON,19,232.0
test_ind,ON,19,257.0
test_ind,ON,19,41.0
test_ind,ON,19,213.0
test_ind,ON,19,42.0
test_ind,ON,19,15.0
test_ind,ON,19,39.0
train_ind,ON,19,27.0
train_ind,ON,19,258.0
train_ind,ON,19,14.0
train_ind,ON,19,249.0
train_ind,ON,19,119.0
train_ind,ON,19,29.0
train_ind,ON,19,17.0
train_ind,ON,19,136.0
train_ind,ON,19,243.0
train_ind,ON,19,98.0
train_ind,ON,19,59.0
train_ind,ON,19,233.0
train_ind,ON,19,236.0
train_ind,ON,19,67.0
train_ind,ON,19,20.0
train_ind,ON,19,168.0
train_ind,ON,19,38.0
train_ind,ON,19,34.0
train_ind,ON,19,28.0
train_ind,ON,19,55.0
train_ind,ON,19,43.0
train_ind,ON,19,238.0
train_ind,ON,19,248.0
train_ind,ON,19,187.0
train_ind,ON,19,23.0
train_ind,ON,19,252.0
train_ind,ON,19,69.0
train_ind,ON,19,16.0
train_ind,ON,19,167.0
train_ind,ON,19,36.0
train_ind,ON,19,64.0
train_ind,ON,19,237.0
train_ind,ON,19,188.0
train_ind,ON,19,250.0
train_ind,ON,19,138.0
test_rsq,ON,19,0.6084250651405612
train_rsq,ON,19,0.16485376177614264
test_rmse,ON,19,0.12199475673894203
train_rmse,ON,19,0.2254257599044508
test_mape,ON,19,20.728162170207614
train_mape,ON,19,1211.589156298819
n_comp,ON,19,1.0
y_hat_test,TN,0,-0.16863533244426776
y_hat_test,TN,0,1.3455457069582437
y_hat_test,TN,0,0.6154059958184919
y_hat_test,TN,0,3.260001093633159
y_hat_test,TN,0,1.5858830621718267
y_hat_test,TN,0,0.8541227883922806
y_hat_test,TN,0,0.3942223144164043
y_hat_test,TN,0,0.2921998521519209
y_hat_test,TN,0,-0.009905066907504922
y_hat_test,TN,0,0.8837066405926687
y_hat_test,TN,0,1.9970960258425423
y_hat_test,TN,0,0.666659429690867
y_hat_test,TN,0,1.0152180462831237
y_hat_test,TN,0,0.8027385204683288
y_hat_test,TN,0,0.5328866708238961
y_hat_test,TN,0,0.7797643401928446
y_hat_test,TN,0,0.5375457455568218
y_hat_train,TN,0,0.9534917159058106
y_hat_train,TN,0,0.432450475500481
y_hat_train,TN,0,0.6214904795593965
y_hat_train,TN,0,0.8261471799066695
y_hat_train,TN,0,0.7467520181486779
y_hat_train,TN,0,-0.09716611428055133
y_hat_train,TN,0,0.45440958423534084
y_hat_train,TN,0,0.8942229141561554
y_hat_train,TN,0,0.766370857362257
y_hat_train,TN,0,0.4838486282563953
y_hat_train,TN,0,0.3340781439491235
y_hat_train,TN,0,0.2866420592830228
y_hat_train,TN,0,1.1362063388155936
y_hat_train,TN,0,2.253784856946167
y_hat_train,TN,0,0.2526977994869296
y_hat_train,TN,0,1.0498320549274514
y_hat_train,TN,0,3.0708501965727155
y_hat_train,TN,0,0.799870281299161
y_hat_train,TN,0,0.1728823680919156
y_hat_train,TN,0,0.4727805439331487
y_hat_train,TN,0,0.6846739270492064
y_hat_train,TN,0,3.3791962976596146
y_hat_train,TN,0,0.7995746546522183
y_hat_train,TN,0,0.5936454429411786
y_hat_train,TN,0,3.311770625497767
y_hat_train,TN,0,1.3377073452640247
y_hat_train,TN,0,0.5835437338745795
y_hat_train,TN,0,0.8689842134540631
y_hat_train,TN,0,0.8753954051423184
y_hat_train,TN,0,0.3437296365665343
y_hat_train,TN,0,-0.005936741631577869
y_hat_train,TN,0,0.5395359962992062
y_hat_train,TN,0,3.7744528340370858
y_hat_train,TN,0,3.0425056305215197
y_hat_train,TN,0,0.7212638147550139
y_hat_train,TN,0,0.4361154970113039
y_hat_train,TN,0,0.5671555516250589
y_hat_train,TN,0,0.45771836073270056
y_hat_train,TN,0,0.9538103474923267
y_true_train,TN,0,0.910333333
y_true_train,TN,0,0.481333333
y_true_train,TN,0,0.620333333
y_true_train,TN,0,0.761510981
y_true_train,TN,0,0.716666667
y_true_train,TN,0,0.013
y_true_train,TN,0,0.517333333
y_true_train,TN,0,0.919971979
y_true_train,TN,0,0.699333333
y_true_train,TN,0,0.451333333
y_true_train,TN,0,0.436914199
y_true_train,TN,0,0.311333333
y_true_train,TN,0,1.058333333
y_true_train,TN,0,2.18
y_true_train,TN,0,0.148
y_true_train,TN,0,0.931666667
y_true_train,TN,0,2.920666667
y_true_train,TN,0,0.647333333
y_true_train,TN,0,0.007333333
y_true_train,TN,0,0.346474193
y_true_train,TN,0,0.740333333
y_true_train,TN,0,3.381691805
y_true_train,TN,0,0.899333333
y_true_train,TN,0,0.692333333
y_true_train,TN,0,3.421333333
y_true_train,TN,0,1.477
y_true_train,TN,0,0.674666667
y_true_train,TN,0,0.724333333
y_true_train,TN,0,0.854984357
y_true_train,TN,0,0.192
y_true_train,TN,0,0.047
y_true_train,TN,0,0.761333333
y_true_train,TN,0,3.817604111
y_true_train,TN,0,3.124333333
y_true_train,TN,0,0.705
y_true_train,TN,0,0.404
y_true_train,TN,0,0.570666667
y_true_train,TN,0,0.718666667
y_true_train,TN,0,0.890666667
y_true_test,TN,0,0.56
y_true_test,TN,0,0.861905178
y_true_test,TN,0,0.665742231
y_true_test,TN,0,3.995
y_true_test,TN,0,1.012333333
y_true_test,TN,0,0.832666667
y_true_test,TN,0,0.606508959
y_true_test,TN,0,0.703
y_true_test,TN,0,0.516666667
y_true_test,TN,0,0.76339733
y_true_test,TN,0,2.371333333
y_true_test,TN,0,0.911333333
y_true_test,TN,0,0.907253617
y_true_test,TN,0,1.194333333
y_true_test,TN,0,0.480627835
y_true_test,TN,0,0.543
y_true_test,TN,0,0.44225616
test_ind,TN,0,237.0
test_ind,TN,0,136.0
test_ind,TN,0,212.0
test_ind,TN,0,67.0
test_ind,TN,0,38.0
test_ind,TN,0,16.0
test_ind,TN,0,119.0
test_ind,TN,0,233.0
test_ind,TN,0,238.0
test_ind,TN,0,98.0
test_ind,TN,0,20.0
test_ind,TN,0,36.0
test_ind,TN,0,72.0
test_ind,TN,0,59.0
test_ind,TN,0,99.0
test_ind,TN,0,247.0
test_ind,TN,0,168.0
train_ind,TN,0,28.0
train_ind,TN,0,42.0
train_ind,TN,0,69.0
train_ind,TN,0,139.0
train_ind,TN,0,248.0
train_ind,TN,0,51.0
train_ind,TN,0,250.0
train_ind,TN,0,138.0
train_ind,TN,0,43.0
train_ind,TN,0,23.0
train_ind,TN,0,95.0
train_ind,TN,0,48.0
train_ind,TN,0,257.0
train_ind,TN,0,55.0
train_ind,TN,0,244.0
train_ind,TN,0,29.0
train_ind,TN,0,41.0
train_ind,TN,0,65.0
train_ind,TN,0,49.0
train_ind,TN,0,213.0
train_ind,TN,0,258.0
train_ind,TN,0,187.0
train_ind,TN,0,15.0
train_ind,TN,0,39.0
train_ind,TN,0,232.0
train_ind,TN,0,64.0
train_ind,TN,0,27.0
train_ind,TN,0,61.0
train_ind,TN,0,167.0
train_ind,TN,0,57.0
train_ind,TN,0,52.0
train_ind,TN,0,34.0
train_ind,TN,0,188.0
train_ind,TN,0,249.0
train_ind,TN,0,17.0
train_ind,TN,0,14.0
train_ind,TN,0,252.0
train_ind,TN,0,243.0
train_ind,TN,0,236.0
test_rsq,TN,0,0.7951468496188112
train_rsq,TN,0,0.9890077050984012
test_rmse,TN,0,0.38921935725090356
train_rmse,TN,0,0.10243924751565535
test_mape,TN,0,37.99244912659574
train_mape,TN,0,95.26877646696295
n_comp,TN,0,10.0
y_hat_test,TN,1,1.52578846819506
y_hat_test,TN,1,0.9504980569506011
y_hat_test,TN,1,0.46838666754785524
y_hat_test,TN,1,0.0785499014697576
y_hat_test,TN,1,0.4881331813882668
y_hat_test,TN,1,0.8167006240167227
y_hat_test,TN,1,0.3929448420971623
y_hat_test,TN,1,3.066644445037206
y_hat_test,TN,1,0.8512257261326577
y_hat_test,TN,1,3.7882646062657948
y_hat_test,TN,1,1.1045924844564154
y_hat_test,TN,1,0.47631406838757184
y_hat_test,TN,1,2.44691464768737
y_hat_test,TN,1,0.2638960108083518
y_hat_test,TN,1,0.7685918630514865
y_hat_test,TN,1,0.8829808428130654
y_hat_test,TN,1,1.5301649198650396
y_hat_train,TN,1,0.6348468592644791
y_hat_train,TN,1,0.9737982907047674
y_hat_train,TN,1,3.7369421595466132
y_hat_train,TN,1,0.5193584420405608
y_hat_train,TN,1,1.0837093871295438
y_hat_train,TN,1,0.6721323151960443
y_hat_train,TN,1,0.8904423460845705
y_hat_train,TN,1,3.1077184980941723
y_hat_train,TN,1,0.9445264417730467
y_hat_train,TN,1,0.6904185881474412
y_hat_train,TN,1,0.7624365905664434
y_hat_train,TN,1,0.12990229370942652
y_hat_train,TN,1,3.1854621839103583
y_hat_train,TN,1,0.43801356680114567
y_hat_train,TN,1,0.7567086987109273
y_hat_train,TN,1,2.2161257407465134
y_hat_train,TN,1,0.5352369026508395
y_hat_train,TN,1,0.436442369000837
y_hat_train,TN,1,0.7609259868368836
y_hat_train,TN,1,0.7482236041714281
y_hat_train,TN,1,0.6613509878570294
y_hat_train,TN,1,-0.13975780789325976
y_hat_train,TN,1,0.6415072412021248
y_hat_train,TN,1,2.1473689684993262
y_hat_train,TN,1,0.9309559320132748
y_hat_train,TN,1,0.7668570396632586
y_hat_train,TN,1,0.7638605332527288
y_hat_train,TN,1,0.6243934709656468
y_hat_train,TN,1,0.9375230874096239
y_hat_train,TN,1,0.11632578346520106
y_hat_train,TN,1,0.5164817208776926
y_hat_train,TN,1,0.6794056684550881
y_hat_train,TN,1,0.5290446871533845
y_hat_train,TN,1,1.244759435127127
y_hat_train,TN,1,0.45105756798544583
y_hat_train,TN,1,1.0366361974335239
y_hat_train,TN,1,0.6155457099807116
y_hat_train,TN,1,0.8008968872997662
y_hat_train,TN,1,0.4424232851662633
y_true_train,TN,1,0.517333333
y_true_train,TN,1,0.761510981
y_true_train,TN,1,3.995
y_true_train,TN,1,0.56
y_true_train,TN,1,1.058333333
y_true_train,TN,1,0.620333333
y_true_train,TN,1,0.919971979
y_true_train,TN,1,2.920666667
y_true_train,TN,1,1.194333333
y_true_train,TN,1,0.718666667
y_true_train,TN,1,0.76339733
y_true_train,TN,1,0.007333333
y_true_train,TN,1,3.124333333
y_true_train,TN,1,0.480627835
y_true_train,TN,1,0.724333333
y_true_train,TN,1,2.371333333
y_true_train,TN,1,0.481333333
y_true_train,TN,1,0.436914199
y_true_train,TN,1,0.907253617
y_true_train,TN,1,0.716666667
y_true_train,TN,1,0.665742231
y_true_train,TN,1,0.013
y_true_train,TN,1,0.740333333
y_true_train,TN,1,2.18
y_true_train,TN,1,0.647333333
y_true_train,TN,1,0.674666667
y_true_train,TN,1,0.910333333
y_true_train,TN,1,0.570666667
y_true_train,TN,1,0.899333333
y_true_train,TN,1,0.311333333
y_true_train,TN,1,0.404
y_true_train,TN,1,0.699333333
y_true_train,TN,1,0.451333333
y_true_train,TN,1,1.012333333
y_true_train,TN,1,0.761333333
y_true_train,TN,1,0.931666667
y_true_train,TN,1,0.692333333
y_true_train,TN,1,0.703
y_true_train,TN,1,0.44225616
y_true_test,TN,1,0.890666667
y_true_test,TN,1,0.832666667
y_true_test,TN,1,0.516666667
y_true_test,TN,1,0.047
y_true_test,TN,1,0.606508959
y_true_test,TN,1,0.861905178
y_true_test,TN,1,0.854984357
y_true_test,TN,1,3.817604111
y_true_test,TN,1,0.543
y_true_test,TN,1,3.421333333
y_true_test,TN,1,0.148
y_true_test,TN,1,0.192
y_true_test,TN,1,3.381691805
y_true_test,TN,1,0.346474193
y_true_test,TN,1,0.911333333
y_true_test,TN,1,0.705
y_true_test,TN,1,1.477
test_ind,TN,1,236.0
test_ind,TN,1,16.0
test_ind,TN,1,238.0
test_ind,TN,1,52.0
test_ind,TN,1,119.0
test_ind,TN,1,136.0
test_ind,TN,1,167.0
test_ind,TN,1,188.0
test_ind,TN,1,247.0
test_ind,TN,1,232.0
test_ind,TN,1,244.0
test_ind,TN,1,57.0
test_ind,TN,1,187.0
test_ind,TN,1,213.0
test_ind,TN,1,36.0
test_ind,TN,1,17.0
test_ind,TN,1,64.0
train_ind,TN,1,250.0
train_ind,TN,1,139.0
train_ind,TN,1,67.0
train_ind,TN,1,237.0
train_ind,TN,1,257.0
train_ind,TN,1,69.0
train_ind,TN,1,138.0
train_ind,TN,1,41.0
train_ind,TN,1,59.0
train_ind,TN,1,243.0
train_ind,TN,1,98.0
train_ind,TN,1,49.0
train_ind,TN,1,249.0
train_ind,TN,1,99.0
train_ind,TN,1,61.0
train_ind,TN,1,20.0
train_ind,TN,1,42.0
train_ind,TN,1,95.0
train_ind,TN,1,72.0
train_ind,TN,1,248.0
train_ind,TN,1,212.0
train_ind,TN,1,51.0
train_ind,TN,1,258.0
train_ind,TN,1,55.0
train_ind,TN,1,65.0
train_ind,TN,1,27.0
train_ind,TN,1,28.0
train_ind,TN,1,252.0
train_ind,TN,1,15.0
train_ind,TN,1,48.0
train_ind,TN,1,14.0
train_ind,TN,1,43.0
train_ind,TN,1,23.0
train_ind,TN,1,38.0
train_ind,TN,1,34.0
train_ind,TN,1,29.0
train_ind,TN,1,39.0
train_ind,TN,1,233.0
train_ind,TN,1,168.0
test_rsq,TN,1,0.8519969588693168
train_rsq,TN,1,0.9742320491254507
test_rmse,TN,1,0.44557425853787347
train_rmse,TN,1,0.1323719818963077
test_mape,TN,1,71.66497130200588
train_mape,TN,1,85.20747777551951
n_comp,TN,1,9.0
y_hat_test,TN,2,0.595606905316109
y_hat_test,TN,2,0.5123351508549469
y_hat_test,TN,2,0.4956173935400115
y_hat_test,TN,2,0.5643162331384344
y_hat_test,TN,2,2.9095511590835366
y_hat_test,TN,2,0.8357542794226565
y_hat_test,TN,2,0.7185899647664348
y_hat_test,TN,2,0.03214675099691444
y_hat_test,TN,2,0.7649324986182944
y_hat_test,TN,2,3.78718038114234
y_hat_test,TN,2,0.6495724553510636
y_hat_test,TN,2,0.2629666601973687
y_hat_test,TN,2,0.3068881596555305
y_hat_test,TN,2,2.7978941560662065
y_hat_test,TN,2,0.20894979256783996
y_hat_test,TN,2,0.24971191314077656
y_hat_test,TN,2,1.0856386186678941
y_hat_train,TN,2,0.47501939521095893
y_hat_train,TN,2,0.05590788619549969
y_hat_train,TN,2,0.9466924144692581
y_hat_train,TN,2,0.29937487230330895
y_hat_train,TN,2,0.546066944223333
y_hat_train,TN,2,0.4621564713919485
y_hat_train,TN,2,0.6458721151940237
y_hat_train,TN,2,3.835694117360344
y_hat_train,TN,2,0.2839550947081403
y_hat_train,TN,2,1.0518681265588072
y_hat_train,TN,2,0.8771050224216647
y_hat_train,TN,2,-0.10484389640373948
y_hat_train,TN,2,0.6722164587319535
y_hat_train,TN,2,0.5139952313601164
y_hat_train,TN,2,0.8337847195471524
y_hat_train,TN,2,1.4411716025358219
y_hat_train,TN,2,0.4799789635663106
y_hat_train,TN,2,3.321689947949602
y_hat_train,TN,2,0.9100173389231782
y_hat_train,TN,2,2.3561024606962575
y_hat_train,TN,2,0.7432683676286935
y_hat_train,TN,2,0.5411721477830493
y_hat_train,TN,2,2.2710884206116866
y_hat_train,TN,2,3.895481355821168
y_hat_train,TN,2,1.0385686550391098
y_hat_train,TN,2,0.3417648143994655
y_hat_train,TN,2,0.1669688986988911
y_hat_train,TN,2,0.43272421132119265
y_hat_train,TN,2,0.913870135970846
y_hat_train,TN,2,0.9949963199989821
y_hat_train,TN,2,0.5889887626972344
y_hat_train,TN,2,1.081327994264221
y_hat_train,TN,2,0.06656221267669471
y_hat_train,TN,2,0.6778204949417843
y_hat_train,TN,2,1.100907199541531
y_hat_train,TN,2,1.0223197705423177
y_hat_train,TN,2,0.431263570790102
y_hat_train,TN,2,0.6204986438080566
y_hat_train,TN,2,0.6879045795210286
y_true_train,TN,2,0.516666667
y_true_train,TN,2,0.007333333
y_true_train,TN,2,1.058333333
y_true_train,TN,2,0.346474193
y_true_train,TN,2,0.543
y_true_train,TN,2,0.692333333
y_true_train,TN,2,0.76339733
y_true_train,TN,2,3.817604111
y_true_train,TN,2,0.311333333
y_true_train,TN,2,0.832666667
y_true_train,TN,2,0.647333333
y_true_train,TN,2,0.047
y_true_train,TN,2,0.674666667
y_true_train,TN,2,0.481333333
y_true_train,TN,2,0.854984357
y_true_train,TN,2,1.477
y_true_train,TN,2,0.451333333
y_true_train,TN,2,3.381691805
y_true_train,TN,2,0.861905178
y_true_train,TN,2,2.371333333
y_true_train,TN,2,0.705
y_true_train,TN,2,0.44225616
y_true_train,TN,2,2.18
y_true_train,TN,2,3.995
y_true_train,TN,2,0.890666667
y_true_train,TN,2,0.192
y_true_train,TN,2,0.148
y_true_train,TN,2,0.480627835
y_true_train,TN,2,0.919971979
y_true_train,TN,2,0.910333333
y_true_train,TN,2,0.740333333
y_true_train,TN,2,1.012333333
y_true_train,TN,2,0.013
y_true_train,TN,2,0.703
y_true_train,TN,2,1.194333333
y_true_train,TN,2,0.931666667
y_true_train,TN,2,0.56
y_true_train,TN,2,0.699333333
y_true_train,TN,2,0.665742231
y_true_test,TN,2,0.761510981
y_true_test,TN,2,0.716666667
y_true_test,TN,2,0.570666667
y_true_test,TN,2,0.606508959
y_true_test,TN,2,3.124333333
y_true_test,TN,2,0.620333333
y_true_test,TN,2,0.404
y_true_test,TN,2,0.436914199
y_true_test,TN,2,0.899333333
y_true_test,TN,2,3.421333333
y_true_test,TN,2,0.907253617
y_true_test,TN,2,0.761333333
y_true_test,TN,2,0.911333333
y_true_test,TN,2,2.920666667
y_true_test,TN,2,0.718666667
y_true_test,TN,2,0.517333333
y_true_test,TN,2,0.724333333
test_ind,TN,2,139.0
test_ind,TN,2,248.0
test_ind,TN,2,252.0
test_ind,TN,2,119.0
test_ind,TN,2,249.0
test_ind,TN,2,69.0
test_ind,TN,2,14.0
test_ind,TN,2,95.0
test_ind,TN,2,15.0
test_ind,TN,2,232.0
test_ind,TN,2,72.0
test_ind,TN,2,34.0
test_ind,TN,2,36.0
test_ind,TN,2,41.0
test_ind,TN,2,243.0
test_ind,TN,2,250.0
test_ind,TN,2,61.0
train_ind,TN,2,238.0
train_ind,TN,2,49.0
train_ind,TN,2,257.0
train_ind,TN,2,213.0
train_ind,TN,2,247.0
train_ind,TN,2,39.0
train_ind,TN,2,98.0
train_ind,TN,2,188.0
train_ind,TN,2,48.0
train_ind,TN,2,16.0
train_ind,TN,2,65.0
train_ind,TN,2,52.0
train_ind,TN,2,27.0
train_ind,TN,2,42.0
train_ind,TN,2,167.0
train_ind,TN,2,64.0
train_ind,TN,2,23.0
train_ind,TN,2,187.0
train_ind,TN,2,136.0
train_ind,TN,2,20.0
train_ind,TN,2,17.0
train_ind,TN,2,168.0
train_ind,TN,2,55.0
train_ind,TN,2,67.0
train_ind,TN,2,236.0
train_ind,TN,2,57.0
train_ind,TN,2,244.0
train_ind,TN,2,99.0
train_ind,TN,2,138.0
train_ind,TN,2,28.0
train_ind,TN,2,258.0
train_ind,TN,2,38.0
train_ind,TN,2,51.0
train_ind,TN,2,233.0
train_ind,TN,2,59.0
train_ind,TN,2,29.0
train_ind,TN,2,237.0
train_ind,TN,2,43.0
train_ind,TN,2,212.0
test_rsq,TN,2,0.8883075085472052
train_rsq,TN,2,0.9889368104997749
test_rmse,TN,2,0.3200282065815043
train_rmse,TN,2,0.09810226310608858
test_mape,TN,2,37.946094095908414
train_mape,TN,2,46.77357184640514
n_comp,TN,2,10.0
y_hat_test,TN,3,0.0202347084914013
y_hat_test,TN,3,2.7931787228051554
y_hat_test,TN,3,-0.08916429241236445
y_hat_test,TN,3,0.4003761856488882
y_hat_test,TN,3,0.32599222489612234
y_hat_test,TN,3,0.7504946134587387
y_hat_test,TN,3,2.659275650816343
y_hat_test,TN,3,1.2095437686579094
y_hat_test,TN,3,2.9727838813362037
y_hat_test,TN,3,0.8772263559590768
y_hat_test,TN,3,1.4239318130884147
y_hat_test,TN,3,-0.10439591018551642
y_hat_test,TN,3,1.0543914766287732
y_hat_test,TN,3,1.1360628238393562
y_hat_test,TN,3,1.2261844562445972
y_hat_test,TN,3,2.1690660141576608
y_hat_test,TN,3,0.8264696409703716
y_hat_train,TN,3,0.21046859251146344
y_hat_train,TN,3,0.7225201777769258
y_hat_train,TN,3,0.9156979910027669
y_hat_train,TN,3,1.0822394707306868
y_hat_train,TN,3,0.8247008632732822
y_hat_train,TN,3,0.3098982942779678
y_hat_train,TN,3,0.6286790326469285
y_hat_train,TN,3,0.5935576068540609
y_hat_train,TN,3,0.46461186524982434
y_hat_train,TN,3,0.5938548038673572
y_hat_train,TN,3,0.7361903598225663
y_hat_train,TN,3,0.6491887746708989
y_hat_train,TN,3,1.020541529890043
y_hat_train,TN,3,0.9975151423905912
y_hat_train,TN,3,0.47011632462203035
y_hat_train,TN,3,0.8888449797375988
y_hat_train,TN,3,0.8779893472171362
y_hat_train,TN,3,0.8502875176215658
y_hat_train,TN,3,0.21537788926170642
y_hat_train,TN,3,0.20154949119517362
y_hat_train,TN,3,3.8549877845432134
y_hat_train,TN,3,0.44010050387873423
y_hat_train,TN,3,3.92667038702573
y_hat_train,TN,3,0.39061324502057937
y_hat_train,TN,3,2.0409330660844707
y_hat_train,TN,3,0.5001689765303445
y_hat_train,TN,3,3.1845133828361734
y_hat_train,TN,3,0.785900550141786
y_hat_train,TN,3,0.7338509790235952
y_hat_train,TN,3,0.46288407426712797
y_hat_train,TN,3,0.619033700763141
y_hat_train,TN,3,0.5234669200108484
y_hat_train,TN,3,0.04255386625770119
y_hat_train,TN,3,0.29111476045179263
y_hat_train,TN,3,0.41701769054001003
y_hat_train,TN,3,1.1130754891380652
y_hat_train,TN,3,0.8347277748191411
y_hat_train,TN,3,1.4367551567090278
y_hat_train,TN,3,3.5512909033379327
y_true_train,TN,3,0.311333333
y_true_train,TN,3,0.699333333
y_true_train,TN,3,0.724333333
y_true_train,TN,3,1.012333333
y_true_train,TN,3,0.910333333
y_true_train,TN,3,0.56
y_true_train,TN,3,0.665742231
y_true_train,TN,3,0.718666667
y_true_train,TN,3,0.517333333
y_true_train,TN,3,0.451333333
y_true_train,TN,3,0.761510981
y_true_train,TN,3,0.543
y_true_train,TN,3,0.899333333
y_true_train,TN,3,0.907253617
y_true_train,TN,3,0.480627835
y_true_train,TN,3,0.861905178
y_true_train,TN,3,0.832666667
y_true_train,TN,3,1.194333333
y_true_train,TN,3,0.44225616
y_true_train,TN,3,0.007333333
y_true_train,TN,3,3.995
y_true_train,TN,3,0.481333333
y_true_train,TN,3,3.817604111
y_true_train,TN,3,0.436914199
y_true_train,TN,3,2.18
y_true_train,TN,3,0.606508959
y_true_train,TN,3,3.381691805
y_true_train,TN,3,0.716666667
y_true_train,TN,3,0.148
y_true_train,TN,3,0.346474193
y_true_train,TN,3,0.703
y_true_train,TN,3,0.911333333
y_true_train,TN,3,0.047
y_true_train,TN,3,0.192
y_true_train,TN,3,0.404
y_true_train,TN,3,0.931666667
y_true_train,TN,3,0.705
y_true_train,TN,3,1.477
y_true_train,TN,3,3.421333333
y_true_test,TN,3,0.692333333
y_true_test,TN,3,0.919971979
y_true_test,TN,3,0.761333333
y_true_test,TN,3,0.570666667
y_true_test,TN,3,0.516666667
y_true_test,TN,3,0.740333333
y_true_test,TN,3,2.920666667
y_true_test,TN,3,0.647333333
y_true_test,TN,3,3.124333333
y_true_test,TN,3,0.674666667
y_true_test,TN,3,0.890666667
y_true_test,TN,3,0.013
y_true_test,TN,3,0.854984357
y_true_test,TN,3,0.76339733
y_true_test,TN,3,1.058333333
y_true_test,TN,3,2.371333333
y_true_test,TN,3,0.620333333
test_ind,TN,3,39.0
test_ind,TN,3,138.0
test_ind,TN,3,34.0
test_ind,TN,3,252.0
test_ind,TN,3,238.0
test_ind,TN,3,258.0
test_ind,TN,3,41.0
test_ind,TN,3,65.0
test_ind,TN,3,249.0
test_ind,TN,3,27.0
test_ind,TN,3,236.0
test_ind,TN,3,51.0
test_ind,TN,3,167.0
test_ind,TN,3,98.0
test_ind,TN,3,257.0
test_ind,TN,3,20.0
test_ind,TN,3,69.0
train_ind,TN,3,48.0
train_ind,TN,3,43.0
train_ind,TN,3,61.0
train_ind,TN,3,38.0
train_ind,TN,3,28.0
train_ind,TN,3,237.0
train_ind,TN,3,212.0
train_ind,TN,3,243.0
train_ind,TN,3,250.0
train_ind,TN,3,23.0
train_ind,TN,3,139.0
train_ind,TN,3,247.0
train_ind,TN,3,15.0
train_ind,TN,3,72.0
train_ind,TN,3,99.0
train_ind,TN,3,136.0
train_ind,TN,3,16.0
train_ind,TN,3,59.0
train_ind,TN,3,168.0
train_ind,TN,3,49.0
train_ind,TN,3,67.0
train_ind,TN,3,42.0
train_ind,TN,3,188.0
train_ind,TN,3,95.0
train_ind,TN,3,55.0
train_ind,TN,3,119.0
train_ind,TN,3,187.0
train_ind,TN,3,248.0
train_ind,TN,3,244.0
train_ind,TN,3,213.0
train_ind,TN,3,233.0
train_ind,TN,3,36.0
train_ind,TN,3,52.0
train_ind,TN,3,57.0
train_ind,TN,3,14.0
train_ind,TN,3,29.0
train_ind,TN,3,17.0
train_ind,TN,3,64.0
train_ind,TN,3,232.0
test_rsq,TN,3,0.5214098762812597
train_rsq,TN,3,0.9705173033370269
test_rmse,TN,3,0.5834079972525255
train_rmse,TN,3,0.16867616160912924
test_mape,TN,3,100.2278739259279
train_mape,TN,3,93.10255231175985
n_comp,TN,3,8.0
y_hat_test,TN,4,2.242669229853203
y_hat_test,TN,4,2.200697863487096
y_hat_test,TN,4,1.7247730436724482
y_hat_test,TN,4,1.275193011706139
y_hat_test,TN,4,0.5013491143267355
y_hat_test,TN,4,1.0875737770241867
y_hat_test,TN,4,0.468028235886048
y_hat_test,TN,4,0.6431013495151442
y_hat_test,TN,4,0.8668372871406992
y_hat_test,TN,4,0.498977901917628
y_hat_test,TN,4,0.5117572253395473
y_hat_test,TN,4,1.0487470241979626
y_hat_test,TN,4,1.9514392737379218
y_hat_test,TN,4,0.6743118510848807
y_hat_test,TN,4,0.545356644401032
y_hat_test,TN,4,3.518482662877438
y_hat_test,TN,4,0.5100629055405025
y_hat_train,TN,4,0.22991325176459854
y_hat_train,TN,4,0.9642418563501949
y_hat_train,TN,4,0.8966734146160102
y_hat_train,TN,4,0.8634863708704662
y_hat_train,TN,4,0.37145645746935263
y_hat_train,TN,4,0.017083026651439237
y_hat_train,TN,4,0.48584134484695995
y_hat_train,TN,4,0.7712680970566967
y_hat_train,TN,4,0.6125534900305075
y_hat_train,TN,4,0.45310888910133107
y_hat_train,TN,4,3.0321613619866756
y_hat_train,TN,4,0.7130375228946713
y_hat_train,TN,4,-0.07857570250696677
y_hat_train,TN,4,1.0424916896233087
y_hat_train,TN,4,0.3864961319891743
y_hat_train,TN,4,2.9940567821787276
y_hat_train,TN,4,1.0125163479128498
y_hat_train,TN,4,0.5613817367321566
y_hat_train,TN,4,0.8439953979225779
y_hat_train,TN,4,0.928853667631245
y_hat_train,TN,4,0.5645276814689746
y_hat_train,TN,4,0.47225436948810207
y_hat_train,TN,4,0.34718099716208095
y_hat_train,TN,4,0.41871864961090555
y_hat_train,TN,4,0.8677910791319957
y_hat_train,TN,4,3.5350663412200967
y_hat_train,TN,4,3.353275313202984
y_hat_train,TN,4,0.6200630817700582
y_hat_train,TN,4,0.4860177743803687
y_hat_train,TN,4,0.7062332326012614
y_hat_train,TN,4,0.16746253407890632
y_hat_train,TN,4,3.566296789669252
y_hat_train,TN,4,0.614732436915463
y_hat_train,TN,4,0.9518759903287602
y_hat_train,TN,4,0.8639857720057689
y_hat_train,TN,4,0.6723621408303913
y_hat_train,TN,4,0.9778612063908317
y_hat_train,TN,4,0.7325056196853109
y_hat_train,TN,4,0.2917277379365272
y_true_train,TN,4,0.007333333
y_true_train,TN,4,1.194333333
y_true_train,TN,4,0.861905178
y_true_train,TN,4,0.699333333
y_true_train,TN,4,0.436914199
y_true_train,TN,4,0.013
y_true_train,TN,4,0.346474193
y_true_train,TN,4,0.620333333
y_true_train,TN,4,0.480627835
y_true_train,TN,4,0.570666667
y_true_train,TN,4,2.920666667
y_true_train,TN,4,0.911333333
y_true_train,TN,4,0.047
y_true_train,TN,4,0.919971979
y_true_train,TN,4,0.718666667
y_true_train,TN,4,3.124333333
y_true_train,TN,4,0.890666667
y_true_train,TN,4,0.716666667
y_true_train,TN,4,0.740333333
y_true_train,TN,4,0.832666667
y_true_train,TN,4,0.543
y_true_train,TN,4,0.148
y_true_train,TN,4,0.192
y_true_train,TN,4,0.404
y_true_train,TN,4,0.705
y_true_train,TN,4,3.421333333
y_true_train,TN,4,3.381691805
y_true_train,TN,4,0.854984357
y_true_train,TN,4,0.517333333
y_true_train,TN,4,0.76339733
y_true_train,TN,4,0.56
y_true_train,TN,4,3.817604111
y_true_train,TN,4,0.761333333
y_true_train,TN,4,0.931666667
y_true_train,TN,4,0.724333333
y_true_train,TN,4,0.665742231
y_true_train,TN,4,0.899333333
y_true_train,TN,4,0.451333333
y_true_train,TN,4,0.516666667
y_true_test,TN,4,2.371333333
y_true_test,TN,4,2.18
y_true_test,TN,4,1.058333333
y_true_test,TN,4,1.477
y_true_test,TN,4,0.692333333
y_true_test,TN,4,0.907253617
y_true_test,TN,4,0.761510981
y_true_test,TN,4,0.606508959
y_true_test,TN,4,0.674666667
y_true_test,TN,4,0.703
y_true_test,TN,4,0.910333333
y_true_test,TN,4,0.647333333
y_true_test,TN,4,1.012333333
y_true_test,TN,4,0.481333333
y_true_test,TN,4,0.44225616
y_true_test,TN,4,3.995
y_true_test,TN,4,0.311333333
test_ind,TN,4,20.0
test_ind,TN,4,55.0
test_ind,TN,4,257.0
test_ind,TN,4,64.0
test_ind,TN,4,39.0
test_ind,TN,4,72.0
test_ind,TN,4,139.0
test_ind,TN,4,119.0
test_ind,TN,4,27.0
test_ind,TN,4,233.0
test_ind,TN,4,28.0
test_ind,TN,4,65.0
test_ind,TN,4,38.0
test_ind,TN,4,42.0
test_ind,TN,4,168.0
test_ind,TN,4,67.0
test_ind,TN,4,48.0
train_ind,TN,4,49.0
train_ind,TN,4,59.0
train_ind,TN,4,136.0
train_ind,TN,4,43.0
train_ind,TN,4,95.0
train_ind,TN,4,51.0
train_ind,TN,4,213.0
train_ind,TN,4,69.0
train_ind,TN,4,99.0
train_ind,TN,4,252.0
train_ind,TN,4,41.0
train_ind,TN,4,36.0
train_ind,TN,4,52.0
train_ind,TN,4,138.0
train_ind,TN,4,243.0
train_ind,TN,4,249.0
train_ind,TN,4,236.0
train_ind,TN,4,248.0
train_ind,TN,4,258.0
train_ind,TN,4,16.0
train_ind,TN,4,247.0
train_ind,TN,4,244.0
train_ind,TN,4,57.0
train_ind,TN,4,14.0
train_ind,TN,4,17.0
train_ind,TN,4,232.0
train_ind,TN,4,187.0
train_ind,TN,4,167.0
train_ind,TN,4,250.0
train_ind,TN,4,98.0
train_ind,TN,4,237.0
train_ind,TN,4,188.0
train_ind,TN,4,34.0
train_ind,TN,4,29.0
train_ind,TN,4,61.0
train_ind,TN,4,212.0
train_ind,TN,4,15.0
train_ind,TN,4,23.0
train_ind,TN,4,238.0
test_rsq,TN,4,0.8376276861211703
train_rsq,TN,4,0.9690386570790818
test_rmse,TN,4,0.36406328544550576
train_rmse,TN,4,0.1680400979758268
test_mape,TN,4,33.54548839108985
train_mape,TN,4,109.4116895119491
n_comp,TN,4,8.0
y_hat_test,TN,5,0.9533304828418933
y_hat_test,TN,5,0.7336616351584139
y_hat_test,TN,5,1.0495986482947077
y_hat_test,TN,5,0.4497515819295296
y_hat_test,TN,5,0.5007373767741445
y_hat_test,TN,5,1.1527789686986418
y_hat_test,TN,5,3.2545895142450525
y_hat_test,TN,5,1.2242176748760922
y_hat_test,TN,5,1.2106247881006393
y_hat_test,TN,5,0.2842408478625127
y_hat_test,TN,5,0.6746437728801382
y_hat_test,TN,5,0.8049340554069543
y_hat_test,TN,5,1.0945489579462508
y_hat_test,TN,5,0.8622108059405212
y_hat_test,TN,5,0.9364284288410218
y_hat_test,TN,5,1.9820205052039317
y_hat_test,TN,5,2.4534476285347755
y_hat_train,TN,5,0.18557255546066065
y_hat_train,TN,5,0.3968033933551002
y_hat_train,TN,5,1.0573991770110611
y_hat_train,TN,5,0.9046131557891381
y_hat_train,TN,5,0.6597513024172968
y_hat_train,TN,5,0.7059529257282683
y_hat_train,TN,5,1.1351519740977556
y_hat_train,TN,5,1.133125225656432
y_hat_train,TN,5,3.2190764791175503
y_hat_train,TN,5,0.9384672436738852
y_hat_train,TN,5,0.7681984236669936
y_hat_train,TN,5,1.1888019498671267
y_hat_train,TN,5,1.0484680356530314
y_hat_train,TN,5,0.34403017327822194
y_hat_train,TN,5,0.8127283802224949
y_hat_train,TN,5,0.7219544919325711
y_hat_train,TN,5,2.658124150646797
y_hat_train,TN,5,0.012274249409280236
y_hat_train,TN,5,1.0466108672774457
y_hat_train,TN,5,0.8420716599139426
y_hat_train,TN,5,2.6984720766122683
y_hat_train,TN,5,0.24915953938930946
y_hat_train,TN,5,1.2212753954785762
y_hat_train,TN,5,0.4821957676901477
y_hat_train,TN,5,0.4984721195560471
y_hat_train,TN,5,0.13351597858731934
y_hat_train,TN,5,0.61130123197889
y_hat_train,TN,5,2.944465095533693
y_hat_train,TN,5,1.3477949379848466
y_hat_train,TN,5,0.5773217964958607
y_hat_train,TN,5,3.4707904108025773
y_hat_train,TN,5,1.4952438701267823
y_hat_train,TN,5,0.7583821656566677
y_hat_train,TN,5,-0.17533019531952676
y_hat_train,TN,5,1.0913763337673181
y_hat_train,TN,5,2.923502065905125
y_hat_train,TN,5,0.7648840022446246
y_hat_train,TN,5,0.6848572877819048
y_hat_train,TN,5,0.7802149125525324
y_true_train,TN,5,0.192
y_true_train,TN,5,0.404
y_true_train,TN,5,0.451333333
y_true_train,TN,5,1.058333333
y_true_train,TN,5,0.665742231
y_true_train,TN,5,0.703
y_true_train,TN,5,0.919971979
y_true_train,TN,5,0.740333333
y_true_train,TN,5,3.995
y_true_train,TN,5,0.907253617
y_true_train,TN,5,0.911333333
y_true_train,TN,5,0.716666667
y_true_train,TN,5,0.647333333
y_true_train,TN,5,0.013
y_true_train,TN,5,0.436914199
y_true_train,TN,5,1.194333333
y_true_train,TN,5,2.18
y_true_train,TN,5,0.56
y_true_train,TN,5,0.899333333
y_true_train,TN,5,1.012333333
y_true_train,TN,5,2.920666667
y_true_train,TN,5,0.516666667
y_true_train,TN,5,0.890666667
y_true_train,TN,5,0.570666667
y_true_train,TN,5,0.699333333
y_true_train,TN,5,0.692333333
y_true_train,TN,5,0.910333333
y_true_train,TN,5,3.124333333
y_true_train,TN,5,0.76339733
y_true_train,TN,5,0.620333333
y_true_train,TN,5,3.817604111
y_true_train,TN,5,0.854984357
y_true_train,TN,5,0.931666667
y_true_train,TN,5,0.761333333
y_true_train,TN,5,0.311333333
y_true_train,TN,5,3.381691805
y_true_train,TN,5,0.718666667
y_true_train,TN,5,0.481333333
y_true_train,TN,5,0.761510981
y_true_test,TN,5,0.724333333
y_true_test,TN,5,0.44225616
y_true_test,TN,5,0.047
y_true_test,TN,5,0.606508959
y_true_test,TN,5,0.517333333
y_true_test,TN,5,0.543
y_true_test,TN,5,3.421333333
y_true_test,TN,5,1.477
y_true_test,TN,5,0.674666667
y_true_test,TN,5,0.346474193
y_true_test,TN,5,0.832666667
y_true_test,TN,5,0.148
y_true_test,TN,5,0.705
y_true_test,TN,5,0.480627835
y_true_test,TN,5,0.007333333
y_true_test,TN,5,0.861905178
y_true_test,TN,5,2.371333333
test_ind,TN,5,61.0
test_ind,TN,5,168.0
test_ind,TN,5,52.0
test_ind,TN,5,119.0
test_ind,TN,5,250.0
test_ind,TN,5,247.0
test_ind,TN,5,232.0
test_ind,TN,5,64.0
test_ind,TN,5,27.0
test_ind,TN,5,213.0
test_ind,TN,5,16.0
test_ind,TN,5,244.0
test_ind,TN,5,17.0
test_ind,TN,5,99.0
test_ind,TN,5,49.0
test_ind,TN,5,136.0
test_ind,TN,5,20.0
train_ind,TN,5,57.0
train_ind,TN,5,14.0
train_ind,TN,5,23.0
train_ind,TN,5,257.0
train_ind,TN,5,212.0
train_ind,TN,5,233.0
train_ind,TN,5,138.0
train_ind,TN,5,258.0
train_ind,TN,5,67.0
train_ind,TN,5,72.0
train_ind,TN,5,36.0
train_ind,TN,5,248.0
train_ind,TN,5,65.0
train_ind,TN,5,51.0
train_ind,TN,5,95.0
train_ind,TN,5,59.0
train_ind,TN,5,55.0
train_ind,TN,5,237.0
train_ind,TN,5,15.0
train_ind,TN,5,38.0
train_ind,TN,5,41.0
train_ind,TN,5,238.0
train_ind,TN,5,236.0
train_ind,TN,5,252.0
train_ind,TN,5,43.0
train_ind,TN,5,39.0
train_ind,TN,5,28.0
train_ind,TN,5,249.0
train_ind,TN,5,98.0
train_ind,TN,5,69.0
train_ind,TN,5,188.0
train_ind,TN,5,167.0
train_ind,TN,5,29.0
train_ind,TN,5,34.0
train_ind,TN,5,48.0
train_ind,TN,5,187.0
train_ind,TN,5,243.0
train_ind,TN,5,42.0
train_ind,TN,5,139.0
test_rsq,TN,5,0.6016781425260429
train_rsq,TN,5,0.8376897368661581
test_rmse,TN,5,0.5314006150291898
train_rmse,TN,5,0.39249276485899875
test_mape,TN,5,934.81392816292
train_mape,TN,5,105.31817429720985
n_comp,TN,5,5.0
y_hat_test,TN,6,0.7092639163041091
y_hat_test,TN,6,0.7746486589654393
y_hat_test,TN,6,0.7205738890400478
y_hat_test,TN,6,0.3881903201156256
y_hat_test,TN,6,0.6020572680278428
y_hat_test,TN,6,0.6237726891439521
y_hat_test,TN,6,0.9503774390867018
y_hat_test,TN,6,2.0591090226044786
y_hat_test,TN,6,2.65277328453414
y_hat_test,TN,6,0.6248071850824214
y_hat_test,TN,6,0.9875853475118698
y_hat_test,TN,6,1.2110569760048007
y_hat_test,TN,6,0.554251529058565
y_hat_test,TN,6,0.3648281243583381
y_hat_test,TN,6,0.9213828555422572
y_hat_test,TN,6,0.6216366256606389
y_hat_test,TN,6,0.48660357309274915
y_hat_train,TN,6,0.473842949647731
y_hat_train,TN,6,0.4687997502938591
y_hat_train,TN,6,0.7290855196168861
y_hat_train,TN,6,0.7517431152211131
y_hat_train,TN,6,0.251850584458693
y_hat_train,TN,6,0.6047824534220656
y_hat_train,TN,6,3.8632921806555305
y_hat_train,TN,6,0.8913881498104724
y_hat_train,TN,6,0.04915047242983861
y_hat_train,TN,6,0.7734895961308862
y_hat_train,TN,6,0.4393736944526554
y_hat_train,TN,6,0.7651512505233435
y_hat_train,TN,6,0.5877394049935322
y_hat_train,TN,6,0.3036992482907419
y_hat_train,TN,6,0.7584632485651708
y_hat_train,TN,6,0.4337178677883269
y_hat_train,TN,6,0.4842661666771779
y_hat_train,TN,6,0.6919649137997959
y_hat_train,TN,6,0.5773431562319069
y_hat_train,TN,6,0.5765299035680586
y_hat_train,TN,6,1.0134804329779503
y_hat_train,TN,6,0.9897204854345946
y_hat_train,TN,6,0.4674396316672844
y_hat_train,TN,6,2.1266666384761144
y_hat_train,TN,6,0.7194264984327892
y_hat_train,TN,6,3.7070749139348016
y_hat_train,TN,6,2.9820963465341155
y_hat_train,TN,6,1.2093563703783112
y_hat_train,TN,6,1.0460738270371213
y_hat_train,TN,6,0.9746588085019946
y_hat_train,TN,6,0.09396982353699057
y_hat_train,TN,6,3.096956080238203
y_hat_train,TN,6,0.6134128603582156
y_hat_train,TN,6,0.3778139501037595
y_hat_train,TN,6,3.6072820789159534
y_hat_train,TN,6,2.1400819093535457
y_hat_train,TN,6,0.818316771267632
y_hat_train,TN,6,0.546760391028373
y_hat_train,TN,6,0.7933463952444572
y_true_train,TN,6,0.606508959
y_true_train,TN,6,0.718666667
y_true_train,TN,6,0.76339733
y_true_train,TN,6,0.665742231
y_true_train,TN,6,0.007333333
y_true_train,TN,6,0.724333333
y_true_train,TN,6,3.817604111
y_true_train,TN,6,0.890666667
y_true_train,TN,6,0.013
y_true_train,TN,6,1.194333333
y_true_train,TN,6,0.516666667
y_true_train,TN,6,0.543
y_true_train,TN,6,0.148
y_true_train,TN,6,0.436914199
y_true_train,TN,6,0.451333333
y_true_train,TN,6,0.44225616
y_true_train,TN,6,0.480627835
y_true_train,TN,6,0.620333333
y_true_train,TN,6,0.517333333
y_true_train,TN,6,0.692333333
y_true_train,TN,6,0.832666667
y_true_train,TN,6,0.931666667
y_true_train,TN,6,0.346474193
y_true_train,TN,6,2.371333333
y_true_train,TN,6,0.861905178
y_true_train,TN,6,3.995
y_true_train,TN,6,2.920666667
y_true_train,TN,6,1.012333333
y_true_train,TN,6,0.899333333
y_true_train,TN,6,0.647333333
y_true_train,TN,6,0.311333333
y_true_train,TN,6,3.124333333
y_true_train,TN,6,0.699333333
y_true_train,TN,6,0.56
y_true_train,TN,6,3.421333333
y_true_train,TN,6,2.18
y_true_train,TN,6,0.761510981
y_true_train,TN,6,0.761333333
y_true_train,TN,6,0.911333333
y_true_test,TN,6,0.740333333
y_true_test,TN,6,0.716666667
y_true_test,TN,6,0.481333333
y_true_test,TN,6,0.570666667
y_true_test,TN,6,0.910333333
y_true_test,TN,6,0.404
y_true_test,TN,6,0.674666667
y_true_test,TN,6,3.381691805
y_true_test,TN,6,0.919971979
y_true_test,TN,6,0.703
y_true_test,TN,6,1.058333333
y_true_test,TN,6,1.477
y_true_test,TN,6,0.854984357
y_true_test,TN,6,0.047
y_true_test,TN,6,0.705
y_true_test,TN,6,0.907253617
y_true_test,TN,6,0.192
test_ind,TN,6,258.0
test_ind,TN,6,248.0
test_ind,TN,6,42.0
test_ind,TN,6,252.0
test_ind,TN,6,28.0
test_ind,TN,6,14.0
test_ind,TN,6,27.0
test_ind,TN,6,187.0
test_ind,TN,6,138.0
test_ind,TN,6,233.0
test_ind,TN,6,257.0
test_ind,TN,6,64.0
test_ind,TN,6,167.0
test_ind,TN,6,52.0
test_ind,TN,6,17.0
test_ind,TN,6,72.0
test_ind,TN,6,57.0
train_ind,TN,6,119.0
train_ind,TN,6,243.0
train_ind,TN,6,98.0
train_ind,TN,6,212.0
train_ind,TN,6,49.0
train_ind,TN,6,61.0
train_ind,TN,6,188.0
train_ind,TN,6,236.0
train_ind,TN,6,51.0
train_ind,TN,6,59.0
train_ind,TN,6,238.0
train_ind,TN,6,247.0
train_ind,TN,6,244.0
train_ind,TN,6,95.0
train_ind,TN,6,23.0
train_ind,TN,6,168.0
train_ind,TN,6,99.0
train_ind,TN,6,69.0
train_ind,TN,6,250.0
train_ind,TN,6,39.0
train_ind,TN,6,16.0
train_ind,TN,6,29.0
train_ind,TN,6,213.0
train_ind,TN,6,20.0
train_ind,TN,6,136.0
train_ind,TN,6,67.0
train_ind,TN,6,41.0
train_ind,TN,6,38.0
train_ind,TN,6,15.0
train_ind,TN,6,65.0
train_ind,TN,6,48.0
train_ind,TN,6,249.0
train_ind,TN,6,43.0
train_ind,TN,6,237.0
train_ind,TN,6,232.0
train_ind,TN,6,55.0
train_ind,TN,6,139.0
train_ind,TN,6,34.0
train_ind,TN,6,36.0
test_rsq,TN,6,0.3423912833241587
train_rsq,TN,6,0.9682087678196295
test_rmse,TN,6,0.5716090275287821
train_rmse,TN,6,0.1825143820447966
test_mape,TN,6,83.1406455394775
train_mape,TN,6,117.70013960024608
n_comp,TN,6,8.0
y_hat_test,TN,7,2.9354095203779416
y_hat_test,TN,7,0.4858542254848469
y_hat_test,TN,7,0.5893537701565811
y_hat_test,TN,7,0.426640113762096
y_hat_test,TN,7,1.017280588696738
y_hat_test,TN,7,0.201471726200405
y_hat_test,TN,7,1.8549080978267167
y_hat_test,TN,7,0.7710515506261328
y_hat_test,TN,7,0.475149428177411
y_hat_test,TN,7,1.0330669084493942
y_hat_test,TN,7,0.8722155437196961
y_hat_test,TN,7,3.0168770617776115
y_hat_test,TN,7,0.5114374756382758
y_hat_test,TN,7,1.0570286889172766
y_hat_test,TN,7,0.5386625417943696
y_hat_test,TN,7,0.36814136181895973
y_hat_test,TN,7,0.5867934618946993
y_hat_train,TN,7,0.6438960202816884
y_hat_train,TN,7,0.6576771124785143
y_hat_train,TN,7,0.5341551727417825
y_hat_train,TN,7,0.5663588942493902
y_hat_train,TN,7,0.8992212492013945
y_hat_train,TN,7,0.7523202889254156
y_hat_train,TN,7,0.10597072427657472
y_hat_train,TN,7,0.8663772201120941
y_hat_train,TN,7,0.7012578266701055
y_hat_train,TN,7,1.0872428878146632
y_hat_train,TN,7,0.9840761799048661
y_hat_train,TN,7,0.27455060343536664
y_hat_train,TN,7,0.5689702182582111
y_hat_train,TN,7,0.3915208055407612
y_hat_train,TN,7,1.5087033138747985
y_hat_train,TN,7,0.6648719722610432
y_hat_train,TN,7,3.174728444805041
y_hat_train,TN,7,0.8395930496082745
y_hat_train,TN,7,1.271284273022629
y_hat_train,TN,7,0.3283231022832134
y_hat_train,TN,7,0.22291818863876922
y_hat_train,TN,7,1.287357219750354
y_hat_train,TN,7,2.894490052011724
y_hat_train,TN,7,0.7445567847555185
y_hat_train,TN,7,0.5472854808584925
y_hat_train,TN,7,3.4768720681717413
y_hat_train,TN,7,3.9569087297713317
y_hat_train,TN,7,0.4526196719055008
y_hat_train,TN,7,0.7269733093956718
y_hat_train,TN,7,0.6504008791300446
y_hat_train,TN,7,0.558628854201805
y_hat_train,TN,7,1.0601996904364381
y_hat_train,TN,7,3.3572766138841805
y_hat_train,TN,7,0.8555771165039537
y_hat_train,TN,7,0.5264466924212527
y_hat_train,TN,7,0.6561641838634276
y_hat_train,TN,7,0.8651179150540351
y_hat_train,TN,7,2.555679300919972
y_hat_train,TN,7,0.6232820165799546
y_true_train,TN,7,0.517333333
y_true_train,TN,7,0.436914199
y_true_train,TN,7,1.194333333
y_true_train,TN,7,0.665742231
y_true_train,TN,7,0.919971979
y_true_train,TN,7,0.740333333
y_true_train,TN,7,0.761333333
y_true_train,TN,7,0.76339733
y_true_train,TN,7,0.832666667
y_true_train,TN,7,0.854984357
y_true_train,TN,7,0.311333333
y_true_train,TN,7,0.192
y_true_train,TN,7,0.516666667
y_true_train,TN,7,0.480627835
y_true_train,TN,7,1.477
y_true_train,TN,7,0.451333333
y_true_train,TN,7,3.124333333
y_true_train,TN,7,0.674666667
y_true_train,TN,7,1.012333333
y_true_train,TN,7,0.404
y_true_train,TN,7,0.910333333
y_true_train,TN,7,1.058333333
y_true_train,TN,7,3.381691805
y_true_train,TN,7,0.543
y_true_train,TN,7,0.56
y_true_train,TN,7,3.995
y_true_train,TN,7,3.421333333
y_true_train,TN,7,0.570666667
y_true_train,TN,7,0.931666667
y_true_train,TN,7,0.716666667
y_true_train,TN,7,0.481333333
y_true_train,TN,7,0.907253617
y_true_train,TN,7,3.817604111
y_true_train,TN,7,0.724333333
y_true_train,TN,7,0.047
y_true_train,TN,7,0.705
y_true_train,TN,7,0.647333333
y_true_train,TN,7,2.371333333
y_true_train,TN,7,0.718666667
y_true_test,TN,7,2.18
y_true_test,TN,7,0.013
y_true_test,TN,7,0.606508959
y_true_test,TN,7,0.911333333
y_true_test,TN,7,0.861905178
y_true_test,TN,7,0.692333333
y_true_test,TN,7,0.890666667
y_true_test,TN,7,0.699333333
y_true_test,TN,7,0.44225616
y_true_test,TN,7,0.148
y_true_test,TN,7,0.761510981
y_true_test,TN,7,2.920666667
y_true_test,TN,7,0.899333333
y_true_test,TN,7,0.703
y_true_test,TN,7,0.620333333
y_true_test,TN,7,0.346474193
y_true_test,TN,7,0.007333333
test_ind,TN,7,55.0
test_ind,TN,7,51.0
test_ind,TN,7,119.0
test_ind,TN,7,36.0
test_ind,TN,7,136.0
test_ind,TN,7,39.0
test_ind,TN,7,236.0
test_ind,TN,7,43.0
test_ind,TN,7,168.0
test_ind,TN,7,244.0
test_ind,TN,7,139.0
test_ind,TN,7,41.0
test_ind,TN,7,15.0
test_ind,TN,7,233.0
test_ind,TN,7,69.0
test_ind,TN,7,213.0
test_ind,TN,7,49.0
train_ind,TN,7,250.0
train_ind,TN,7,95.0
train_ind,TN,7,59.0
train_ind,TN,7,212.0
train_ind,TN,7,138.0
train_ind,TN,7,258.0
train_ind,TN,7,34.0
train_ind,TN,7,98.0
train_ind,TN,7,16.0
train_ind,TN,7,167.0
train_ind,TN,7,48.0
train_ind,TN,7,57.0
train_ind,TN,7,238.0
train_ind,TN,7,99.0
train_ind,TN,7,64.0
train_ind,TN,7,23.0
train_ind,TN,7,249.0
train_ind,TN,7,27.0
train_ind,TN,7,38.0
train_ind,TN,7,14.0
train_ind,TN,7,28.0
train_ind,TN,7,257.0
train_ind,TN,7,187.0
train_ind,TN,7,247.0
train_ind,TN,7,237.0
train_ind,TN,7,67.0
train_ind,TN,7,232.0
train_ind,TN,7,252.0
train_ind,TN,7,29.0
train_ind,TN,7,248.0
train_ind,TN,7,42.0
train_ind,TN,7,72.0
train_ind,TN,7,188.0
train_ind,TN,7,61.0
train_ind,TN,7,52.0
train_ind,TN,7,17.0
train_ind,TN,7,65.0
train_ind,TN,7,20.0
train_ind,TN,7,243.0
test_rsq,TN,7,0.5723249665964871
train_rsq,TN,7,0.9095297541105636
test_rmse,TN,7,0.4636237462898593
train_rmse,TN,7,0.30556734274812597
test_mape,TN,7,739.6103091602021
train_mape,TN,7,53.21656386058914
n_comp,TN,7,6.0
y_hat_test,TN,8,1.5496450049629293
y_hat_test,TN,8,1.1839125525365584
y_hat_test,TN,8,0.45766851434018274
y_hat_test,TN,8,0.48450193084921445
y_hat_test,TN,8,1.0323944446022062
y_hat_test,TN,8,0.8873645477965264
y_hat_test,TN,8,1.391928374291926
y_hat_test,TN,8,0.7065049058842491
y_hat_test,TN,8,0.6658996833876959
y_hat_test,TN,8,1.2645529235759874
y_hat_test,TN,8,0.3655625801517868
y_hat_test,TN,8,0.6675829070639205
y_hat_test,TN,8,0.68691420896225
y_hat_test,TN,8,0.4494641089147936
y_hat_test,TN,8,0.34480067784434687
y_hat_test,TN,8,0.9368456854853736
y_hat_test,TN,8,0.9483646064288636
y_hat_train,TN,8,0.5958863301058337
y_hat_train,TN,8,3.673433600028505
y_hat_train,TN,8,0.44231464113033336
y_hat_train,TN,8,0.5627643481270656
y_hat_train,TN,8,1.204904504733123
y_hat_train,TN,8,0.3103566870994554
y_hat_train,TN,8,0.7304958016262237
y_hat_train,TN,8,3.0507219146296918
y_hat_train,TN,8,0.6715931772807834
y_hat_train,TN,8,0.7906881454278583
y_hat_train,TN,8,0.7023375155362425
y_hat_train,TN,8,0.7435260367472792
y_hat_train,TN,8,3.1945433756727364
y_hat_train,TN,8,1.190824509040938
y_hat_train,TN,8,0.6461376254272039
y_hat_train,TN,8,0.7243676599892914
y_hat_train,TN,8,2.128741646049764
y_hat_train,TN,8,0.5400990593263617
y_hat_train,TN,8,3.7039770004676873
y_hat_train,TN,8,0.514484294978782
y_hat_train,TN,8,-0.050229154534056075
y_hat_train,TN,8,1.0900064193683667
y_hat_train,TN,8,0.5852037185442202
y_hat_train,TN,8,0.5440880035711853
y_hat_train,TN,8,0.33433247764134955
y_hat_train,TN,8,3.018353217287225
y_hat_train,TN,8,0.9025132858495047
y_hat_train,TN,8,0.764710680272216
y_hat_train,TN,8,0.437017699539739
y_hat_train,TN,8,0.37853861016147317
y_hat_train,TN,8,0.6018437029213038
y_hat_train,TN,8,-0.1017230657725181
y_hat_train,TN,8,1.0587091098065546
y_hat_train,TN,8,3.9621063169130424
y_hat_train,TN,8,0.5823237865672375
y_hat_train,TN,8,0.37686613944820324
y_hat_train,TN,8,0.6731017084758515
y_hat_train,TN,8,2.0352551423527627
y_hat_train,TN,8,0.8700115161611696
y_true_train,TN,8,0.570666667
y_true_train,TN,8,3.421333333
y_true_train,TN,8,0.516666667
y_true_train,TN,8,0.718666667
y_true_train,TN,8,1.012333333
y_true_train,TN,8,0.007333333
y_true_train,TN,8,0.854984357
y_true_train,TN,8,3.124333333
y_true_train,TN,8,0.761510981
y_true_train,TN,8,0.674666667
y_true_train,TN,8,0.832666667
y_true_train,TN,8,0.716666667
y_true_train,TN,8,3.381691805
y_true_train,TN,8,0.890666667
y_true_train,TN,8,0.703
y_true_train,TN,8,0.910333333
y_true_train,TN,8,2.371333333
y_true_train,TN,8,0.517333333
y_true_train,TN,8,3.817604111
y_true_train,TN,8,0.481333333
y_true_train,TN,8,0.013
y_true_train,TN,8,0.919971979
y_true_train,TN,8,0.436914199
y_true_train,TN,8,0.699333333
y_true_train,TN,8,0.761333333
y_true_train,TN,8,2.920666667
y_true_train,TN,8,0.620333333
y_true_train,TN,8,0.911333333
y_true_train,TN,8,0.192
y_true_train,TN,8,0.56
y_true_train,TN,8,0.665742231
y_true_train,TN,8,0.047
y_true_train,TN,8,0.931666667
y_true_train,TN,8,3.995
y_true_train,TN,8,0.451333333
y_true_train,TN,8,0.346474193
y_true_train,TN,8,0.543
y_true_train,TN,8,2.18
y_true_train,TN,8,0.705
y_true_test,TN,8,1.477
y_true_test,TN,8,0.724333333
y_true_test,TN,8,0.692333333
y_true_test,TN,8,0.311333333
y_true_test,TN,8,0.148
y_true_test,TN,8,0.740333333
y_true_test,TN,8,0.647333333
y_true_test,TN,8,0.899333333
y_true_test,TN,8,1.194333333
y_true_test,TN,8,0.861905178
y_true_test,TN,8,0.44225616
y_true_test,TN,8,0.907253617
y_true_test,TN,8,0.480627835
y_true_test,TN,8,0.606508959
y_true_test,TN,8,0.404
y_true_test,TN,8,0.76339733
y_true_test,TN,8,1.058333333
test_ind,TN,8,64.0
test_ind,TN,8,61.0
test_ind,TN,8,39.0
test_ind,TN,8,48.0
test_ind,TN,8,244.0
test_ind,TN,8,258.0
test_ind,TN,8,65.0
test_ind,TN,8,15.0
test_ind,TN,8,59.0
test_ind,TN,8,136.0
test_ind,TN,8,168.0
test_ind,TN,8,72.0
test_ind,TN,8,99.0
test_ind,TN,8,119.0
test_ind,TN,8,14.0
test_ind,TN,8,98.0
test_ind,TN,8,257.0
train_ind,TN,8,252.0
train_ind,TN,8,232.0
train_ind,TN,8,238.0
train_ind,TN,8,243.0
train_ind,TN,8,38.0
train_ind,TN,8,49.0
train_ind,TN,8,167.0
train_ind,TN,8,249.0
train_ind,TN,8,139.0
train_ind,TN,8,27.0
train_ind,TN,8,16.0
train_ind,TN,8,248.0
train_ind,TN,8,187.0
train_ind,TN,8,236.0
train_ind,TN,8,233.0
train_ind,TN,8,28.0
train_ind,TN,8,20.0
train_ind,TN,8,250.0
train_ind,TN,8,188.0
train_ind,TN,8,42.0
train_ind,TN,8,51.0
train_ind,TN,8,138.0
train_ind,TN,8,95.0
train_ind,TN,8,43.0
train_ind,TN,8,34.0
train_ind,TN,8,41.0
train_ind,TN,8,69.0
train_ind,TN,8,36.0
train_ind,TN,8,57.0
train_ind,TN,8,237.0
train_ind,TN,8,212.0
train_ind,TN,8,52.0
train_ind,TN,8,29.0
train_ind,TN,8,67.0
train_ind,TN,8,23.0
train_ind,TN,8,213.0
train_ind,TN,8,247.0
train_ind,TN,8,55.0
train_ind,TN,8,17.0
test_rsq,TN,8,-0.32350465191029465
train_rsq,TN,8,0.9759039008785008
test_rmse,TN,8,0.3689820683369617
train_rmse,TN,8,0.16878037897206666
test_mape,TN,8,68.41596048296874
train_mape,TN,8,144.38237312407915
n_comp,TN,8,8.0
y_hat_test,TN,9,0.45380964491143183
y_hat_test,TN,9,0.8415612819295482
y_hat_test,TN,9,0.9875095190466613
y_hat_test,TN,9,1.2321242501123586
y_hat_test,TN,9,1.0766477573150148
y_hat_test,TN,9,0.6505472230001936
y_hat_test,TN,9,0.13679119966319786
y_hat_test,TN,9,0.6626337420134907
y_hat_test,TN,9,0.69973189110376
y_hat_test,TN,9,0.5363177399031349
y_hat_test,TN,9,0.5293662965564865
y_hat_test,TN,9,0.6681473617984386
y_hat_test,TN,9,0.8884481655383784
y_hat_test,TN,9,1.0714606185679378
y_hat_test,TN,9,0.6436375678588784
y_hat_test,TN,9,2.447307522907554
y_hat_test,TN,9,3.9377317447424045
y_hat_train,TN,9,0.9385854048697401
y_hat_train,TN,9,0.8834596009959913
y_hat_train,TN,9,2.318371476143942
y_hat_train,TN,9,0.3593595710794233
y_hat_train,TN,9,3.7925437444615797
y_hat_train,TN,9,3.4026746191860804
y_hat_train,TN,9,0.7005189271559917
y_hat_train,TN,9,0.26874467381278966
y_hat_train,TN,9,0.5882902112329838
y_hat_train,TN,9,3.9020115572565213
y_hat_train,TN,9,0.3012633032953729
y_hat_train,TN,9,2.998881893174655
y_hat_train,TN,9,0.8449215459044738
y_hat_train,TN,9,0.06070945220407753
y_hat_train,TN,9,0.7950816026216814
y_hat_train,TN,9,0.2384516237967058
y_hat_train,TN,9,0.7570144613165661
y_hat_train,TN,9,-0.026701116105046108
y_hat_train,TN,9,1.2028159999453498
y_hat_train,TN,9,0.957939781264764
y_hat_train,TN,9,0.5213846836636474
y_hat_train,TN,9,3.1598571929019235
y_hat_train,TN,9,0.07348951535210602
y_hat_train,TN,9,0.6052575729699723
y_hat_train,TN,9,0.4717026922377392
y_hat_train,TN,9,0.7514606190091305
y_hat_train,TN,9,1.3472051841410932
y_hat_train,TN,9,0.4794409804854812
y_hat_train,TN,9,0.7722521381803111
y_hat_train,TN,9,0.3430593841880456
y_hat_train,TN,9,0.7987312269760485
y_hat_train,TN,9,0.7642571636644178
y_hat_train,TN,9,0.5501676796898813
y_hat_train,TN,9,0.6335238020410621
y_hat_train,TN,9,0.9700940454775281
y_hat_train,TN,9,0.8804923688914434
y_hat_train,TN,9,1.1593116809903803
y_hat_train,TN,9,0.6054501259072802
y_hat_train,TN,9,0.8129427486188832
y_true_train,TN,9,0.890666667
y_true_train,TN,9,0.705
y_true_train,TN,9,2.371333333
y_true_train,TN,9,0.346474193
y_true_train,TN,9,3.817604111
y_true_train,TN,9,3.381691805
y_true_train,TN,9,0.716666667
y_true_train,TN,9,0.56
y_true_train,TN,9,0.44225616
y_true_train,TN,9,3.995
y_true_train,TN,9,0.148
y_true_train,TN,9,2.920666667
y_true_train,TN,9,0.931666667
y_true_train,TN,9,0.007333333
y_true_train,TN,9,0.703
y_true_train,TN,9,0.311333333
y_true_train,TN,9,0.761333333
y_true_train,TN,9,0.047
y_true_train,TN,9,1.012333333
y_true_train,TN,9,0.761510981
y_true_train,TN,9,0.517333333
y_true_train,TN,9,3.124333333
y_true_train,TN,9,0.013
y_true_train,TN,9,0.692333333
y_true_train,TN,9,0.516666667
y_true_train,TN,9,0.911333333
y_true_train,TN,9,1.477
y_true_train,TN,9,0.404
y_true_train,TN,9,0.740333333
y_true_train,TN,9,0.436914199
y_true_train,TN,9,0.861905178
y_true_train,TN,9,0.620333333
y_true_train,TN,9,0.543
y_true_train,TN,9,0.665742231
y_true_train,TN,9,1.058333333
y_true_train,TN,9,0.899333333
y_true_train,TN,9,1.194333333
y_true_train,TN,9,0.570666667
y_true_train,TN,9,0.907253617
y_true_test,TN,9,0.910333333
y_true_test,TN,9,0.674666667
y_true_test,TN,9,0.832666667
y_true_test,TN,9,0.647333333
y_true_test,TN,9,0.724333333
y_true_test,TN,9,0.481333333
y_true_test,TN,9,0.718666667
y_true_test,TN,9,0.854984357
y_true_test,TN,9,0.606508959
y_true_test,TN,9,0.192
y_true_test,TN,9,0.699333333
y_true_test,TN,9,0.480627835
y_true_test,TN,9,0.451333333
y_true_test,TN,9,0.919971979
y_true_test,TN,9,0.76339733
y_true_test,TN,9,2.18
y_true_test,TN,9,3.421333333
test_ind,TN,9,28.0
test_ind,TN,9,27.0
test_ind,TN,9,16.0
test_ind,TN,9,65.0
test_ind,TN,9,61.0
test_ind,TN,9,42.0
test_ind,TN,9,243.0
test_ind,TN,9,167.0
test_ind,TN,9,119.0
test_ind,TN,9,57.0
test_ind,TN,9,43.0
test_ind,TN,9,99.0
test_ind,TN,9,23.0
test_ind,TN,9,138.0
test_ind,TN,9,98.0
test_ind,TN,9,55.0
test_ind,TN,9,232.0
train_ind,TN,9,236.0
train_ind,TN,9,17.0
train_ind,TN,9,20.0
train_ind,TN,9,213.0
train_ind,TN,9,188.0
train_ind,TN,9,187.0
train_ind,TN,9,248.0
train_ind,TN,9,237.0
train_ind,TN,9,168.0
train_ind,TN,9,67.0
train_ind,TN,9,244.0
train_ind,TN,9,41.0
train_ind,TN,9,29.0
train_ind,TN,9,49.0
train_ind,TN,9,233.0
train_ind,TN,9,48.0
train_ind,TN,9,34.0
train_ind,TN,9,52.0
train_ind,TN,9,38.0
train_ind,TN,9,139.0
train_ind,TN,9,250.0
train_ind,TN,9,249.0
train_ind,TN,9,51.0
train_ind,TN,9,39.0
train_ind,TN,9,238.0
train_ind,TN,9,36.0
train_ind,TN,9,64.0
train_ind,TN,9,14.0
train_ind,TN,9,258.0
train_ind,TN,9,95.0
train_ind,TN,9,136.0
train_ind,TN,9,69.0
train_ind,TN,9,247.0
train_ind,TN,9,212.0
train_ind,TN,9,257.0
train_ind,TN,9,15.0
train_ind,TN,9,59.0
train_ind,TN,9,252.0
train_ind,TN,9,72.0
test_rsq,TN,9,0.7985940158652953
train_rsq,TN,9,0.9899268648215293
test_rmse,TN,9,0.3332848836941621
train_rmse,TN,9,0.10191366100480632
test_mape,TN,9,46.203593807414045
train_mape,TN,9,47.05840872940959
n_comp,TN,9,9.0
y_hat_test,TN,10,0.9133142083852499
y_hat_test,TN,10,0.8624024470255293
y_hat_test,TN,10,0.9250821107512077
y_hat_test,TN,10,0.7926344343658913
y_hat_test,TN,10,0.6208622873007315
y_hat_test,TN,10,0.41446181428217643
y_hat_test,TN,10,1.6026927989031572
y_hat_test,TN,10,1.007400406576904
y_hat_test,TN,10,0.9946815677742274
y_hat_test,TN,10,3.179269043223674
y_hat_test,TN,10,1.2146655006571345
y_hat_test,TN,10,0.5949971254627442
y_hat_test,TN,10,2.4224768739479114
y_hat_test,TN,10,1.1325262848843343
y_hat_test,TN,10,0.8231488665639157
y_hat_test,TN,10,0.8155824710323358
y_hat_test,TN,10,0.8774563834791567
y_hat_train,TN,10,0.6027087247775657
y_hat_train,TN,10,0.39170127542957633
y_hat_train,TN,10,0.7266753256373477
y_hat_train,TN,10,3.311235974224295
y_hat_train,TN,10,0.7653981278315827
y_hat_train,TN,10,0.05084750444487496
y_hat_train,TN,10,2.2665479990885156
y_hat_train,TN,10,0.8379346070704226
y_hat_train,TN,10,0.5878590351500159
y_hat_train,TN,10,0.5578612914307317
y_hat_train,TN,10,1.370947510092331
y_hat_train,TN,10,0.39045091680998256
y_hat_train,TN,10,3.0270687280963484
y_hat_train,TN,10,-0.0408103171857519
y_hat_train,TN,10,3.8441321962518264
y_hat_train,TN,10,0.5470642715201175
y_hat_train,TN,10,2.961786283693206
y_hat_train,TN,10,0.4565970969697545
y_hat_train,TN,10,0.5494663825883718
y_hat_train,TN,10,0.8408447103069215
y_hat_train,TN,10,1.5207461956358117
y_hat_train,TN,10,1.0696501220886596
y_hat_train,TN,10,0.38573848316483406
y_hat_train,TN,10,0.3591331108918877
y_hat_train,TN,10,1.004221372807446
y_hat_train,TN,10,0.6169255540589449
y_hat_train,TN,10,3.4631449317385377
y_hat_train,TN,10,0.5146983176998196
y_hat_train,TN,10,0.7467561872758127
y_hat_train,TN,10,1.054951122331681
y_hat_train,TN,10,0.40057280210412627
y_hat_train,TN,10,0.33122093617703374
y_hat_train,TN,10,0.8129734480032567
y_hat_train,TN,10,0.9030267708899542
y_hat_train,TN,10,0.6230824355694027
y_hat_train,TN,10,0.4518894229251219
y_hat_train,TN,10,0.6649731521554274
y_hat_train,TN,10,0.9221807824551171
y_hat_train,TN,10,0.7226613967990758
y_true_train,TN,10,0.570666667
y_true_train,TN,10,0.56
y_true_train,TN,10,0.911333333
y_true_train,TN,10,3.381691805
y_true_train,TN,10,0.716666667
y_true_train,TN,10,0.013
y_true_train,TN,10,2.371333333
y_true_train,TN,10,0.899333333
y_true_train,TN,10,0.692333333
y_true_train,TN,10,0.718666667
y_true_train,TN,10,1.194333333
y_true_train,TN,10,0.480627835
y_true_train,TN,10,3.124333333
y_true_train,TN,10,0.047
y_true_train,TN,10,3.817604111
y_true_train,TN,10,0.451333333
y_true_train,TN,10,2.920666667
y_true_train,TN,10,0.481333333
y_true_train,TN,10,0.516666667
y_true_train,TN,10,0.861905178
y_true_train,TN,10,1.477
y_true_train,TN,10,1.012333333
y_true_train,TN,10,0.346474193
y_true_train,TN,10,0.311333333
y_true_train,TN,10,1.058333333
y_true_train,TN,10,0.665742231
y_true_train,TN,10,3.421333333
y_true_train,TN,10,0.517333333
y_true_train,TN,10,0.740333333
y_true_train,TN,10,0.931666667
y_true_train,TN,10,0.148
y_true_train,TN,10,0.436914199
y_true_train,TN,10,0.647333333
y_true_train,TN,10,0.907253617
y_true_train,TN,10,0.543
y_true_train,TN,10,0.404
y_true_train,TN,10,0.699333333
y_true_train,TN,10,0.854984357
y_true_train,TN,10,0.761333333
y_true_test,TN,10,0.76339733
y_true_test,TN,10,0.705
y_true_test,TN,10,0.606508959
y_true_test,TN,10,0.620333333
y_true_test,TN,10,0.192
y_true_test,TN,10,0.007333333
y_true_test,TN,10,0.890666667
y_true_test,TN,10,0.832666667
y_true_test,TN,10,0.724333333
y_true_test,TN,10,3.995
y_true_test,TN,10,0.919971979
y_true_test,TN,10,0.44225616
y_true_test,TN,10,2.18
y_true_test,TN,10,0.761510981
y_true_test,TN,10,0.910333333
y_true_test,TN,10,0.674666667
y_true_test,TN,10,0.703
test_ind,TN,10,98.0
test_ind,TN,10,17.0
test_ind,TN,10,119.0
test_ind,TN,10,69.0
test_ind,TN,10,57.0
test_ind,TN,10,49.0
test_ind,TN,10,236.0
test_ind,TN,10,16.0
test_ind,TN,10,61.0
test_ind,TN,10,67.0
test_ind,TN,10,138.0
test_ind,TN,10,168.0
test_ind,TN,10,55.0
test_ind,TN,10,139.0
test_ind,TN,10,28.0
test_ind,TN,10,27.0
test_ind,TN,10,233.0
train_ind,TN,10,252.0
train_ind,TN,10,237.0
train_ind,TN,10,36.0
train_ind,TN,10,187.0
train_ind,TN,10,248.0
train_ind,TN,10,51.0
train_ind,TN,10,20.0
train_ind,TN,10,15.0
train_ind,TN,10,39.0
train_ind,TN,10,243.0
train_ind,TN,10,59.0
train_ind,TN,10,99.0
train_ind,TN,10,249.0
train_ind,TN,10,52.0
train_ind,TN,10,188.0
train_ind,TN,10,23.0
train_ind,TN,10,41.0
train_ind,TN,10,42.0
train_ind,TN,10,238.0
train_ind,TN,10,136.0
train_ind,TN,10,64.0
train_ind,TN,10,38.0
train_ind,TN,10,213.0
train_ind,TN,10,48.0
train_ind,TN,10,257.0
train_ind,TN,10,212.0
train_ind,TN,10,232.0
train_ind,TN,10,250.0
train_ind,TN,10,258.0
train_ind,TN,10,29.0
train_ind,TN,10,244.0
train_ind,TN,10,95.0
train_ind,TN,10,65.0
train_ind,TN,10,72.0
train_ind,TN,10,247.0
train_ind,TN,10,14.0
train_ind,TN,10,43.0
train_ind,TN,10,167.0
train_ind,TN,10,34.0
test_rsq,TN,10,0.8340445687189287
train_rsq,TN,10,0.9906151516102186
test_rmse,TN,10,0.3571650408008609
train_rmse,TN,10,0.09386002405269983
test_mape,TN,10,366.9263380048918
train_mape,TN,10,25.495923989951052
n_comp,TN,10,10.0
y_hat_test,TN,11,0.15620030045361022
y_hat_test,TN,11,3.9001825971296875
y_hat_test,TN,11,0.3285608834720831
y_hat_test,TN,11,3.1440642346025727
y_hat_test,TN,11,3.180856735564735
y_hat_test,TN,11,0.5985131811078432
y_hat_test,TN,11,0.65659329387206
y_hat_test,TN,11,0.830221614530309
y_hat_test,TN,11,0.6119654152088834
y_hat_test,TN,11,0.7292207472256704
y_hat_test,TN,11,0.7645614749774865
y_hat_test,TN,11,0.7194557521825345
y_hat_test,TN,11,0.3958616482742462
y_hat_test,TN,11,1.0962397729990239
y_hat_test,TN,11,1.1409899648560016
y_hat_test,TN,11,0.8168181420781344
y_hat_test,TN,11,0.85619188605593
y_hat_train,TN,11,0.32846188678124266
y_hat_train,TN,11,0.5138615376943099
y_hat_train,TN,11,0.6429822175747932
y_hat_train,TN,11,3.3347454111177113
y_hat_train,TN,11,0.3052636677297855
y_hat_train,TN,11,0.6606363244914036
y_hat_train,TN,11,0.8813632221516168
y_hat_train,TN,11,3.9152107511691376
y_hat_train,TN,11,0.6365380277955296
y_hat_train,TN,11,0.5505012903164513
y_hat_train,TN,11,0.9466086044311867
y_hat_train,TN,11,0.5184770829187701
y_hat_train,TN,11,1.1057449243862296
y_hat_train,TN,11,0.5674592571016882
y_hat_train,TN,11,0.8184699065245759
y_hat_train,TN,11,0.8241513422346471
y_hat_train,TN,11,0.49581094971407946
y_hat_train,TN,11,0.6494369830980252
y_hat_train,TN,11,0.4955200900587057
y_hat_train,TN,11,2.3127141797971844
y_hat_train,TN,11,0.5099657821865363
y_hat_train,TN,11,0.6622702193241579
y_hat_train,TN,11,0.9652523980042456
y_hat_train,TN,11,0.7738224155226596
y_hat_train,TN,11,0.8947658571727939
y_hat_train,TN,11,2.2784137534237803
y_hat_train,TN,11,0.6939144130526409
y_hat_train,TN,11,0.9697063414797551
y_hat_train,TN,11,0.3547163399262441
y_hat_train,TN,11,1.310235585445693
y_hat_train,TN,11,0.02217201697902338
y_hat_train,TN,11,1.0113301055852604
y_hat_train,TN,11,0.7718406266496818
y_hat_train,TN,11,0.4839220186091052
y_hat_train,TN,11,2.973747975458617
y_hat_train,TN,11,0.12631067341541447
y_hat_train,TN,11,0.6637751889174414
y_hat_train,TN,11,0.21887275436171094
y_hat_train,TN,11,0.8544936473981707
y_true_train,TN,11,0.148
y_true_train,TN,11,0.481333333
y_true_train,TN,11,0.665742231
y_true_train,TN,11,3.381691805
y_true_train,TN,11,0.436914199
y_true_train,TN,11,0.76339733
y_true_train,TN,11,0.724333333
y_true_train,TN,11,3.995
y_true_train,TN,11,0.699333333
y_true_train,TN,11,0.404
y_true_train,TN,11,0.890666667
y_true_train,TN,11,0.718666667
y_true_train,TN,11,1.012333333
y_true_train,TN,11,0.674666667
y_true_train,TN,11,0.705
y_true_train,TN,11,0.761510981
y_true_train,TN,11,0.516666667
y_true_train,TN,11,0.570666667
y_true_train,TN,11,0.517333333
y_true_train,TN,11,2.18
y_true_train,TN,11,0.44225616
y_true_train,TN,11,0.911333333
y_true_train,TN,11,0.899333333
y_true_train,TN,11,0.716666667
y_true_train,TN,11,0.919971979
y_true_train,TN,11,2.371333333
y_true_train,TN,11,0.606508959
y_true_train,TN,11,0.907253617
y_true_train,TN,11,0.56
y_true_train,TN,11,1.477
y_true_train,TN,11,0.013
y_true_train,TN,11,0.910333333
y_true_train,TN,11,0.861905178
y_true_train,TN,11,0.692333333
y_true_train,TN,11,2.920666667
y_true_train,TN,11,0.007333333
y_true_train,TN,11,0.620333333
y_true_train,TN,11,0.311333333
y_true_train,TN,11,0.647333333
y_true_test,TN,11,0.047
y_true_test,TN,11,3.421333333
y_true_test,TN,11,0.761333333
y_true_test,TN,11,3.124333333
y_true_test,TN,11,3.817604111
y_true_test,TN,11,1.194333333
y_true_test,TN,11,0.480627835
y_true_test,TN,11,0.832666667
y_true_test,TN,11,0.703
y_true_test,TN,11,0.854984357
y_true_test,TN,11,0.451333333
y_true_test,TN,11,0.346474193
y_true_test,TN,11,0.192
y_true_test,TN,11,1.058333333
y_true_test,TN,11,0.931666667
y_true_test,TN,11,0.543
y_true_test,TN,11,0.740333333
test_ind,TN,11,52.0
test_ind,TN,11,232.0
test_ind,TN,11,34.0
test_ind,TN,11,249.0
test_ind,TN,11,188.0
test_ind,TN,11,59.0
test_ind,TN,11,99.0
test_ind,TN,11,16.0
test_ind,TN,11,233.0
test_ind,TN,11,167.0
test_ind,TN,11,23.0
test_ind,TN,11,213.0
test_ind,TN,11,57.0
test_ind,TN,11,257.0
test_ind,TN,11,29.0
test_ind,TN,11,247.0
test_ind,TN,11,258.0
train_ind,TN,11,244.0
train_ind,TN,11,42.0
train_ind,TN,11,212.0
train_ind,TN,11,187.0
train_ind,TN,11,95.0
train_ind,TN,11,98.0
train_ind,TN,11,61.0
train_ind,TN,11,67.0
train_ind,TN,11,43.0
train_ind,TN,11,14.0
train_ind,TN,11,236.0
train_ind,TN,11,243.0
train_ind,TN,11,38.0
train_ind,TN,11,27.0
train_ind,TN,11,17.0
train_ind,TN,11,139.0
train_ind,TN,11,238.0
train_ind,TN,11,252.0
train_ind,TN,11,250.0
train_ind,TN,11,55.0
train_ind,TN,11,168.0
train_ind,TN,11,36.0
train_ind,TN,11,15.0
train_ind,TN,11,248.0
train_ind,TN,11,138.0
train_ind,TN,11,20.0
train_ind,TN,11,119.0
train_ind,TN,11,72.0
train_ind,TN,11,237.0
train_ind,TN,11,64.0
train_ind,TN,11,51.0
train_ind,TN,11,28.0
train_ind,TN,11,136.0
train_ind,TN,11,39.0
train_ind,TN,11,41.0
train_ind,TN,11,49.0
train_ind,TN,11,69.0
train_ind,TN,11,48.0
train_ind,TN,11,65.0
test_rsq,TN,11,0.9211844607078602
train_rsq,TN,11,0.9815432176093233
test_rmse,TN,11,0.31219003499366466
train_rmse,TN,11,0.11577693820155018
test_mape,TN,11,47.66459644822849
train_mape,TN,11,59.1465515677562
n_comp,TN,11,10.0
y_hat_test,TN,12,1.0902932869965087
y_hat_test,TN,12,2.84652434772344
y_hat_test,TN,12,0.5991294188689058
y_hat_test,TN,12,0.7226275422641038
y_hat_test,TN,12,3.0561957133247613
y_hat_test,TN,12,0.569871764035439
y_hat_test,TN,12,1.1194215363316933
y_hat_test,TN,12,0.442820148933934
y_hat_test,TN,12,0.20990720172504462
y_hat_test,TN,12,0.532379446182695
y_hat_test,TN,12,0.8331262941541864
y_hat_test,TN,12,0.24697564741326172
y_hat_test,TN,12,2.7070441116117525
y_hat_test,TN,12,3.427581123921733
y_hat_test,TN,12,0.5686678503487389
y_hat_test,TN,12,0.49494645379394564
y_hat_test,TN,12,0.4995114506091728
y_hat_train,TN,12,1.9676388626525907
y_hat_train,TN,12,1.0012722502038476
y_hat_train,TN,12,0.7974794761012901
y_hat_train,TN,12,0.5558046153166449
y_hat_train,TN,12,0.6026207641475938
y_hat_train,TN,12,0.8141262492531004
y_hat_train,TN,12,0.5849135289413163
y_hat_train,TN,12,0.5880006087457101
y_hat_train,TN,12,3.3914181125910834
y_hat_train,TN,12,0.45038079716820745
y_hat_train,TN,12,2.1226194121764905
y_hat_train,TN,12,0.4553880025117506
y_hat_train,TN,12,0.5015667507283824
y_hat_train,TN,12,0.4429253599571208
y_hat_train,TN,12,0.5564467877019137
y_hat_train,TN,12,0.7347592824446221
y_hat_train,TN,12,0.7428296494771041
y_hat_train,TN,12,0.8338620094856135
y_hat_train,TN,12,0.6764206927526659
y_hat_train,TN,12,1.0469526834717204
y_hat_train,TN,12,0.032247841783738074
y_hat_train,TN,12,0.2451406394549004
y_hat_train,TN,12,0.6336089700416512
y_hat_train,TN,12,0.5275744326625232
y_hat_train,TN,12,0.7716275532130487
y_hat_train,TN,12,0.7970576142854036
y_hat_train,TN,12,1.0748485355038282
y_hat_train,TN,12,0.6665276161275493
y_hat_train,TN,12,2.959655451961184
y_hat_train,TN,12,0.6953893617255231
y_hat_train,TN,12,0.7704005551314086
y_hat_train,TN,12,0.565704362926617
y_hat_train,TN,12,0.5794902615464776
y_hat_train,TN,12,0.8672854819691925
y_hat_train,TN,12,0.7922976579789212
y_hat_train,TN,12,0.7293595038600336
y_hat_train,TN,12,0.8196427959144916
y_hat_train,TN,12,0.6791603966555864
y_hat_train,TN,12,1.2427388344291308
y_true_train,TN,12,2.371333333
y_true_train,TN,12,0.899333333
y_true_train,TN,12,0.699333333
y_true_train,TN,12,0.481333333
y_true_train,TN,12,0.665742231
y_true_train,TN,12,0.907253617
y_true_train,TN,12,0.854984357
y_true_train,TN,12,0.761333333
y_true_train,TN,12,3.381691805
y_true_train,TN,12,0.570666667
y_true_train,TN,12,2.18
y_true_train,TN,12,0.311333333
y_true_train,TN,12,0.480627835
y_true_train,TN,12,0.718666667
y_true_train,TN,12,0.44225616
y_true_train,TN,12,0.606508959
y_true_train,TN,12,0.76339733
y_true_train,TN,12,0.861905178
y_true_train,TN,12,0.761510981
y_true_train,TN,12,0.890666667
y_true_train,TN,12,0.013
y_true_train,TN,12,0.56
y_true_train,TN,12,0.148
y_true_train,TN,12,0.404
y_true_train,TN,12,0.911333333
y_true_train,TN,12,0.740333333
y_true_train,TN,12,0.919971979
y_true_train,TN,12,0.647333333
y_true_train,TN,12,2.920666667
y_true_train,TN,12,0.451333333
y_true_train,TN,12,1.194333333
y_true_train,TN,12,0.692333333
y_true_train,TN,12,0.716666667
y_true_train,TN,12,0.705
y_true_train,TN,12,0.832666667
y_true_train,TN,12,0.543
y_true_train,TN,12,0.674666667
y_true_train,TN,12,0.620333333
y_true_train,TN,12,1.012333333
y_true_test,TN,12,1.058333333
y_true_test,TN,12,3.124333333
y_true_test,TN,12,0.703
y_true_test,TN,12,0.931666667
y_true_test,TN,12,3.995
y_true_test,TN,12,0.910333333
y_true_test,TN,12,1.477
y_true_test,TN,12,0.346474193
y_true_test,TN,12,0.047
y_true_test,TN,12,0.517333333
y_true_test,TN,12,0.724333333
y_true_test,TN,12,0.516666667
y_true_test,TN,12,3.817604111
y_true_test,TN,12,3.421333333
y_true_test,TN,12,0.436914199
y_true_test,TN,12,0.007333333
y_true_test,TN,12,0.192
test_ind,TN,12,257.0
test_ind,TN,12,249.0
test_ind,TN,12,233.0
test_ind,TN,12,29.0
test_ind,TN,12,67.0
test_ind,TN,12,28.0
test_ind,TN,12,64.0
test_ind,TN,12,213.0
test_ind,TN,12,52.0
test_ind,TN,12,250.0
test_ind,TN,12,61.0
test_ind,TN,12,238.0
test_ind,TN,12,188.0
test_ind,TN,12,232.0
test_ind,TN,12,95.0
test_ind,TN,12,49.0
test_ind,TN,12,57.0
train_ind,TN,12,20.0
train_ind,TN,12,15.0
train_ind,TN,12,43.0
train_ind,TN,12,42.0
train_ind,TN,12,212.0
train_ind,TN,12,72.0
train_ind,TN,12,167.0
train_ind,TN,12,34.0
train_ind,TN,12,187.0
train_ind,TN,12,252.0
train_ind,TN,12,55.0
train_ind,TN,12,48.0
train_ind,TN,12,99.0
train_ind,TN,12,243.0
train_ind,TN,12,168.0
train_ind,TN,12,119.0
train_ind,TN,12,98.0
train_ind,TN,12,136.0
train_ind,TN,12,139.0
train_ind,TN,12,236.0
train_ind,TN,12,51.0
train_ind,TN,12,237.0
train_ind,TN,12,244.0
train_ind,TN,12,14.0
train_ind,TN,12,36.0
train_ind,TN,12,258.0
train_ind,TN,12,138.0
train_ind,TN,12,65.0
train_ind,TN,12,41.0
train_ind,TN,12,23.0
train_ind,TN,12,59.0
train_ind,TN,12,39.0
train_ind,TN,12,248.0
train_ind,TN,12,17.0
train_ind,TN,12,16.0
train_ind,TN,12,247.0
train_ind,TN,12,27.0
train_ind,TN,12,69.0
train_ind,TN,12,38.0
test_rsq,TN,12,0.9007627643884681
train_rsq,TN,12,0.9272345697480665
test_rmse,TN,12,0.4173800574255384
train_rmse,TN,12,0.18223831390955536
test_mape,TN,12,438.09640883623786
train_mape,TN,12,30.169938870284152
n_comp,TN,12,8.0
y_hat_test,TN,13,0.6008138712864802
y_hat_test,TN,13,1.990404458471056
y_hat_test,TN,13,1.1449919640508388
y_hat_test,TN,13,0.39958764775263056
y_hat_test,TN,13,0.6089854519561594
y_hat_test,TN,13,0.6354770145153759
y_hat_test,TN,13,0.9066142403211217
y_hat_test,TN,13,0.0901507303285689
y_hat_test,TN,13,0.06971116261123256
y_hat_test,TN,13,0.6687804925115096
y_hat_test,TN,13,0.7079816616353566
y_hat_test,TN,13,0.8432827491704443
y_hat_test,TN,13,3.6822128391748006
y_hat_test,TN,13,0.7150169965249888
y_hat_test,TN,13,0.5829415653163404
y_hat_test,TN,13,0.2663070555089391
y_hat_test,TN,13,0.6174126555151332
y_hat_train,TN,13,0.13509547145168133
y_hat_train,TN,13,0.4120324019495204
y_hat_train,TN,13,0.6977516147337498
y_hat_train,TN,13,1.0070236280284592
y_hat_train,TN,13,0.8675096728046517
y_hat_train,TN,13,2.31059818889648
y_hat_train,TN,13,3.8118903228503274
y_hat_train,TN,13,0.8207133617351924
y_hat_train,TN,13,0.6144560545089335
y_hat_train,TN,13,1.1257106936033126
y_hat_train,TN,13,3.016295668257319
y_hat_train,TN,13,0.8646974769215512
y_hat_train,TN,13,1.3280453867513546
y_hat_train,TN,13,0.7071456902613338
y_hat_train,TN,13,0.7623305097517474
y_hat_train,TN,13,0.7244385334780756
y_hat_train,TN,13,1.0761373219089374
y_hat_train,TN,13,0.6262297484428938
y_hat_train,TN,13,1.007697269377974
y_hat_train,TN,13,0.35874324442132755
y_hat_train,TN,13,-0.02053659048336076
y_hat_train,TN,13,0.7018338121608825
y_hat_train,TN,13,0.23087549297899146
y_hat_train,TN,13,1.1607547764217065
y_hat_train,TN,13,0.7217227007784486
y_hat_train,TN,13,0.5676253266346816
y_hat_train,TN,13,2.9521560199101415
y_hat_train,TN,13,0.4794018794924382
y_hat_train,TN,13,0.8908987315698291
y_hat_train,TN,13,3.8221401236686807
y_hat_train,TN,13,0.8419854372955751
y_hat_train,TN,13,1.0057139991031454
y_hat_train,TN,13,0.9005931491411123
y_hat_train,TN,13,0.8773750219736857
y_hat_train,TN,13,3.500817743122402
y_hat_train,TN,13,0.23739521131589092
y_hat_train,TN,13,0.7719777474609042
y_hat_train,TN,13,0.15187429385326823
y_hat_train,TN,13,0.05194890546675346
y_true_train,TN,13,0.007333333
y_true_train,TN,13,0.451333333
y_true_train,TN,13,0.705
y_true_train,TN,13,0.910333333
y_true_train,TN,13,0.854984357
y_true_train,TN,13,2.18
y_true_train,TN,13,3.817604111
y_true_train,TN,13,0.861905178
y_true_train,TN,13,0.692333333
y_true_train,TN,13,0.931666667
y_true_train,TN,13,3.124333333
y_true_train,TN,13,0.907253617
y_true_train,TN,13,1.477
y_true_train,TN,13,0.740333333
y_true_train,TN,13,0.899333333
y_true_train,TN,13,0.716666667
y_true_train,TN,13,1.194333333
y_true_train,TN,13,0.665742231
y_true_train,TN,13,1.058333333
y_true_train,TN,13,0.192
y_true_train,TN,13,0.047
y_true_train,TN,13,0.606508959
y_true_train,TN,13,0.56
y_true_train,TN,13,1.012333333
y_true_train,TN,13,0.761333333
y_true_train,TN,13,0.570666667
y_true_train,TN,13,2.920666667
y_true_train,TN,13,0.44225616
y_true_train,TN,13,0.832666667
y_true_train,TN,13,3.995
y_true_train,TN,13,0.761510981
y_true_train,TN,13,0.890666667
y_true_train,TN,13,0.647333333
y_true_train,TN,13,0.919971979
y_true_train,TN,13,3.381691805
y_true_train,TN,13,0.311333333
y_true_train,TN,13,0.911333333
y_true_train,TN,13,0.148
y_true_train,TN,13,0.013
y_true_test,TN,13,0.480627835
y_true_test,TN,13,2.371333333
y_true_test,TN,13,0.724333333
y_true_test,TN,13,0.517333333
y_true_test,TN,13,0.404
y_true_test,TN,13,0.481333333
y_true_test,TN,13,0.346474193
y_true_test,TN,13,0.516666667
y_true_test,TN,13,0.718666667
y_true_test,TN,13,0.674666667
y_true_test,TN,13,0.543
y_true_test,TN,13,0.620333333
y_true_test,TN,13,3.421333333
y_true_test,TN,13,0.76339733
y_true_test,TN,13,0.699333333
y_true_test,TN,13,0.436914199
y_true_test,TN,13,0.703
test_ind,TN,13,99.0
test_ind,TN,13,20.0
test_ind,TN,13,61.0
test_ind,TN,13,250.0
test_ind,TN,13,14.0
test_ind,TN,13,42.0
test_ind,TN,13,213.0
test_ind,TN,13,238.0
test_ind,TN,13,243.0
test_ind,TN,13,27.0
test_ind,TN,13,247.0
test_ind,TN,13,69.0
test_ind,TN,13,232.0
test_ind,TN,13,98.0
test_ind,TN,13,43.0
test_ind,TN,13,95.0
test_ind,TN,13,233.0
train_ind,TN,13,49.0
train_ind,TN,13,23.0
train_ind,TN,13,17.0
train_ind,TN,13,28.0
train_ind,TN,13,167.0
train_ind,TN,13,55.0
train_ind,TN,13,188.0
train_ind,TN,13,136.0
train_ind,TN,13,39.0
train_ind,TN,13,29.0
train_ind,TN,13,249.0
train_ind,TN,13,72.0
train_ind,TN,13,64.0
train_ind,TN,13,258.0
train_ind,TN,13,15.0
train_ind,TN,13,248.0
train_ind,TN,13,59.0
train_ind,TN,13,212.0
train_ind,TN,13,257.0
train_ind,TN,13,57.0
train_ind,TN,13,52.0
train_ind,TN,13,119.0
train_ind,TN,13,237.0
train_ind,TN,13,38.0
train_ind,TN,13,34.0
train_ind,TN,13,252.0
train_ind,TN,13,41.0
train_ind,TN,13,168.0
train_ind,TN,13,16.0
train_ind,TN,13,67.0
train_ind,TN,13,139.0
train_ind,TN,13,236.0
train_ind,TN,13,65.0
train_ind,TN,13,138.0
train_ind,TN,13,187.0
train_ind,TN,13,48.0
train_ind,TN,13,36.0
train_ind,TN,13,244.0
train_ind,TN,13,51.0
test_rsq,TN,13,0.8515131279837221
train_rsq,TN,13,0.9871626463518585
test_rmse,TN,13,0.300029639757927
train_rmse,TN,13,0.1131063080330689
test_mape,TN,13,40.4831395643125
train_mape,TN,13,67.30589956723956
n_comp,TN,13,10.0
y_hat_test,TN,14,1.0628445814975191
y_hat_test,TN,14,0.9636182493411138
y_hat_test,TN,14,0.8745377022644709
y_hat_test,TN,14,0.8055430469066037
y_hat_test,TN,14,0.47229278414418197
y_hat_test,TN,14,0.6297282281030885
y_hat_test,TN,14,0.6957396909972025
y_hat_test,TN,14,0.3147683192599139
y_hat_test,TN,14,0.9961006596343501
y_hat_test,TN,14,2.369001373494707
y_hat_test,TN,14,1.6482364267763874
y_hat_test,TN,14,0.049156852015140196
y_hat_test,TN,14,0.6396813330934394
y_hat_test,TN,14,0.8787998369898269
y_hat_test,TN,14,0.46106899107263233
y_hat_test,TN,14,0.4896142594218911
y_hat_test,TN,14,1.2730074275166197
y_hat_train,TN,14,3.0260307217111606
y_hat_train,TN,14,0.8719214132882268
y_hat_train,TN,14,-0.11920382060764001
y_hat_train,TN,14,1.1655393258015112
y_hat_train,TN,14,0.3320290670266882
y_hat_train,TN,14,0.5287700859540816
y_hat_train,TN,14,0.8969777071598253
y_hat_train,TN,14,0.8802554452733491
y_hat_train,TN,14,0.12659145344167633
y_hat_train,TN,14,1.1103190221811152
y_hat_train,TN,14,0.7883756619676674
y_hat_train,TN,14,0.26675162338071756
y_hat_train,TN,14,3.749512003924754
y_hat_train,TN,14,0.40294794751008634
y_hat_train,TN,14,0.7005968094797078
y_hat_train,TN,14,0.7745159870121952
y_hat_train,TN,14,0.4420482262319815
y_hat_train,TN,14,2.262708277604046
y_hat_train,TN,14,0.4746088940990476
y_hat_train,TN,14,0.5605256056879191
y_hat_train,TN,14,0.6535695421136338
y_hat_train,TN,14,0.5473441958646937
y_hat_train,TN,14,3.113943796519369
y_hat_train,TN,14,2.1577098250241575
y_hat_train,TN,14,0.7492742897322513
y_hat_train,TN,14,0.9390242845875247
y_hat_train,TN,14,0.9713986823135252
y_hat_train,TN,14,3.7937049657095834
y_hat_train,TN,14,0.6773807925783307
y_hat_train,TN,14,0.2093781470238365
y_hat_train,TN,14,0.8091514451560597
y_hat_train,TN,14,0.8639091726679132
y_hat_train,TN,14,3.580849029272318
y_hat_train,TN,14,3.3206853507600234
y_hat_train,TN,14,1.03149292279528
y_hat_train,TN,14,0.9938204716261543
y_hat_train,TN,14,0.5251280400641561
y_hat_train,TN,14,1.4514161083287531
y_hat_train,TN,14,0.7215410677343082
y_true_train,TN,14,3.124333333
y_true_train,TN,14,0.899333333
y_true_train,TN,14,0.013
y_true_train,TN,14,1.012333333
y_true_train,TN,14,0.192
y_true_train,TN,14,0.761333333
y_true_train,TN,14,0.854984357
y_true_train,TN,14,0.761510981
y_true_train,TN,14,0.007333333
y_true_train,TN,14,1.058333333
y_true_train,TN,14,0.620333333
y_true_train,TN,14,0.436914199
y_true_train,TN,14,3.817604111
y_true_train,TN,14,0.56
y_true_train,TN,14,0.699333333
y_true_train,TN,14,0.705
y_true_train,TN,14,0.451333333
y_true_train,TN,14,2.18
y_true_train,TN,14,0.517333333
y_true_train,TN,14,0.404
y_true_train,TN,14,0.716666667
y_true_train,TN,14,0.718666667
y_true_train,TN,14,2.920666667
y_true_train,TN,14,2.371333333
y_true_train,TN,14,0.606508959
y_true_train,TN,14,0.724333333
y_true_train,TN,14,0.647333333
y_true_train,TN,14,3.995
y_true_train,TN,14,0.665742231
y_true_train,TN,14,0.311333333
y_true_train,TN,14,0.911333333
y_true_train,TN,14,0.907253617
y_true_train,TN,14,3.421333333
y_true_train,TN,14,3.381691805
y_true_train,TN,14,0.910333333
y_true_train,TN,14,1.194333333
y_true_train,TN,14,0.692333333
y_true_train,TN,14,1.477
y_true_train,TN,14,0.703
y_true_test,TN,14,0.76339733
y_true_test,TN,14,0.674666667
y_true_test,TN,14,0.832666667
y_true_test,TN,14,0.740333333
y_true_test,TN,14,0.570666667
y_true_test,TN,14,0.481333333
y_true_test,TN,14,0.543
y_true_test,TN,14,0.516666667
y_true_test,TN,14,0.861905178
y_true_test,TN,14,0.919971979
y_true_test,TN,14,0.890666667
y_true_test,TN,14,0.047
y_true_test,TN,14,0.346474193
y_true_test,TN,14,0.148
y_true_test,TN,14,0.44225616
y_true_test,TN,14,0.480627835
y_true_test,TN,14,0.931666667
test_ind,TN,14,98.0
test_ind,TN,14,27.0
test_ind,TN,14,16.0
test_ind,TN,14,258.0
test_ind,TN,14,252.0
test_ind,TN,14,42.0
test_ind,TN,14,247.0
test_ind,TN,14,238.0
test_ind,TN,14,136.0
test_ind,TN,14,138.0
test_ind,TN,14,236.0
test_ind,TN,14,52.0
test_ind,TN,14,213.0
test_ind,TN,14,244.0
test_ind,TN,14,168.0
test_ind,TN,14,99.0
test_ind,TN,14,29.0
train_ind,TN,14,249.0
train_ind,TN,14,15.0
train_ind,TN,14,51.0
train_ind,TN,14,38.0
train_ind,TN,14,57.0
train_ind,TN,14,34.0
train_ind,TN,14,167.0
train_ind,TN,14,139.0
train_ind,TN,14,49.0
train_ind,TN,14,257.0
train_ind,TN,14,69.0
train_ind,TN,14,95.0
train_ind,TN,14,188.0
train_ind,TN,14,237.0
train_ind,TN,14,43.0
train_ind,TN,14,17.0
train_ind,TN,14,23.0
train_ind,TN,14,55.0
train_ind,TN,14,250.0
train_ind,TN,14,14.0
train_ind,TN,14,248.0
train_ind,TN,14,243.0
train_ind,TN,14,41.0
train_ind,TN,14,20.0
train_ind,TN,14,119.0
train_ind,TN,14,61.0
train_ind,TN,14,65.0
train_ind,TN,14,67.0
train_ind,TN,14,212.0
train_ind,TN,14,48.0
train_ind,TN,14,36.0
train_ind,TN,14,72.0
train_ind,TN,14,232.0
train_ind,TN,14,187.0
train_ind,TN,14,28.0
train_ind,TN,14,59.0
train_ind,TN,14,39.0
train_ind,TN,14,64.0
train_ind,TN,14,233.0
test_rsq,TN,14,-2.335876923140535
train_rsq,TN,14,0.9832552498256215
test_rmse,TN,14,0.46675073419443375
train_rmse,TN,14,0.1383625231181807
test_mape,TN,14,64.41526143278854
train_mape,TN,14,82.6744050268826
n_comp,TN,14,9.0
y_hat_test,TN,15,0.6426943596558579
y_hat_test,TN,15,0.5798623760427264
y_hat_test,TN,15,2.204523111190919
y_hat_test,TN,15,0.4301969605167826
y_hat_test,TN,15,0.7307476983504425
y_hat_test,TN,15,0.604098850657658
y_hat_test,TN,15,1.1478265229808415
y_hat_test,TN,15,0.5616415441988586
y_hat_test,TN,15,0.647677260819936
y_hat_test,TN,15,3.7783349291189943
y_hat_test,TN,15,0.946941330719237
y_hat_test,TN,15,2.1846436781111063
y_hat_test,TN,15,0.7069110510341878
y_hat_test,TN,15,0.7413550647271184
y_hat_test,TN,15,0.10747729880925128
y_hat_test,TN,15,0.5883512739747808
y_hat_test,TN,15,2.6463752345430724
y_hat_train,TN,15,3.831968145945604
y_hat_train,TN,15,0.9355730491140208
y_hat_train,TN,15,0.5350716398286075
y_hat_train,TN,15,0.6351884503967555
y_hat_train,TN,15,0.6873596323066078
y_hat_train,TN,15,0.710359825817906
y_hat_train,TN,15,0.669950402718869
y_hat_train,TN,15,0.606408936230699
y_hat_train,TN,15,0.8588508401082091
y_hat_train,TN,15,0.550809500671146
y_hat_train,TN,15,3.0633012593666913
y_hat_train,TN,15,0.9507160908421423
y_hat_train,TN,15,1.0241990875508036
y_hat_train,TN,15,-0.10167345584536902
y_hat_train,TN,15,1.378043603778967
y_hat_train,TN,15,0.8865274410629138
y_hat_train,TN,15,3.7719244507385077
y_hat_train,TN,15,0.5112042951007287
y_hat_train,TN,15,3.1473469622474317
y_hat_train,TN,15,-0.04410320308517279
y_hat_train,TN,15,0.5168780688811605
y_hat_train,TN,15,2.313636468506362
y_hat_train,TN,15,0.5018627011309932
y_hat_train,TN,15,0.9041999268643475
y_hat_train,TN,15,0.7574769255953578
y_hat_train,TN,15,0.7218582883555114
y_hat_train,TN,15,0.4460761142001952
y_hat_train,TN,15,0.10419852773309002
y_hat_train,TN,15,0.47263962831122985
y_hat_train,TN,15,0.31234218287053306
y_hat_train,TN,15,1.2205108936314395
y_hat_train,TN,15,0.810450360904494
y_hat_train,TN,15,0.5793763883894899
y_hat_train,TN,15,0.8972798439325131
y_hat_train,TN,15,0.42778581599944476
y_hat_train,TN,15,0.5553878158318302
y_hat_train,TN,15,0.625255798073518
y_hat_train,TN,15,0.5428061652912524
y_hat_train,TN,15,1.031418517601176
y_true_train,TN,15,3.995
y_true_train,TN,15,0.647333333
y_true_train,TN,15,0.761333333
y_true_train,TN,15,0.674666667
y_true_train,TN,15,0.740333333
y_true_train,TN,15,0.716666667
y_true_train,TN,15,0.76339733
y_true_train,TN,15,0.718666667
y_true_train,TN,15,0.832666667
y_true_train,TN,15,0.516666667
y_true_train,TN,15,3.124333333
y_true_train,TN,15,0.899333333
y_true_train,TN,15,0.890666667
y_true_train,TN,15,0.013
y_true_train,TN,15,1.477
y_true_train,TN,15,0.861905178
y_true_train,TN,15,3.817604111
y_true_train,TN,15,0.56
y_true_train,TN,15,2.920666667
y_true_train,TN,15,0.047
y_true_train,TN,15,0.44225616
y_true_train,TN,15,2.371333333
y_true_train,TN,15,0.699333333
y_true_train,TN,15,0.911333333
y_true_train,TN,15,0.606508959
y_true_train,TN,15,0.724333333
y_true_train,TN,15,0.480627835
y_true_train,TN,15,0.007333333
y_true_train,TN,15,0.436914199
y_true_train,TN,15,0.192
y_true_train,TN,15,1.012333333
y_true_train,TN,15,0.910333333
y_true_train,TN,15,0.620333333
y_true_train,TN,15,0.907253617
y_true_train,TN,15,0.404
y_true_train,TN,15,0.451333333
y_true_train,TN,15,0.692333333
y_true_train,TN,15,0.570666667
y_true_train,TN,15,0.931666667
y_true_test,TN,15,0.854984357
y_true_test,TN,15,0.665742231
y_true_test,TN,15,2.18
y_true_test,TN,15,1.194333333
y_true_test,TN,15,0.703
y_true_test,TN,15,0.481333333
y_true_test,TN,15,0.761510981
y_true_test,TN,15,0.517333333
y_true_test,TN,15,0.543
y_true_test,TN,15,3.421333333
y_true_test,TN,15,0.148
y_true_test,TN,15,3.381691805
y_true_test,TN,15,0.705
y_true_test,TN,15,1.058333333
y_true_test,TN,15,0.311333333
y_true_test,TN,15,0.346474193
y_true_test,TN,15,0.919971979
test_ind,TN,15,167.0
test_ind,TN,15,212.0
test_ind,TN,15,55.0
test_ind,TN,15,59.0
test_ind,TN,15,233.0
test_ind,TN,15,42.0
test_ind,TN,15,139.0
test_ind,TN,15,250.0
test_ind,TN,15,247.0
test_ind,TN,15,232.0
test_ind,TN,15,244.0
test_ind,TN,15,187.0
test_ind,TN,15,17.0
test_ind,TN,15,257.0
test_ind,TN,15,48.0
test_ind,TN,15,213.0
test_ind,TN,15,138.0
train_ind,TN,15,67.0
train_ind,TN,15,65.0
train_ind,TN,15,34.0
train_ind,TN,15,27.0
train_ind,TN,15,258.0
train_ind,TN,15,248.0
train_ind,TN,15,98.0
train_ind,TN,15,243.0
train_ind,TN,15,16.0
train_ind,TN,15,238.0
train_ind,TN,15,249.0
train_ind,TN,15,15.0
train_ind,TN,15,236.0
train_ind,TN,15,51.0
train_ind,TN,15,64.0
train_ind,TN,15,136.0
train_ind,TN,15,188.0
train_ind,TN,15,237.0
train_ind,TN,15,41.0
train_ind,TN,15,52.0
train_ind,TN,15,168.0
train_ind,TN,15,20.0
train_ind,TN,15,43.0
train_ind,TN,15,36.0
train_ind,TN,15,119.0
train_ind,TN,15,61.0
train_ind,TN,15,99.0
train_ind,TN,15,49.0
train_ind,TN,15,95.0
train_ind,TN,15,57.0
train_ind,TN,15,38.0
train_ind,TN,15,28.0
train_ind,TN,15,69.0
train_ind,TN,15,72.0
train_ind,TN,15,14.0
train_ind,TN,15,23.0
train_ind,TN,15,39.0
train_ind,TN,15,252.0
train_ind,TN,15,29.0
test_rsq,TN,15,0.6027669210308546
train_rsq,TN,15,0.9859587013515184
test_rmse,TN,15,0.6036477454912349
train_rmse,TN,15,0.11083923073348964
test_mape,TN,15,67.62861895388743
train_mape,TN,15,72.34885578585755
n_comp,TN,15,9.0
y_hat_test,TN,16,0.7230887717071132
y_hat_test,TN,16,1.7066916782811525
y_hat_test,TN,16,0.014352987686351959
y_hat_test,TN,16,0.45875249945362895
y_hat_test,TN,16,0.9213491782617418
y_hat_test,TN,16,0.9682081133534781
y_hat_test,TN,16,0.5696192673541802
y_hat_test,TN,16,3.80467671500097
y_hat_test,TN,16,0.6125999731311825
y_hat_test,TN,16,1.1927834490577043
y_hat_test,TN,16,0.9293243164783707
y_hat_test,TN,16,0.6183399598063487
y_hat_test,TN,16,1.3874579818228856
y_hat_test,TN,16,0.8552463302728572
y_hat_test,TN,16,0.1798909773793027
y_hat_test,TN,16,1.1215086614212826
y_hat_test,TN,16,3.405356099334302
y_hat_train,TN,16,1.1836719433397385
y_hat_train,TN,16,0.6428787225614128
y_hat_train,TN,16,0.41920775520230935
y_hat_train,TN,16,0.7523479514300012
y_hat_train,TN,16,0.6782741720612335
y_hat_train,TN,16,0.42311805228055077
y_hat_train,TN,16,3.2481370138849357
y_hat_train,TN,16,0.6797006031093691
y_hat_train,TN,16,1.99732614047349
y_hat_train,TN,16,0.6751863266551905
y_hat_train,TN,16,0.132130824543511
y_hat_train,TN,16,0.6837382427105589
y_hat_train,TN,16,0.5448931390490646
y_hat_train,TN,16,0.5505455873815917
y_hat_train,TN,16,0.8525899632796602
y_hat_train,TN,16,0.9664046755179521
y_hat_train,TN,16,3.8462963293381796
y_hat_train,TN,16,0.9472359092673229
y_hat_train,TN,16,0.37149169069807264
y_hat_train,TN,16,3.2035282183275786
y_hat_train,TN,16,0.40627910011000723
y_hat_train,TN,16,0.4707102752831065
y_hat_train,TN,16,0.8850967095752335
y_hat_train,TN,16,0.8197494033519179
y_hat_train,TN,16,0.7926815536321693
y_hat_train,TN,16,0.6213489114220054
y_hat_train,TN,16,0.641117603477672
y_hat_train,TN,16,0.015671456945287487
y_hat_train,TN,16,0.7415150503612961
y_hat_train,TN,16,0.20098859709573402
y_hat_train,TN,16,0.619982239522493
y_hat_train,TN,16,0.7507331976914984
y_hat_train,TN,16,3.1106688292129547
y_hat_train,TN,16,0.499566055433644
y_hat_train,TN,16,2.134603400815476
y_hat_train,TN,16,0.8830716136274439
y_hat_train,TN,16,0.7010004131690484
y_hat_train,TN,16,0.43876712743595647
y_hat_train,TN,16,0.42452255972533604
y_true_train,TN,16,0.890666667
y_true_train,TN,16,0.724333333
y_true_train,TN,16,0.192
y_true_train,TN,16,0.910333333
y_true_train,TN,16,0.699333333
y_true_train,TN,16,0.56
y_true_train,TN,16,3.381691805
y_true_train,TN,16,0.692333333
y_true_train,TN,16,2.18
y_true_train,TN,16,0.703
y_true_train,TN,16,0.007333333
y_true_train,TN,16,0.543
y_true_train,TN,16,0.761333333
y_true_train,TN,16,0.570666667
y_true_train,TN,16,0.832666667
y_true_train,TN,16,0.931666667
y_true_train,TN,16,3.817604111
y_true_train,TN,16,0.907253617
y_true_train,TN,16,0.404
y_true_train,TN,16,2.920666667
y_true_train,TN,16,0.436914199
y_true_train,TN,16,0.481333333
y_true_train,TN,16,0.919971979
y_true_train,TN,16,0.911333333
y_true_train,TN,16,0.716666667
y_true_train,TN,16,0.517333333
y_true_train,TN,16,0.718666667
y_true_train,TN,16,0.013
y_true_train,TN,16,0.76339733
y_true_train,TN,16,0.311333333
y_true_train,TN,16,0.606508959
y_true_train,TN,16,0.740333333
y_true_train,TN,16,3.124333333
y_true_train,TN,16,0.480627835
y_true_train,TN,16,2.371333333
y_true_train,TN,16,0.899333333
y_true_train,TN,16,0.451333333
y_true_train,TN,16,0.516666667
y_true_train,TN,16,0.346474193
y_true_test,TN,16,0.854984357
y_true_test,TN,16,1.012333333
y_true_test,TN,16,0.047
y_true_test,TN,16,0.44225616
y_true_test,TN,16,0.647333333
y_true_test,TN,16,0.705
y_true_test,TN,16,0.620333333
y_true_test,TN,16,3.421333333
y_true_test,TN,16,0.665742231
y_true_test,TN,16,0.861905178
y_true_test,TN,16,0.148
y_true_test,TN,16,1.194333333
y_true_test,TN,16,1.058333333
y_true_test,TN,16,0.674666667
y_true_test,TN,16,0.761510981
y_true_test,TN,16,1.477
y_true_test,TN,16,3.995
test_ind,TN,16,167.0
test_ind,TN,16,38.0
test_ind,TN,16,52.0
test_ind,TN,16,168.0
test_ind,TN,16,65.0
test_ind,TN,16,17.0
test_ind,TN,16,69.0
test_ind,TN,16,232.0
test_ind,TN,16,212.0
test_ind,TN,16,136.0
test_ind,TN,16,244.0
test_ind,TN,16,59.0
test_ind,TN,16,257.0
test_ind,TN,16,27.0
test_ind,TN,16,139.0
test_ind,TN,16,64.0
test_ind,TN,16,67.0
train_ind,TN,16,236.0
train_ind,TN,16,61.0
train_ind,TN,16,57.0
train_ind,TN,16,28.0
train_ind,TN,16,43.0
train_ind,TN,16,237.0
train_ind,TN,16,187.0
train_ind,TN,16,39.0
train_ind,TN,16,55.0
train_ind,TN,16,233.0
train_ind,TN,16,49.0
train_ind,TN,16,247.0
train_ind,TN,16,34.0
train_ind,TN,16,252.0
train_ind,TN,16,16.0
train_ind,TN,16,29.0
train_ind,TN,16,188.0
train_ind,TN,16,72.0
train_ind,TN,16,14.0
train_ind,TN,16,41.0
train_ind,TN,16,95.0
train_ind,TN,16,42.0
train_ind,TN,16,138.0
train_ind,TN,16,36.0
train_ind,TN,16,248.0
train_ind,TN,16,250.0
train_ind,TN,16,243.0
train_ind,TN,16,51.0
train_ind,TN,16,98.0
train_ind,TN,16,48.0
train_ind,TN,16,119.0
train_ind,TN,16,258.0
train_ind,TN,16,249.0
train_ind,TN,16,99.0
train_ind,TN,16,20.0
train_ind,TN,16,15.0
train_ind,TN,16,23.0
train_ind,TN,16,238.0
train_ind,TN,16,213.0
test_rsq,TN,16,0.8404810946196687
train_rsq,TN,16,0.9817357531052959
test_rmse,TN,16,0.4060254741102369
train_rmse,TN,16,0.12254545272678856
test_mape,TN,16,61.87308405917015
train_mape,TN,16,57.697591704964815
n_comp,TN,16,9.0
y_hat_test,TN,17,0.814321768780478
y_hat_test,TN,17,0.36218930824414497
y_hat_test,TN,17,2.15534867651051
y_hat_test,TN,17,0.30230586436040263
y_hat_test,TN,17,1.4979781039909237
y_hat_test,TN,17,1.1794394418006924
y_hat_test,TN,17,0.8967703988356645
y_hat_test,TN,17,0.34228976903316977
y_hat_test,TN,17,0.209802808354003
y_hat_test,TN,17,1.515750805894236
y_hat_test,TN,17,3.2891940019161776
y_hat_test,TN,17,1.068735239474445
y_hat_test,TN,17,3.4776087737318213
y_hat_test,TN,17,0.6750003183303338
y_hat_test,TN,17,0.8028314716788897
y_hat_test,TN,17,0.5821092943367837
y_hat_test,TN,17,0.3881475797879598
y_hat_train,TN,17,1.1895131850876803
y_hat_train,TN,17,0.3586584634451363
y_hat_train,TN,17,1.1234572831354626
y_hat_train,TN,17,0.8263911100912021
y_hat_train,TN,17,-0.008476324378496214
y_hat_train,TN,17,0.06002143900606982
y_hat_train,TN,17,0.6450422207067936
y_hat_train,TN,17,2.8604607481065485
y_hat_train,TN,17,0.8874035439976544
y_hat_train,TN,17,0.5022178811795839
y_hat_train,TN,17,0.9355595147802563
y_hat_train,TN,17,0.7467460329924233
y_hat_train,TN,17,0.3515000777723124
y_hat_train,TN,17,0.5759378006464331
y_hat_train,TN,17,0.33797141286863275
y_hat_train,TN,17,0.5653092119128158
y_hat_train,TN,17,0.4417897709421998
y_hat_train,TN,17,0.7396095023892939
y_hat_train,TN,17,0.6827345868588336
y_hat_train,TN,17,0.6706035590299938
y_hat_train,TN,17,0.556039125034436
y_hat_train,TN,17,0.7746944112722823
y_hat_train,TN,17,0.9587864952525517
y_hat_train,TN,17,0.6849579285907421
y_hat_train,TN,17,0.21298858812782673
y_hat_train,TN,17,0.836913802009295
y_hat_train,TN,17,0.9127856813675367
y_hat_train,TN,17,2.1097018331353325
y_hat_train,TN,17,3.8918180052883775
y_hat_train,TN,17,2.3246232836802103
y_hat_train,TN,17,0.4107102967225198
y_hat_train,TN,17,3.051244791982485
y_hat_train,TN,17,0.28984131387633383
y_hat_train,TN,17,0.6005256724608727
y_hat_train,TN,17,0.9901551284233844
y_hat_train,TN,17,0.6434045630682518
y_hat_train,TN,17,0.5666850678104594
y_hat_train,TN,17,0.7208999429939046
y_hat_train,TN,17,0.5018262443323329
y_true_train,TN,17,1.012333333
y_true_train,TN,17,0.192
y_true_train,TN,17,0.931666667
y_true_train,TN,17,0.861905178
y_true_train,TN,17,0.013
y_true_train,TN,17,0.047
y_true_train,TN,17,0.665742231
y_true_train,TN,17,2.920666667
y_true_train,TN,17,0.716666667
y_true_train,TN,17,0.692333333
y_true_train,TN,17,0.832666667
y_true_train,TN,17,0.740333333
y_true_train,TN,17,0.44225616
y_true_train,TN,17,0.451333333
y_true_train,TN,17,0.436914199
y_true_train,TN,17,0.606508959
y_true_train,TN,17,0.346474193
y_true_train,TN,17,0.76339733
y_true_train,TN,17,0.854984357
y_true_train,TN,17,0.620333333
y_true_train,TN,17,0.517333333
y_true_train,TN,17,0.705
y_true_train,TN,17,0.919971979
y_true_train,TN,17,0.911333333
y_true_train,TN,17,0.007333333
y_true_train,TN,17,0.899333333
y_true_train,TN,17,0.910333333
y_true_train,TN,17,2.18
y_true_train,TN,17,3.817604111
y_true_train,TN,17,2.371333333
y_true_train,TN,17,0.480627835
y_true_train,TN,17,3.124333333
y_true_train,TN,17,0.56
y_true_train,TN,17,0.148
y_true_train,TN,17,1.194333333
y_true_train,TN,17,0.674666667
y_true_train,TN,17,0.699333333
y_true_train,TN,17,0.543
y_true_train,TN,17,0.718666667
y_true_test,TN,17,0.907253617
y_true_test,TN,17,0.311333333
y_true_test,TN,17,3.381691805
y_true_test,TN,17,0.761333333
y_true_test,TN,17,1.477
y_true_test,TN,17,1.058333333
y_true_test,TN,17,0.703
y_true_test,TN,17,0.516666667
y_true_test,TN,17,0.404
y_true_test,TN,17,0.890666667
y_true_test,TN,17,3.995
y_true_test,TN,17,0.647333333
y_true_test,TN,17,3.421333333
y_true_test,TN,17,0.761510981
y_true_test,TN,17,0.724333333
y_true_test,TN,17,0.481333333
y_true_test,TN,17,0.570666667
test_ind,TN,17,72.0
test_ind,TN,17,48.0
test_ind,TN,17,187.0
test_ind,TN,17,34.0
test_ind,TN,17,64.0
test_ind,TN,17,257.0
test_ind,TN,17,233.0
test_ind,TN,17,238.0
test_ind,TN,17,14.0
test_ind,TN,17,236.0
test_ind,TN,17,67.0
test_ind,TN,17,65.0
test_ind,TN,17,232.0
test_ind,TN,17,139.0
test_ind,TN,17,61.0
test_ind,TN,17,42.0
test_ind,TN,17,252.0
train_ind,TN,17,38.0
train_ind,TN,17,57.0
train_ind,TN,17,29.0
train_ind,TN,17,136.0
train_ind,TN,17,51.0
train_ind,TN,17,52.0
train_ind,TN,17,212.0
train_ind,TN,17,41.0
train_ind,TN,17,248.0
train_ind,TN,17,39.0
train_ind,TN,17,16.0
train_ind,TN,17,258.0
train_ind,TN,17,168.0
train_ind,TN,17,23.0
train_ind,TN,17,95.0
train_ind,TN,17,119.0
train_ind,TN,17,213.0
train_ind,TN,17,98.0
train_ind,TN,17,167.0
train_ind,TN,17,69.0
train_ind,TN,17,250.0
train_ind,TN,17,17.0
train_ind,TN,17,138.0
train_ind,TN,17,36.0
train_ind,TN,17,49.0
train_ind,TN,17,15.0
train_ind,TN,17,28.0
train_ind,TN,17,55.0
train_ind,TN,17,188.0
train_ind,TN,17,20.0
train_ind,TN,17,99.0
train_ind,TN,17,249.0
train_ind,TN,17,237.0
train_ind,TN,17,244.0
train_ind,TN,17,59.0
train_ind,TN,17,27.0
train_ind,TN,17,43.0
train_ind,TN,17,247.0
train_ind,TN,17,243.0
test_rsq,TN,17,0.8631576599884779
train_rsq,TN,17,0.9701882342311651
test_rmse,TN,17,0.41821566191654
train_rmse,TN,17,0.14320315505830372
test_mape,TN,17,27.946496110061403
train_mape,TN,17,99.17247177711397
n_comp,TN,17,9.0
y_hat_test,TN,18,3.3441715587019885
y_hat_test,TN,18,0.5044762941057689
y_hat_test,TN,18,0.11317291205555291
y_hat_test,TN,18,0.5956056059813829
y_hat_test,TN,18,0.8989964432858976
y_hat_test,TN,18,0.477908490148849
y_hat_test,TN,18,2.913394050341648
y_hat_test,TN,18,0.561096993922491
y_hat_test,TN,18,0.2983472350724996
y_hat_test,TN,18,1.9657556755336905
y_hat_test,TN,18,0.9627116428031278
y_hat_test,TN,18,0.6690218995592295
y_hat_test,TN,18,0.28455000669410435
y_hat_test,TN,18,1.1085577518118521
y_hat_test,TN,18,0.59093163609232
y_hat_test,TN,18,0.48985317585372173
y_hat_test,TN,18,0.6887542079581209
y_hat_train,TN,18,0.6845618914571487
y_hat_train,TN,18,2.114089729099076
y_hat_train,TN,18,0.5714520983293583
y_hat_train,TN,18,3.875569778608252
y_hat_train,TN,18,0.6088942777040516
y_hat_train,TN,18,0.4097929162418077
y_hat_train,TN,18,0.45273845340479757
y_hat_train,TN,18,0.325013604681866
y_hat_train,TN,18,0.8888441278858542
y_hat_train,TN,18,0.30969897060014906
y_hat_train,TN,18,0.04199501393013272
y_hat_train,TN,18,0.4782025360995732
y_hat_train,TN,18,2.8866515330607756
y_hat_train,TN,18,0.7319293675553293
y_hat_train,TN,18,0.6404302702105389
y_hat_train,TN,18,0.6036136637406386
y_hat_train,TN,18,0.5697976701085614
y_hat_train,TN,18,0.9482533164750361
y_hat_train,TN,18,0.5303847886834467
y_hat_train,TN,18,0.7865414960959585
y_hat_train,TN,18,0.7776302910584332
y_hat_train,TN,18,2.284952523944464
y_hat_train,TN,18,0.6735078346650125
y_hat_train,TN,18,1.2706129426426238
y_hat_train,TN,18,0.7537718217177635
y_hat_train,TN,18,0.7024184581728152
y_hat_train,TN,18,0.3937073713938778
y_hat_train,TN,18,0.5336937722301751
y_hat_train,TN,18,0.155056012490136
y_hat_train,TN,18,0.8906835192474507
y_hat_train,TN,18,1.4031098691007557
y_hat_train,TN,18,1.0142126991185878
y_hat_train,TN,18,0.9107883679243289
y_hat_train,TN,18,0.8576824031826956
y_hat_train,TN,18,0.34784881654263355
y_hat_train,TN,18,0.7155630815306465
y_hat_train,TN,18,0.6186623754828813
y_hat_train,TN,18,0.10403868883131573
y_hat_train,TN,18,3.406059313751045
y_true_train,TN,18,0.665742231
y_true_train,TN,18,2.18
y_true_train,TN,18,0.620333333
y_true_train,TN,18,3.817604111
y_true_train,TN,18,0.699333333
y_true_train,TN,18,0.718666667
y_true_train,TN,18,0.346474193
y_true_train,TN,18,0.436914199
y_true_train,TN,18,0.761510981
y_true_train,TN,18,0.404
y_true_train,TN,18,0.013
y_true_train,TN,18,0.148
y_true_train,TN,18,2.920666667
y_true_train,TN,18,0.907253617
y_true_train,TN,18,0.703
y_true_train,TN,18,0.674666667
y_true_train,TN,18,0.481333333
y_true_train,TN,18,0.890666667
y_true_train,TN,18,0.761333333
y_true_train,TN,18,0.705
y_true_train,TN,18,0.899333333
y_true_train,TN,18,2.371333333
y_true_train,TN,18,0.854984357
y_true_train,TN,18,1.012333333
y_true_train,TN,18,0.911333333
y_true_train,TN,18,0.740333333
y_true_train,TN,18,0.192
y_true_train,TN,18,0.570666667
y_true_train,TN,18,0.007333333
y_true_train,TN,18,0.919971979
y_true_train,TN,18,1.477
y_true_train,TN,18,0.931666667
y_true_train,TN,18,0.832666667
y_true_train,TN,18,0.716666667
y_true_train,TN,18,0.516666667
y_true_train,TN,18,0.543
y_true_train,TN,18,0.451333333
y_true_train,TN,18,0.047
y_true_train,TN,18,3.421333333
y_true_test,TN,18,3.995
y_true_test,TN,18,0.692333333
y_true_test,TN,18,0.56
y_true_test,TN,18,0.76339733
y_true_test,TN,18,0.861905178
y_true_test,TN,18,0.44225616
y_true_test,TN,18,3.124333333
y_true_test,TN,18,0.480627835
y_true_test,TN,18,0.311333333
y_true_test,TN,18,3.381691805
y_true_test,TN,18,1.058333333
y_true_test,TN,18,1.194333333
y_true_test,TN,18,0.606508959
y_true_test,TN,18,0.647333333
y_true_test,TN,18,0.517333333
y_true_test,TN,18,0.910333333
y_true_test,TN,18,0.724333333
test_ind,TN,18,67.0
test_ind,TN,18,39.0
test_ind,TN,18,237.0
test_ind,TN,18,98.0
test_ind,TN,18,136.0
test_ind,TN,18,168.0
test_ind,TN,18,249.0
test_ind,TN,18,99.0
test_ind,TN,18,48.0
test_ind,TN,18,187.0
test_ind,TN,18,257.0
test_ind,TN,18,59.0
test_ind,TN,18,119.0
test_ind,TN,18,65.0
test_ind,TN,18,250.0
test_ind,TN,18,28.0
test_ind,TN,18,61.0
train_ind,TN,18,212.0
train_ind,TN,18,55.0
train_ind,TN,18,69.0
train_ind,TN,18,188.0
train_ind,TN,18,43.0
train_ind,TN,18,243.0
train_ind,TN,18,213.0
train_ind,TN,18,95.0
train_ind,TN,18,139.0
train_ind,TN,18,14.0
train_ind,TN,18,51.0
train_ind,TN,18,244.0
train_ind,TN,18,41.0
train_ind,TN,18,72.0
train_ind,TN,18,233.0
train_ind,TN,18,27.0
train_ind,TN,18,42.0
train_ind,TN,18,236.0
train_ind,TN,18,34.0
train_ind,TN,18,17.0
train_ind,TN,18,15.0
train_ind,TN,18,20.0
train_ind,TN,18,167.0
train_ind,TN,18,38.0
train_ind,TN,18,36.0
train_ind,TN,18,258.0
train_ind,TN,18,57.0
train_ind,TN,18,252.0
train_ind,TN,18,49.0
train_ind,TN,18,138.0
train_ind,TN,18,64.0
train_ind,TN,18,29.0
train_ind,TN,18,16.0
train_ind,TN,18,248.0
train_ind,TN,18,238.0
train_ind,TN,18,247.0
train_ind,TN,18,23.0
train_ind,TN,18,52.0
train_ind,TN,18,232.0
test_rsq,TN,18,0.8284720849941375
train_rsq,TN,18,0.9744544984363029
test_rmse,TN,18,0.4557027541863976
train_rmse,TN,18,0.13641458164249162
test_mape,TN,18,27.633915725000634
train_mape,TN,18,82.10302498791592
n_comp,TN,18,9.0
y_hat_test,TN,19,0.6182281219433057
y_hat_test,TN,19,0.8927655814913427
y_hat_test,TN,19,2.918966817877674
y_hat_test,TN,19,0.12355785941476127
y_hat_test,TN,19,1.5184991042415175
y_hat_test,TN,19,0.5778090767740599
y_hat_test,TN,19,0.9661095886296749
y_hat_test,TN,19,0.6507903465738845
y_hat_test,TN,19,2.918940770916687
y_hat_test,TN,19,2.2068129948860022
y_hat_test,TN,19,2.581723454092698
y_hat_test,TN,19,0.6591423226446711
y_hat_test,TN,19,0.3199403764478824
y_hat_test,TN,19,2.4767902141332936
y_hat_test,TN,19,0.5081816230341135
y_hat_test,TN,19,1.2481912880938986
y_hat_test,TN,19,0.47249547653884405
y_hat_train,TN,19,0.70656884593932
y_hat_train,TN,19,0.6354615408214364
y_hat_train,TN,19,0.35363701679215753
y_hat_train,TN,19,0.9223285605740215
y_hat_train,TN,19,0.4164673988300248
y_hat_train,TN,19,1.154185208140229
y_hat_train,TN,19,0.7221131695402186
y_hat_train,TN,19,0.7774574077146492
y_hat_train,TN,19,0.5683072639055794
y_hat_train,TN,19,0.4470811756202915
y_hat_train,TN,19,0.6859929015191547
y_hat_train,TN,19,0.20710051921376305
y_hat_train,TN,19,0.8173033123237029
y_hat_train,TN,19,0.3353604499273797
y_hat_train,TN,19,1.0331177826504494
y_hat_train,TN,19,0.4389644493905941
y_hat_train,TN,19,2.1698027628654883
y_hat_train,TN,19,0.7145337374298102
y_hat_train,TN,19,1.2182394271861436
y_hat_train,TN,19,0.47620128698354075
y_hat_train,TN,19,0.8559837406349636
y_hat_train,TN,19,0.227589384367763
y_hat_train,TN,19,0.6071076266236677
y_hat_train,TN,19,3.7986703111593965
y_hat_train,TN,19,0.9905869994966415
y_hat_train,TN,19,0.6616825722856353
y_hat_train,TN,19,0.8520000868287537
y_hat_train,TN,19,0.6103819981951035
y_hat_train,TN,19,0.5226535868749462
y_hat_train,TN,19,1.0235744053007996
y_hat_train,TN,19,1.060813210464957
y_hat_train,TN,19,0.42904563200060186
y_hat_train,TN,19,0.6845599353855655
y_hat_train,TN,19,0.2665648963744298
y_hat_train,TN,19,0.6122557109733552
y_hat_train,TN,19,0.9668226129934554
y_hat_train,TN,19,0.5157291229300629
y_hat_train,TN,19,0.3741427799438722
y_hat_train,TN,19,0.27471312579808604
y_true_train,TN,19,0.703
y_true_train,TN,19,0.620333333
y_true_train,TN,19,0.404
y_true_train,TN,19,0.647333333
y_true_train,TN,19,0.148
y_true_train,TN,19,0.931666667
y_true_train,TN,19,0.724333333
y_true_train,TN,19,0.705
y_true_train,TN,19,0.606508959
y_true_train,TN,19,0.718666667
y_true_train,TN,19,0.740333333
y_true_train,TN,19,0.007333333
y_true_train,TN,19,0.907253617
y_true_train,TN,19,0.44225616
y_true_train,TN,19,0.890666667
y_true_train,TN,19,0.192
y_true_train,TN,19,2.371333333
y_true_train,TN,19,0.854984357
y_true_train,TN,19,1.012333333
y_true_train,TN,19,0.761333333
y_true_train,TN,19,0.910333333
y_true_train,TN,19,0.311333333
y_true_train,TN,19,0.699333333
y_true_train,TN,19,3.817604111
y_true_train,TN,19,1.058333333
y_true_train,TN,19,0.543
y_true_train,TN,19,0.861905178
y_true_train,TN,19,0.451333333
y_true_train,TN,19,0.517333333
y_true_train,TN,19,1.194333333
y_true_train,TN,19,0.832666667
y_true_train,TN,19,0.480627835
y_true_train,TN,19,0.911333333
y_true_train,TN,19,0.047
y_true_train,TN,19,0.665742231
y_true_train,TN,19,0.919971979
y_true_train,TN,19,0.570666667
y_true_train,TN,19,0.516666667
y_true_train,TN,19,0.436914199
y_true_test,TN,19,0.674666667
y_true_test,TN,19,0.716666667
y_true_test,TN,19,3.995
y_true_test,TN,19,0.56
y_true_test,TN,19,3.381691805
y_true_test,TN,19,0.76339733
y_true_test,TN,19,0.761510981
y_true_test,TN,19,0.346474193
y_true_test,TN,19,3.421333333
y_true_test,TN,19,2.18
y_true_test,TN,19,3.124333333
y_true_test,TN,19,0.481333333
y_true_test,TN,19,0.013
y_true_test,TN,19,2.920666667
y_true_test,TN,19,0.899333333
y_true_test,TN,19,1.477
y_true_test,TN,19,0.692333333
test_ind,TN,19,27.0
test_ind,TN,19,248.0
test_ind,TN,19,67.0
test_ind,TN,19,237.0
test_ind,TN,19,187.0
test_ind,TN,19,98.0
test_ind,TN,19,139.0
test_ind,TN,19,213.0
test_ind,TN,19,232.0
test_ind,TN,19,55.0
test_ind,TN,19,249.0
test_ind,TN,19,42.0
test_ind,TN,19,51.0
test_ind,TN,19,41.0
test_ind,TN,19,15.0
test_ind,TN,19,64.0
test_ind,TN,19,39.0
train_ind,TN,19,233.0
train_ind,TN,19,69.0
train_ind,TN,19,14.0
train_ind,TN,19,65.0
train_ind,TN,19,244.0
train_ind,TN,19,29.0
train_ind,TN,19,61.0
train_ind,TN,19,17.0
train_ind,TN,19,119.0
train_ind,TN,19,243.0
train_ind,TN,19,258.0
train_ind,TN,19,49.0
train_ind,TN,19,72.0
train_ind,TN,19,168.0
train_ind,TN,19,236.0
train_ind,TN,19,57.0
train_ind,TN,19,20.0
train_ind,TN,19,167.0
train_ind,TN,19,38.0
train_ind,TN,19,34.0
train_ind,TN,19,28.0
train_ind,TN,19,48.0
train_ind,TN,19,43.0
train_ind,TN,19,188.0
train_ind,TN,19,257.0
train_ind,TN,19,247.0
train_ind,TN,19,136.0
train_ind,TN,19,23.0
train_ind,TN,19,250.0
train_ind,TN,19,59.0
train_ind,TN,19,16.0
train_ind,TN,19,99.0
train_ind,TN,19,36.0
train_ind,TN,19,52.0
train_ind,TN,19,212.0
train_ind,TN,19,138.0
train_ind,TN,19,252.0
train_ind,TN,19,238.0
train_ind,TN,19,95.0
test_rsq,TN,19,0.7755531820577188
train_rsq,TN,19,0.9401864986626954
test_rmse,TN,19,0.6013222416100141
train_rmse,TN,19,0.15269316076247472
test_mape,TN,19,168.77370125922351
train_mape,TN,19,103.97108430792161
n_comp,TN,19,8.0
y_hat_test,Phosphate-P,0,0.40965143543943433
y_hat_test,Phosphate-P,0,0.3892301421323565
y_hat_test,Phosphate-P,0,0.3865259839159423
y_hat_test,Phosphate-P,0,0.2268850505024017
y_hat_test,Phosphate-P,0,0.4060700827695349
y_hat_test,Phosphate-P,0,0.40596185074972796
y_hat_test,Phosphate-P,0,0.008629789715093317
y_hat_test,Phosphate-P,0,0.4368685301788206
y_hat_test,Phosphate-P,0,0.27204625204371424
y_hat_test,Phosphate-P,0,0.18575986688750107
y_hat_test,Phosphate-P,0,0.12956049401467387
y_hat_test,Phosphate-P,0,0.23881337113337334
y_hat_test,Phosphate-P,0,0.41988725431329943
y_hat_test,Phosphate-P,0,0.0913437269839264
y_hat_test,Phosphate-P,0,0.33047985710263067
y_hat_test,Phosphate-P,0,0.11007559374319553
y_hat_test,Phosphate-P,0,0.30599760905331874
y_hat_test,Phosphate-P,0,0.45167341211441187
y_hat_test,Phosphate-P,0,0.25672451287679937
y_hat_test,Phosphate-P,0,0.19882297033174007
y_hat_test,Phosphate-P,0,0.12119945807929142
y_hat_test,Phosphate-P,0,0.4619129210918317
y_hat_test,Phosphate-P,0,0.34166934687197015
y_hat_test,Phosphate-P,0,0.3617985282506696
y_hat_test,Phosphate-P,0,0.32719343913276105
y_hat_test,Phosphate-P,0,0.4104036415433727
y_hat_test,Phosphate-P,0,0.2955060689466716
y_hat_test,Phosphate-P,0,0.24310754443587876
y_hat_test,Phosphate-P,0,0.3828273102601542
y_hat_test,Phosphate-P,0,0.20563902508010384
y_hat_test,Phosphate-P,0,0.5483927066740513
y_hat_test,Phosphate-P,0,0.5303715404934527
y_hat_test,Phosphate-P,0,0.17226181374939598
y_hat_test,Phosphate-P,0,-0.001735885595747777
y_hat_test,Phosphate-P,0,0.4288621657273951
y_hat_test,Phosphate-P,0,0.1826443116577069
y_hat_test,Phosphate-P,0,0.25371494535845535
y_hat_test,Phosphate-P,0,0.46295044670044216
y_hat_test,Phosphate-P,0,0.21487603332917762
y_hat_test,Phosphate-P,0,0.46208412393066145
y_hat_test,Phosphate-P,0,0.3599180777257822
y_hat_test,Phosphate-P,0,0.09213346339613337
y_hat_test,Phosphate-P,0,-0.009955949163752309
y_hat_test,Phosphate-P,0,0.28486607950497617
y_hat_test,Phosphate-P,0,0.24077208476603496
y_hat_test,Phosphate-P,0,0.1895266306505458
y_hat_test,Phosphate-P,0,0.3181295278502727
y_hat_test,Phosphate-P,0,0.32244395433925704
y_hat_test,Phosphate-P,0,0.21124670683146993
y_hat_test,Phosphate-P,0,0.21765847504286928
y_hat_test,Phosphate-P,0,0.027639342248070048
y_hat_test,Phosphate-P,0,0.4026792844630317
y_hat_test,Phosphate-P,0,0.2575793525171139
y_hat_test,Phosphate-P,0,0.17077459351327506
y_hat_test,Phosphate-P,0,0.4946186339730563
y_hat_test,Phosphate-P,0,0.33312733574845904
y_hat_test,Phosphate-P,0,0.4048558761001462
y_hat_test,Phosphate-P,0,0.19648160814050092
y_hat_train,Phosphate-P,0,0.19862847530474598
y_hat_train,Phosphate-P,0,0.29936204667539135
y_hat_train,Phosphate-P,0,0.2373810997238656
y_hat_train,Phosphate-P,0,0.09367422830144895
y_hat_train,Phosphate-P,0,0.5105823236593048
y_hat_train,Phosphate-P,0,0.01861871360919809
y_hat_train,Phosphate-P,0,0.2801426376323343
y_hat_train,Phosphate-P,0,0.22183493952149533
y_hat_train,Phosphate-P,0,0.1294285456634233
y_hat_train,Phosphate-P,0,0.33652910150809834
y_hat_train,Phosphate-P,0,0.0822118129918758
y_hat_train,Phosphate-P,0,0.3610579569216754
y_hat_train,Phosphate-P,0,0.1786844900511474
y_hat_train,Phosphate-P,0,0.056883334400338825
y_hat_train,Phosphate-P,0,0.29896809456979
y_hat_train,Phosphate-P,0,0.3640242143404432
y_hat_train,Phosphate-P,0,0.13846048686807572
y_hat_train,Phosphate-P,0,0.33886589147413676
y_hat_train,Phosphate-P,0,0.41834720873684195
y_hat_train,Phosphate-P,0,0.008554125198905083
y_hat_train,Phosphate-P,0,0.29558275770395537
y_hat_train,Phosphate-P,0,0.32612450657234554
y_hat_train,Phosphate-P,0,0.22597532552254057
y_hat_train,Phosphate-P,0,0.21823309720744344
y_hat_train,Phosphate-P,0,0.3173342852376684
y_hat_train,Phosphate-P,0,0.1074378934094449
y_hat_train,Phosphate-P,0,0.5701644018220324
y_hat_train,Phosphate-P,0,0.3190598454474142
y_hat_train,Phosphate-P,0,0.24793414600124428
y_hat_train,Phosphate-P,0,0.45849771906187764
y_hat_train,Phosphate-P,0,0.13577240427664244
y_hat_train,Phosphate-P,0,0.14830545426156805
y_hat_train,Phosphate-P,0,0.39720613598854715
y_hat_train,Phosphate-P,0,0.09088941582169019
y_hat_train,Phosphate-P,0,0.30062581378204206
y_hat_train,Phosphate-P,0,-0.033479425117757644
y_hat_train,Phosphate-P,0,0.07781168918069153
y_hat_train,Phosphate-P,0,0.34171231324298473
y_hat_train,Phosphate-P,0,0.3906090643216509
y_hat_train,Phosphate-P,0,0.24757343029241638
y_hat_train,Phosphate-P,0,0.18881558339060928
y_hat_train,Phosphate-P,0,0.47299784215830887
y_hat_train,Phosphate-P,0,0.4432563084476293
y_hat_train,Phosphate-P,0,0.3156594881680238
y_hat_train,Phosphate-P,0,0.29040542370496925
y_hat_train,Phosphate-P,0,0.36090587848016376
y_hat_train,Phosphate-P,0,0.4499746243524816
y_hat_train,Phosphate-P,0,0.26647378353722995
y_hat_train,Phosphate-P,0,0.359565850129262
y_hat_train,Phosphate-P,0,0.6356508368783613
y_hat_train,Phosphate-P,0,0.24676162114968272
y_hat_train,Phosphate-P,0,0.41879717922632254
y_hat_train,Phosphate-P,0,0.24918538578310534
y_hat_train,Phosphate-P,0,0.5362830317556158
y_hat_train,Phosphate-P,0,0.2834112405740691
y_hat_train,Phosphate-P,0,0.14495052523624902
y_hat_train,Phosphate-P,0,0.1788337933590764
y_hat_train,Phosphate-P,0,0.249946720127334
y_hat_train,Phosphate-P,0,0.11198789195469427
y_hat_train,Phosphate-P,0,0.2607473167920977
y_hat_train,Phosphate-P,0,0.2167538460106792
y_hat_train,Phosphate-P,0,0.5581870937761467
y_hat_train,Phosphate-P,0,0.23591142522381547
y_hat_train,Phosphate-P,0,0.15602247509069836
y_hat_train,Phosphate-P,0,0.30894638386790374
y_hat_train,Phosphate-P,0,0.4113471102781395
y_hat_train,Phosphate-P,0,0.36532582135146574
y_hat_train,Phosphate-P,0,0.41280427925869007
y_hat_train,Phosphate-P,0,0.4232145069476777
y_hat_train,Phosphate-P,0,0.3092202199736705
y_hat_train,Phosphate-P,0,0.0356395807781813
y_hat_train,Phosphate-P,0,0.08871860821487804
y_hat_train,Phosphate-P,0,0.1971181236626851
y_hat_train,Phosphate-P,0,0.4361348459484562
y_hat_train,Phosphate-P,0,0.07087532751106698
y_hat_train,Phosphate-P,0,0.41275516836006465
y_hat_train,Phosphate-P,0,-0.06993300573894556
y_hat_train,Phosphate-P,0,0.2783210093172869
y_hat_train,Phosphate-P,0,0.2691903675796337
y_hat_train,Phosphate-P,0,0.18940656403337036
y_hat_train,Phosphate-P,0,0.2935569361127175
y_hat_train,Phosphate-P,0,0.12282238902594875
y_hat_train,Phosphate-P,0,0.1983447388075287
y_hat_train,Phosphate-P,0,0.25862674019032705
y_hat_train,Phosphate-P,0,0.4531299843272315
y_hat_train,Phosphate-P,0,0.25767318582630727
y_hat_train,Phosphate-P,0,0.29689749498081114
y_hat_train,Phosphate-P,0,0.02121769919095612
y_hat_train,Phosphate-P,0,0.10442406007612964
y_hat_train,Phosphate-P,0,0.40603649641441375
y_hat_train,Phosphate-P,0,0.3544062569604407
y_hat_train,Phosphate-P,0,0.10051799348799201
y_hat_train,Phosphate-P,0,0.29451319903581413
y_hat_train,Phosphate-P,0,0.14781618133724372
y_hat_train,Phosphate-P,0,0.25330165667517757
y_hat_train,Phosphate-P,0,0.47305506598705216
y_hat_train,Phosphate-P,0,0.5767384468649788
y_hat_train,Phosphate-P,0,0.45595052993608787
y_hat_train,Phosphate-P,0,0.12391057700219432
y_hat_train,Phosphate-P,0,0.19507034007174892
y_hat_train,Phosphate-P,0,0.3995932349996326
y_hat_train,Phosphate-P,0,0.2913299623109598
y_hat_train,Phosphate-P,0,0.25313854094843874
y_hat_train,Phosphate-P,0,0.38966645340551664
y_hat_train,Phosphate-P,0,0.19514777346921325
y_hat_train,Phosphate-P,0,-0.06804334032034193
y_hat_train,Phosphate-P,0,0.341003611633961
y_hat_train,Phosphate-P,0,0.3626167506352558
y_hat_train,Phosphate-P,0,0.1919589802571579
y_hat_train,Phosphate-P,0,0.2674652354465753
y_hat_train,Phosphate-P,0,0.15320192242620884
y_hat_train,Phosphate-P,0,0.5785460161455358
y_hat_train,Phosphate-P,0,0.42123960548531786
y_hat_train,Phosphate-P,0,0.09614784939145918
y_hat_train,Phosphate-P,0,0.27303969908658926
y_hat_train,Phosphate-P,0,0.2858251743694167
y_hat_train,Phosphate-P,0,0.3229745863588006
y_hat_train,Phosphate-P,0,0.08784381651534592
y_hat_train,Phosphate-P,0,0.2241066730911464
y_hat_train,Phosphate-P,0,0.17328330919645485
y_hat_train,Phosphate-P,0,0.3060916937104913
y_hat_train,Phosphate-P,0,0.41818034098048684
y_hat_train,Phosphate-P,0,-0.00600943851786212
y_hat_train,Phosphate-P,0,0.40882996923601383
y_hat_train,Phosphate-P,0,0.17843524634147215
y_hat_train,Phosphate-P,0,0.020551363015518853
y_hat_train,Phosphate-P,0,0.3458557389439853
y_hat_train,Phosphate-P,0,0.1878041955909332
y_hat_train,Phosphate-P,0,0.3998298341445223
y_hat_train,Phosphate-P,0,0.5576307565446506
y_hat_train,Phosphate-P,0,0.22098721071110328
y_hat_train,Phosphate-P,0,0.5260300449351059
y_hat_train,Phosphate-P,0,0.6502709913600002
y_true_train,Phosphate-P,0,0.338333333
y_true_train,Phosphate-P,0,0.166804647
y_true_train,Phosphate-P,0,0.398
y_true_train,Phosphate-P,0,0.089
y_true_train,Phosphate-P,0,0.619333333
y_true_train,Phosphate-P,0,0.03695
y_true_train,Phosphate-P,0,0.416666667
y_true_train,Phosphate-P,0,0.081666667
y_true_train,Phosphate-P,0,0.052333333
y_true_train,Phosphate-P,0,0.15785
y_true_train,Phosphate-P,0,0.08955
y_true_train,Phosphate-P,0,0.108666667
y_true_train,Phosphate-P,0,0.07185
y_true_train,Phosphate-P,0,0.061333333
y_true_train,Phosphate-P,0,0.2953
y_true_train,Phosphate-P,0,0.30041
y_true_train,Phosphate-P,0,0.51
y_true_train,Phosphate-P,0,0.11203
y_true_train,Phosphate-P,0,0.470497874
y_true_train,Phosphate-P,0,0.068
y_true_train,Phosphate-P,0,0.264
y_true_train,Phosphate-P,0,0.104333333
y_true_train,Phosphate-P,0,0.11770379
y_true_train,Phosphate-P,0,0.163838414
y_true_train,Phosphate-P,0,0.07105
y_true_train,Phosphate-P,0,0.15989332
y_true_train,Phosphate-P,0,0.866544347
y_true_train,Phosphate-P,0,0.153666667
y_true_train,Phosphate-P,0,0.34
y_true_train,Phosphate-P,0,0.495666667
y_true_train,Phosphate-P,0,0.136666667
y_true_train,Phosphate-P,0,0.078333333
y_true_train,Phosphate-P,0,0.691666667
y_true_train,Phosphate-P,0,0.058
y_true_train,Phosphate-P,0,0.54935
y_true_train,Phosphate-P,0,0.108
y_true_train,Phosphate-P,0,0.04722
y_true_train,Phosphate-P,0,0.104236832
y_true_train,Phosphate-P,0,0.271013196
y_true_train,Phosphate-P,0,0.098333333
y_true_train,Phosphate-P,0,0.12965646
y_true_train,Phosphate-P,0,0.70909
y_true_train,Phosphate-P,0,0.46794
y_true_train,Phosphate-P,0,0.42907
y_true_train,Phosphate-P,0,0.166804647
y_true_train,Phosphate-P,0,0.36584
y_true_train,Phosphate-P,0,0.528
y_true_train,Phosphate-P,0,0.59085
y_true_train,Phosphate-P,0,0.750333333
y_true_train,Phosphate-P,0,0.728666667
y_true_train,Phosphate-P,0,0.0512
y_true_train,Phosphate-P,0,0.53977
y_true_train,Phosphate-P,0,0.1692
y_true_train,Phosphate-P,0,0.116706814
y_true_train,Phosphate-P,0,0.338333333
y_true_train,Phosphate-P,0,0.078333333
y_true_train,Phosphate-P,0,0.120092955
y_true_train,Phosphate-P,0,0.531
y_true_train,Phosphate-P,0,0.090333333
y_true_train,Phosphate-P,0,0.284666667
y_true_train,Phosphate-P,0,0.167
y_true_train,Phosphate-P,0,0.67654
y_true_train,Phosphate-P,0,0.457286778
y_true_train,Phosphate-P,0,0.200780147
y_true_train,Phosphate-P,0,0.152333333
y_true_train,Phosphate-P,0,0.406666667
y_true_train,Phosphate-P,0,0.24417
y_true_train,Phosphate-P,0,0.708
y_true_train,Phosphate-P,0,0.880333333
y_true_train,Phosphate-P,0,0.19012
y_true_train,Phosphate-P,0,0.091666667
y_true_train,Phosphate-P,0,0.061333333
y_true_train,Phosphate-P,0,0.546666667
y_true_train,Phosphate-P,0,0.03864
y_true_train,Phosphate-P,0,0.05293
y_true_train,Phosphate-P,0,0.150156265
y_true_train,Phosphate-P,0,0.06773
y_true_train,Phosphate-P,0,0.27718
y_true_train,Phosphate-P,0,0.40176
y_true_train,Phosphate-P,0,0.466666667
y_true_train,Phosphate-P,0,0.41883
y_true_train,Phosphate-P,0,0.158333333
y_true_train,Phosphate-P,0,0.12965646
y_true_train,Phosphate-P,0,0.116706814
y_true_train,Phosphate-P,0,0.996333333
y_true_train,Phosphate-P,0,0.156
y_true_train,Phosphate-P,0,0.36624
y_true_train,Phosphate-P,0,0.089
y_true_train,Phosphate-P,0,0.187666667
y_true_train,Phosphate-P,0,0.588000088
y_true_train,Phosphate-P,0,0.089333333
y_true_train,Phosphate-P,0,0.082
y_true_train,Phosphate-P,0,0.05119
y_true_train,Phosphate-P,0,0.16336
y_true_train,Phosphate-P,0,0.34749
y_true_train,Phosphate-P,0,0.114
y_true_train,Phosphate-P,0,0.72154
y_true_train,Phosphate-P,0,0.554333333
y_true_train,Phosphate-P,0,0.081
y_true_train,Phosphate-P,0,0.229333333
y_true_train,Phosphate-P,0,0.48344
y_true_train,Phosphate-P,0,0.415
y_true_train,Phosphate-P,0,0.078
y_true_train,Phosphate-P,0,0.239333333
y_true_train,Phosphate-P,0,0.0686
y_true_train,Phosphate-P,0,0.05571
y_true_train,Phosphate-P,0,0.132
y_true_train,Phosphate-P,0,0.11026
y_true_train,Phosphate-P,0,0.14617
y_true_train,Phosphate-P,0,0.107666667
y_true_train,Phosphate-P,0,0.076666667
y_true_train,Phosphate-P,0,0.890825762
y_true_train,Phosphate-P,0,0.11929
y_true_train,Phosphate-P,0,0.09747
y_true_train,Phosphate-P,0,0.098666667
y_true_train,Phosphate-P,0,0.132
y_true_train,Phosphate-P,0,0.189666667
y_true_train,Phosphate-P,0,0.228333333
y_true_train,Phosphate-P,0,0.221333333
y_true_train,Phosphate-P,0,0.089
y_true_train,Phosphate-P,0,0.34249
y_true_train,Phosphate-P,0,0.562333333
y_true_train,Phosphate-P,0,0.08157
y_true_train,Phosphate-P,0,0.55
y_true_train,Phosphate-P,0,0.10434
y_true_train,Phosphate-P,0,0.10184
y_true_train,Phosphate-P,0,0.05276
y_true_train,Phosphate-P,0,0.06315
y_true_train,Phosphate-P,0,0.168488244
y_true_train,Phosphate-P,0,0.69042
y_true_train,Phosphate-P,0,0.09725
y_true_train,Phosphate-P,0,0.42907
y_true_train,Phosphate-P,0,0.757333333
y_true_test,Phosphate-P,0,0.6755
y_true_test,Phosphate-P,0,0.728098185
y_true_test,Phosphate-P,0,0.073666667
y_true_test,Phosphate-P,0,0.14079
y_true_test,Phosphate-P,0,0.131
y_true_test,Phosphate-P,0,0.55
y_true_test,Phosphate-P,0,0.05315
y_true_test,Phosphate-P,0,0.124666667
y_true_test,Phosphate-P,0,0.110666667
y_true_test,Phosphate-P,0,0.05031
y_true_test,Phosphate-P,0,0.092
y_true_test,Phosphate-P,0,0.08433
y_true_test,Phosphate-P,0,0.158
y_true_test,Phosphate-P,0,0.336
y_true_test,Phosphate-P,0,0.06581
y_true_test,Phosphate-P,0,0.088
y_true_test,Phosphate-P,0,0.07735
y_true_test,Phosphate-P,0,0.67156
y_true_test,Phosphate-P,0,0.123
y_true_test,Phosphate-P,0,0.613333333
y_true_test,Phosphate-P,0,0.22296
y_true_test,Phosphate-P,0,0.094
y_true_test,Phosphate-P,0,0.527
y_true_test,Phosphate-P,0,0.119
y_true_test,Phosphate-P,0,0.09
y_true_test,Phosphate-P,0,0.191666667
y_true_test,Phosphate-P,0,0.271013196
y_true_test,Phosphate-P,0,0.264
y_true_test,Phosphate-P,0,0.817666667
y_true_test,Phosphate-P,0,0.05799
y_true_test,Phosphate-P,0,0.727666667
y_true_test,Phosphate-P,0,0.631870027
y_true_test,Phosphate-P,0,0.106524044
y_true_test,Phosphate-P,0,0.16774969
y_true_test,Phosphate-P,0,0.336730892
y_true_test,Phosphate-P,0,0.18067
y_true_test,Phosphate-P,0,0.557
y_true_test,Phosphate-P,0,0.834333333
y_true_test,Phosphate-P,0,0.08646
y_true_test,Phosphate-P,0,0.10954
y_true_test,Phosphate-P,0,0.44981
y_true_test,Phosphate-P,0,0.08984
y_true_test,Phosphate-P,0,0.07329
y_true_test,Phosphate-P,0,0.08439
y_true_test,Phosphate-P,0,0.177
y_true_test,Phosphate-P,0,0.1027
y_true_test,Phosphate-P,0,0.38031
y_true_test,Phosphate-P,0,0.33558
y_true_test,Phosphate-P,0,0.686666667
y_true_test,Phosphate-P,0,0.44946521
y_true_test,Phosphate-P,0,0.102666667
y_true_test,Phosphate-P,0,0.086
y_true_test,Phosphate-P,0,0.06275
y_true_test,Phosphate-P,0,0.071
y_true_test,Phosphate-P,0,0.205603597
y_true_test,Phosphate-P,0,0.661834245
y_true_test,Phosphate-P,0,0.601333333
y_true_test,Phosphate-P,0,0.07112
test_ind,Phosphate-P,0,236.0
test_ind,Phosphate-P,0,145.0
test_ind,Phosphate-P,0,343.0
test_ind,Phosphate-P,0,211.0
test_ind,Phosphate-P,0,266.0
test_ind,Phosphate-P,0,142.0
test_ind,Phosphate-P,0,38.0
test_ind,Phosphate-P,0,268.0
test_ind,Phosphate-P,0,305.0
test_ind,Phosphate-P,0,14.0
test_ind,Phosphate-P,0,11.0
test_ind,Phosphate-P,0,252.0
test_ind,Phosphate-P,0,333.0
test_ind,Phosphate-P,0,353.0
test_ind,Phosphate-P,0,238.0
test_ind,Phosphate-P,0,323.0
test_ind,Phosphate-P,0,73.0
test_ind,Phosphate-P,0,137.0
test_ind,Phosphate-P,0,293.0
test_ind,Phosphate-P,0,295.0
test_ind,Phosphate-P,0,118.0
test_ind,Phosphate-P,0,311.0
test_ind,Phosphate-P,0,291.0
test_ind,Phosphate-P,0,381.0
test_ind,Phosphate-P,0,359.0
test_ind,Phosphate-P,0,324.0
test_ind,Phosphate-P,0,125.0
test_ind,Phosphate-P,0,122.0
test_ind,Phosphate-P,0,392.0
test_ind,Phosphate-P,0,67.0
test_ind,Phosphate-P,0,9.0
test_ind,Phosphate-P,0,104.0
test_ind,Phosphate-P,0,193.0
test_ind,Phosphate-P,0,80.0
test_ind,Phosphate-P,0,94.0
test_ind,Phosphate-P,0,52.0
test_ind,Phosphate-P,0,372.0
test_ind,Phosphate-P,0,298.0
test_ind,Phosphate-P,0,243.0
test_ind,Phosphate-P,0,15.0
test_ind,Phosphate-P,0,244.0
test_ind,Phosphate-P,0,188.0
test_ind,Phosphate-P,0,189.0
test_ind,Phosphate-P,0,249.0
test_ind,Phosphate-P,0,366.0
test_ind,Phosphate-P,0,237.0
test_ind,Phosphate-P,0,49.0
test_ind,Phosphate-P,0,61.0
test_ind,Phosphate-P,0,390.0
test_ind,Phosphate-P,0,123.0
test_ind,Phosphate-P,0,370.0
test_ind,Phosphate-P,0,265.0
test_ind,Phosphate-P,0,39.0
test_ind,Phosphate-P,0,306.0
test_ind,Phosphate-P,0,172.0
test_ind,Phosphate-P,0,103.0
test_ind,Phosphate-P,0,329.0
test_ind,Phosphate-P,0,34.0
train_ind,Phosphate-P,0,100.0
train_ind,Phosphate-P,0,175.0
train_ind,Phosphate-P,0,280.0
train_ind,Phosphate-P,0,76.0
train_ind,Phosphate-P,0,362.0
train_ind,Phosphate-P,0,43.0
train_ind,Phosphate-P,0,279.0
train_ind,Phosphate-P,0,278.0
train_ind,Phosphate-P,0,292.0
train_ind,Phosphate-P,0,169.0
train_ind,Phosphate-P,0,213.0
train_ind,Phosphate-P,0,332.0
train_ind,Phosphate-P,0,55.0
train_ind,Phosphate-P,0,191.0
train_ind,Phosphate-P,0,233.0
train_ind,Phosphate-P,0,95.0
train_ind,Phosphate-P,0,391.0
train_ind,Phosphate-P,0,212.0
train_ind,Phosphate-P,0,124.0
train_ind,Phosphate-P,0,6.0
train_ind,Phosphate-P,0,121.0
train_ind,Phosphate-P,0,300.0
train_ind,Phosphate-P,0,231.0
train_ind,Phosphate-P,0,79.0
train_ind,Phosphate-P,0,17.0
train_ind,Phosphate-P,0,192.0
train_ind,Phosphate-P,0,144.0
train_ind,Phosphate-P,0,386.0
train_ind,Phosphate-P,0,358.0
train_ind,Phosphate-P,0,262.0
train_ind,Phosphate-P,0,347.0
train_ind,Phosphate-P,0,216.0
train_ind,Phosphate-P,0,319.0
train_ind,Phosphate-P,0,385.0
train_ind,Phosphate-P,0,99.0
train_ind,Phosphate-P,0,2.0
train_ind,Phosphate-P,0,232.0
train_ind,Phosphate-P,0,194.0
train_ind,Phosphate-P,0,126.0
train_ind,Phosphate-P,0,287.0
train_ind,Phosphate-P,0,77.0
train_ind,Phosphate-P,0,140.0
train_ind,Phosphate-P,0,98.0
train_ind,Phosphate-P,0,97.0
train_ind,Phosphate-P,0,174.0
train_ind,Phosphate-P,0,27.0
train_ind,Phosphate-P,0,304.0
train_ind,Phosphate-P,0,48.0
train_ind,Phosphate-P,0,373.0
train_ind,Phosphate-P,0,269.0
train_ind,Phosphate-P,0,41.0
train_ind,Phosphate-P,0,29.0
train_ind,Phosphate-P,0,167.0
train_ind,Phosphate-P,0,219.0
train_ind,Phosphate-P,0,101.0
train_ind,Phosphate-P,0,215.0
train_ind,Phosphate-P,0,165.0
train_ind,Phosphate-P,0,8.0
train_ind,Phosphate-P,0,395.0
train_ind,Phosphate-P,0,339.0
train_ind,Phosphate-P,0,12.0
train_ind,Phosphate-P,0,139.0
train_ind,Phosphate-P,0,164.0
train_ind,Phosphate-P,0,173.0
train_ind,Phosphate-P,0,374.0
train_ind,Phosphate-P,0,260.0
train_ind,Phosphate-P,0,23.0
train_ind,Phosphate-P,0,341.0
train_ind,Phosphate-P,0,344.0
train_ind,Phosphate-P,0,28.0
train_ind,Phosphate-P,0,349.0
train_ind,Phosphate-P,0,190.0
train_ind,Phosphate-P,0,345.0
train_ind,Phosphate-P,0,20.0
train_ind,Phosphate-P,0,257.0
train_ind,Phosphate-P,0,217.0
train_ind,Phosphate-P,0,71.0
train_ind,Phosphate-P,0,119.0
train_ind,Phosphate-P,0,136.0
train_ind,Phosphate-P,0,3.0
train_ind,Phosphate-P,0,258.0
train_ind,Phosphate-P,0,326.0
train_ind,Phosphate-P,0,78.0
train_ind,Phosphate-P,0,220.0
train_ind,Phosphate-P,0,281.0
train_ind,Phosphate-P,0,398.0
train_ind,Phosphate-P,0,36.0
train_ind,Phosphate-P,0,74.0
train_ind,Phosphate-P,0,284.0
train_ind,Phosphate-P,0,102.0
train_ind,Phosphate-P,0,318.0
train_ind,Phosphate-P,0,274.0
train_ind,Phosphate-P,0,69.0
train_ind,Phosphate-P,0,57.0
train_ind,Phosphate-P,0,247.0
train_ind,Phosphate-P,0,320.0
train_ind,Phosphate-P,0,64.0
train_ind,Phosphate-P,0,338.0
train_ind,Phosphate-P,0,270.0
train_ind,Phosphate-P,0,351.0
train_ind,Phosphate-P,0,65.0
train_ind,Phosphate-P,0,302.0
train_ind,Phosphate-P,0,342.0
train_ind,Phosphate-P,0,312.0
train_ind,Phosphate-P,0,59.0
train_ind,Phosphate-P,0,214.0
train_ind,Phosphate-P,0,171.0
train_ind,Phosphate-P,0,168.0
train_ind,Phosphate-P,0,248.0
train_ind,Phosphate-P,0,315.0
train_ind,Phosphate-P,0,389.0
train_ind,Phosphate-P,0,143.0
train_ind,Phosphate-P,0,166.0
train_ind,Phosphate-P,0,51.0
train_ind,Phosphate-P,0,346.0
train_ind,Phosphate-P,0,170.0
train_ind,Phosphate-P,0,378.0
train_ind,Phosphate-P,0,365.0
train_ind,Phosphate-P,0,382.0
train_ind,Phosphate-P,0,75.0
train_ind,Phosphate-P,0,120.0
train_ind,Phosphate-P,0,299.0
train_ind,Phosphate-P,0,187.0
train_ind,Phosphate-P,0,141.0
train_ind,Phosphate-P,0,186.0
train_ind,Phosphate-P,0,72.0
train_ind,Phosphate-P,0,42.0
train_ind,Phosphate-P,0,16.0
train_ind,Phosphate-P,0,218.0
train_ind,Phosphate-P,0,138.0
train_ind,Phosphate-P,0,250.0
train_ind,Phosphate-P,0,96.0
train_ind,Phosphate-P,0,361.0
test_rsq,Phosphate-P,0,0.16657856916958058
train_rsq,Phosphate-P,0,0.4271055785430713
test_rmse,Phosphate-P,0,0.21994046546479734
train_rmse,Phosphate-P,0,0.17391183396873297
test_mape,Phosphate-P,0,121.6957511799339
train_mape,Phosphate-P,0,91.20354148924461
n_comp,Phosphate-P,0,8.0
y_hat_test,Phosphate-P,1,0.6510008603212051
y_hat_test,Phosphate-P,1,0.3808732900388245
y_hat_test,Phosphate-P,1,0.36301883618411424
y_hat_test,Phosphate-P,1,0.26563092042843073
y_hat_test,Phosphate-P,1,0.34471298341198947
y_hat_test,Phosphate-P,1,0.35892805323985055
y_hat_test,Phosphate-P,1,-0.30645665619483203
y_hat_test,Phosphate-P,1,0.4995859789421997
y_hat_test,Phosphate-P,1,0.08066936613084705
y_hat_test,Phosphate-P,1,-0.3651958493248168
y_hat_test,Phosphate-P,1,0.04563020866623724
y_hat_test,Phosphate-P,1,-0.008357037966332359
y_hat_test,Phosphate-P,1,0.6587591928714625
y_hat_test,Phosphate-P,1,0.23370359671989427
y_hat_test,Phosphate-P,1,0.10596187322321438
y_hat_test,Phosphate-P,1,0.095625111605949
y_hat_test,Phosphate-P,1,0.1175010372088425
y_hat_test,Phosphate-P,1,0.10800767398151057
y_hat_test,Phosphate-P,1,0.6260080229265789
y_hat_test,Phosphate-P,1,0.5257988809607951
y_hat_test,Phosphate-P,1,0.28108293762079994
y_hat_test,Phosphate-P,1,-0.1925865626656515
y_hat_test,Phosphate-P,1,0.4967920002980078
y_hat_test,Phosphate-P,1,0.42882511946699375
y_hat_test,Phosphate-P,1,0.27340560298184424
y_hat_test,Phosphate-P,1,0.5035264968297872
y_hat_test,Phosphate-P,1,0.5738063791788901
y_hat_test,Phosphate-P,1,0.3969508572240706
y_hat_test,Phosphate-P,1,0.339321594246458
y_hat_test,Phosphate-P,1,0.29672243532724496
y_hat_test,Phosphate-P,1,0.13679330851164864
y_hat_test,Phosphate-P,1,-0.08620830717414468
y_hat_test,Phosphate-P,1,-0.09100120814733959
y_hat_test,Phosphate-P,1,0.03256303741212535
y_hat_test,Phosphate-P,1,0.4288970625960866
y_hat_test,Phosphate-P,1,-0.3250046043607368
y_hat_test,Phosphate-P,1,0.11674079626836845
y_hat_test,Phosphate-P,1,0.23321840999029705
y_hat_test,Phosphate-P,1,0.19452750828747928
y_hat_test,Phosphate-P,1,0.10816255884459433
y_hat_test,Phosphate-P,1,0.026160594278651306
y_hat_test,Phosphate-P,1,0.4531679120883911
y_hat_test,Phosphate-P,1,0.25244788284914105
y_hat_test,Phosphate-P,1,0.25910181980414315
y_hat_test,Phosphate-P,1,-0.0497325265146652
y_hat_test,Phosphate-P,1,0.2683751125020305
y_hat_test,Phosphate-P,1,0.18560248205243057
y_hat_test,Phosphate-P,1,0.19626049598577108
y_hat_test,Phosphate-P,1,0.2558007679750072
y_hat_test,Phosphate-P,1,0.4265058691432978
y_hat_test,Phosphate-P,1,0.21032265621289933
y_hat_test,Phosphate-P,1,0.05002699095389812
y_hat_test,Phosphate-P,1,0.25506669666105364
y_hat_test,Phosphate-P,1,0.449004272982956
y_hat_test,Phosphate-P,1,0.5511353492614068
y_hat_test,Phosphate-P,1,-0.052009644532864274
y_hat_test,Phosphate-P,1,-0.14809287862662163
y_hat_test,Phosphate-P,1,0.5108329561715377
y_hat_train,Phosphate-P,1,0.5287711835854667
y_hat_train,Phosphate-P,1,0.09520471124585522
y_hat_train,Phosphate-P,1,0.22314994990237916
y_hat_train,Phosphate-P,1,0.09147015743167813
y_hat_train,Phosphate-P,1,0.06888871038105726
y_hat_train,Phosphate-P,1,0.15987759252427117
y_hat_train,Phosphate-P,1,0.01208901377073196
y_hat_train,Phosphate-P,1,0.22743327357819193
y_hat_train,Phosphate-P,1,0.3829838031493164
y_hat_train,Phosphate-P,1,0.24943507639477874
y_hat_train,Phosphate-P,1,0.30283652253942644
y_hat_train,Phosphate-P,1,0.2555315380549441
y_hat_train,Phosphate-P,1,0.39715007949535186
y_hat_train,Phosphate-P,1,0.11634137907565778
y_hat_train,Phosphate-P,1,0.0920541628898067
y_hat_train,Phosphate-P,1,0.7808801428803114
y_hat_train,Phosphate-P,1,0.174400948901213
y_hat_train,Phosphate-P,1,0.3686250952238108
y_hat_train,Phosphate-P,1,0.19165219361678484
y_hat_train,Phosphate-P,1,0.2372374770494151
y_hat_train,Phosphate-P,1,0.39039322512198804
y_hat_train,Phosphate-P,1,0.10553581238312917
y_hat_train,Phosphate-P,1,0.18442514247078903
y_hat_train,Phosphate-P,1,0.30893138614235915
y_hat_train,Phosphate-P,1,0.32111097437454345
y_hat_train,Phosphate-P,1,0.04529153859595361
y_hat_train,Phosphate-P,1,0.08259805433479475
y_hat_train,Phosphate-P,1,0.15347822837955952
y_hat_train,Phosphate-P,1,0.4315235201538108
y_hat_train,Phosphate-P,1,0.15906276882808068
y_hat_train,Phosphate-P,1,0.2094607234902019
y_hat_train,Phosphate-P,1,0.28532982482484515
y_hat_train,Phosphate-P,1,0.22292304975286129
y_hat_train,Phosphate-P,1,-0.03234809279008227
y_hat_train,Phosphate-P,1,0.15343022428817646
y_hat_train,Phosphate-P,1,0.03364387728849971
y_hat_train,Phosphate-P,1,0.3732865516895365
y_hat_train,Phosphate-P,1,0.35225670220943583
y_hat_train,Phosphate-P,1,0.7691605709901022
y_hat_train,Phosphate-P,1,0.18637837278780506
y_hat_train,Phosphate-P,1,0.33454202903718966
y_hat_train,Phosphate-P,1,0.10906704496357678
y_hat_train,Phosphate-P,1,0.17177608302884986
y_hat_train,Phosphate-P,1,0.33922000101838556
y_hat_train,Phosphate-P,1,0.33748246732344883
y_hat_train,Phosphate-P,1,0.7664178373031061
y_hat_train,Phosphate-P,1,0.11359194281512272
y_hat_train,Phosphate-P,1,0.07346889302476722
y_hat_train,Phosphate-P,1,0.07608098120332193
y_hat_train,Phosphate-P,1,0.3211294141045271
y_hat_train,Phosphate-P,1,0.4204101538197784
y_hat_train,Phosphate-P,1,0.5111694131069915
y_hat_train,Phosphate-P,1,0.007229677032914661
y_hat_train,Phosphate-P,1,0.014232350886886541
y_hat_train,Phosphate-P,1,0.42516439463751704
y_hat_train,Phosphate-P,1,0.3160673519051134
y_hat_train,Phosphate-P,1,0.5381232500371922
y_hat_train,Phosphate-P,1,0.08374445444327264
y_hat_train,Phosphate-P,1,0.22320179303434867
y_hat_train,Phosphate-P,1,0.34221755063757164
y_hat_train,Phosphate-P,1,0.22694779238794188
y_hat_train,Phosphate-P,1,0.5272172371787773
y_hat_train,Phosphate-P,1,0.5206771135572298
y_hat_train,Phosphate-P,1,0.04522054695655642
y_hat_train,Phosphate-P,1,0.23271017487130588
y_hat_train,Phosphate-P,1,0.14273047142503537
y_hat_train,Phosphate-P,1,0.2670449253589051
y_hat_train,Phosphate-P,1,0.13135950111028644
y_hat_train,Phosphate-P,1,0.1615935160725971
y_hat_train,Phosphate-P,1,0.16577485042089585
y_hat_train,Phosphate-P,1,0.4350357078568557
y_hat_train,Phosphate-P,1,0.5593503127109867
y_hat_train,Phosphate-P,1,0.17170041401823818
y_hat_train,Phosphate-P,1,0.209854542401973
y_hat_train,Phosphate-P,1,0.08416070156497718
y_hat_train,Phosphate-P,1,0.3800399696693458
y_hat_train,Phosphate-P,1,0.1813493963883947
y_hat_train,Phosphate-P,1,0.3414665650140866
y_hat_train,Phosphate-P,1,0.3517718115404279
y_hat_train,Phosphate-P,1,0.42399986455717664
y_hat_train,Phosphate-P,1,0.2313614745293398
y_hat_train,Phosphate-P,1,0.39751508808403935
y_hat_train,Phosphate-P,1,0.6360884307349068
y_hat_train,Phosphate-P,1,0.3811018254778473
y_hat_train,Phosphate-P,1,0.26936041903739794
y_hat_train,Phosphate-P,1,0.19692831658404997
y_hat_train,Phosphate-P,1,0.0779089743859086
y_hat_train,Phosphate-P,1,0.162886251614644
y_hat_train,Phosphate-P,1,0.24727082540096235
y_hat_train,Phosphate-P,1,0.426462929750151
y_hat_train,Phosphate-P,1,0.12085199075680697
y_hat_train,Phosphate-P,1,0.5665778904541612
y_hat_train,Phosphate-P,1,0.2062331394087971
y_hat_train,Phosphate-P,1,0.4566238393638224
y_hat_train,Phosphate-P,1,0.36477115737381566
y_hat_train,Phosphate-P,1,0.3734795812333547
y_hat_train,Phosphate-P,1,0.40888397536246024
y_hat_train,Phosphate-P,1,0.19248268052800296
y_hat_train,Phosphate-P,1,0.013255983454872194
y_hat_train,Phosphate-P,1,0.36582871585175086
y_hat_train,Phosphate-P,1,0.15257406906791135
y_hat_train,Phosphate-P,1,0.13014888819692474
y_hat_train,Phosphate-P,1,0.3801055072184708
y_hat_train,Phosphate-P,1,0.23873502384664141
y_hat_train,Phosphate-P,1,-0.07625867997820751
y_hat_train,Phosphate-P,1,0.4201108313716534
y_hat_train,Phosphate-P,1,0.3144952787813347
y_hat_train,Phosphate-P,1,-0.024172463659316912
y_hat_train,Phosphate-P,1,0.14238800453518077
y_hat_train,Phosphate-P,1,0.3952583959598077
y_hat_train,Phosphate-P,1,0.22151622383163166
y_hat_train,Phosphate-P,1,0.22934924302890902
y_hat_train,Phosphate-P,1,0.4638623273294977
y_hat_train,Phosphate-P,1,0.3057675899726155
y_hat_train,Phosphate-P,1,0.2202345476899374
y_hat_train,Phosphate-P,1,0.18462848337984217
y_hat_train,Phosphate-P,1,0.32391329645664196
y_hat_train,Phosphate-P,1,0.781510233688566
y_hat_train,Phosphate-P,1,0.23190785928942825
y_hat_train,Phosphate-P,1,0.1399388442665162
y_hat_train,Phosphate-P,1,-0.05319752709824621
y_hat_train,Phosphate-P,1,0.39746593579156153
y_hat_train,Phosphate-P,1,0.01291006413808743
y_hat_train,Phosphate-P,1,0.042765979310688346
y_hat_train,Phosphate-P,1,0.44908433344037124
y_hat_train,Phosphate-P,1,0.35189579715795766
y_hat_train,Phosphate-P,1,0.08609046852357488
y_hat_train,Phosphate-P,1,0.31270274925088426
y_hat_train,Phosphate-P,1,0.11861032041851216
y_hat_train,Phosphate-P,1,-0.033711907401372365
y_hat_train,Phosphate-P,1,0.6859016764593295
y_hat_train,Phosphate-P,1,0.40559694539002455
y_hat_train,Phosphate-P,1,0.17501298352480446
y_true_train,Phosphate-P,1,0.661834245
y_true_train,Phosphate-P,1,0.090333333
y_true_train,Phosphate-P,1,0.08433
y_true_train,Phosphate-P,1,0.089
y_true_train,Phosphate-P,1,0.16336
y_true_train,Phosphate-P,1,0.16774969
y_true_train,Phosphate-P,1,0.15989332
y_true_train,Phosphate-P,1,0.34749
y_true_train,Phosphate-P,1,0.554333333
y_true_train,Phosphate-P,1,0.150156265
y_true_train,Phosphate-P,1,0.24417
y_true_train,Phosphate-P,1,0.11770379
y_true_train,Phosphate-P,1,0.132
y_true_train,Phosphate-P,1,0.102666667
y_true_train,Phosphate-P,1,0.076666667
y_true_train,Phosphate-P,1,0.996333333
y_true_train,Phosphate-P,1,0.09725
y_true_train,Phosphate-P,1,0.36584
y_true_train,Phosphate-P,1,0.086
y_true_train,Phosphate-P,1,0.34
y_true_train,Phosphate-P,1,0.336730892
y_true_train,Phosphate-P,1,0.116706814
y_true_train,Phosphate-P,1,0.10184
y_true_train,Phosphate-P,1,0.191666667
y_true_train,Phosphate-P,1,0.152333333
y_true_train,Phosphate-P,1,0.071
y_true_train,Phosphate-P,1,0.1027
y_true_train,Phosphate-P,1,0.08984
y_true_train,Phosphate-P,1,0.817666667
y_true_train,Phosphate-P,1,0.08955
y_true_train,Phosphate-P,1,0.098666667
y_true_train,Phosphate-P,1,0.457286778
y_true_train,Phosphate-P,1,0.05276
y_true_train,Phosphate-P,1,0.061333333
y_true_train,Phosphate-P,1,0.153666667
y_true_train,Phosphate-P,1,0.068
y_true_train,Phosphate-P,1,0.55
y_true_train,Phosphate-P,1,0.166804647
y_true_train,Phosphate-P,1,0.757333333
y_true_train,Phosphate-P,1,0.167
y_true_train,Phosphate-P,1,0.557
y_true_train,Phosphate-P,1,0.108
y_true_train,Phosphate-P,1,0.239333333
y_true_train,Phosphate-P,1,0.11929
y_true_train,Phosphate-P,1,0.40176
y_true_train,Phosphate-P,1,0.631870027
y_true_train,Phosphate-P,1,0.08439
y_true_train,Phosphate-P,1,0.08157
y_true_train,Phosphate-P,1,0.05293
y_true_train,Phosphate-P,1,0.30041
y_true_train,Phosphate-P,1,0.470497874
y_true_train,Phosphate-P,1,0.728098185
y_true_train,Phosphate-P,1,0.061333333
y_true_train,Phosphate-P,1,0.088
y_true_train,Phosphate-P,1,0.527
y_true_train,Phosphate-P,1,0.10434
y_true_train,Phosphate-P,1,0.119
y_true_train,Phosphate-P,1,0.136666667
y_true_train,Phosphate-P,1,0.284666667
y_true_train,Phosphate-P,1,0.07105
y_true_train,Phosphate-P,1,0.05119
y_true_train,Phosphate-P,1,0.48344
y_true_train,Phosphate-P,1,0.619333333
y_true_train,Phosphate-P,1,0.089
y_true_train,Phosphate-P,1,0.205603597
y_true_train,Phosphate-P,1,0.107666667
y_true_train,Phosphate-P,1,0.156
y_true_train,Phosphate-P,1,0.07185
y_true_train,Phosphate-P,1,0.078333333
y_true_train,Phosphate-P,1,0.124666667
y_true_train,Phosphate-P,1,0.59085
y_true_train,Phosphate-P,1,0.728666667
y_true_train,Phosphate-P,1,0.06315
y_true_train,Phosphate-P,1,0.073666667
y_true_train,Phosphate-P,1,0.116706814
y_true_train,Phosphate-P,1,0.528
y_true_train,Phosphate-P,1,0.06581
y_true_train,Phosphate-P,1,0.189666667
y_true_train,Phosphate-P,1,0.271013196
y_true_train,Phosphate-P,1,0.53977
y_true_train,Phosphate-P,1,0.12965646
y_true_train,Phosphate-P,1,0.601333333
y_true_train,Phosphate-P,1,0.6755
y_true_train,Phosphate-P,1,0.15785
y_true_train,Phosphate-P,1,0.338333333
y_true_train,Phosphate-P,1,0.18067
y_true_train,Phosphate-P,1,0.120092955
y_true_train,Phosphate-P,1,0.163838414
y_true_train,Phosphate-P,1,0.38031
y_true_train,Phosphate-P,1,0.531
y_true_train,Phosphate-P,1,0.078
y_true_train,Phosphate-P,1,0.46794
y_true_train,Phosphate-P,1,0.089333333
y_true_train,Phosphate-P,1,0.398
y_true_train,Phosphate-P,1,0.221333333
y_true_train,Phosphate-P,1,0.33558
y_true_train,Phosphate-P,1,0.406666667
y_true_train,Phosphate-P,1,0.14617
y_true_train,Phosphate-P,1,0.091666667
y_true_train,Phosphate-P,1,0.10954
y_true_train,Phosphate-P,1,0.264
y_true_train,Phosphate-P,1,0.082
y_true_train,Phosphate-P,1,0.466666667
y_true_train,Phosphate-P,1,0.27718
y_true_train,Phosphate-P,1,0.03695
y_true_train,Phosphate-P,1,0.44946521
y_true_train,Phosphate-P,1,0.271013196
y_true_train,Phosphate-P,1,0.05031
y_true_train,Phosphate-P,1,0.51
y_true_train,Phosphate-P,1,0.104333333
y_true_train,Phosphate-P,1,0.166804647
y_true_train,Phosphate-P,1,0.14079
y_true_train,Phosphate-P,1,0.67654
y_true_train,Phosphate-P,1,0.54935
y_true_train,Phosphate-P,1,0.415
y_true_train,Phosphate-P,1,0.158
y_true_train,Phosphate-P,1,0.108666667
y_true_train,Phosphate-P,1,0.834333333
y_true_train,Phosphate-P,1,0.094
y_true_train,Phosphate-P,1,0.078333333
y_true_train,Phosphate-P,1,0.0512
y_true_train,Phosphate-P,1,0.750333333
y_true_train,Phosphate-P,1,0.09747
y_true_train,Phosphate-P,1,0.098333333
y_true_train,Phosphate-P,1,0.55
y_true_train,Phosphate-P,1,0.081666667
y_true_train,Phosphate-P,1,0.110666667
y_true_train,Phosphate-P,1,0.11026
y_true_train,Phosphate-P,1,0.187666667
y_true_train,Phosphate-P,1,0.123
y_true_train,Phosphate-P,1,0.890825762
y_true_train,Phosphate-P,1,0.562333333
y_true_train,Phosphate-P,1,0.07735
y_true_test,Phosphate-P,1,0.72154
y_true_test,Phosphate-P,1,0.67156
y_true_test,Phosphate-P,1,0.44981
y_true_test,Phosphate-P,1,0.158333333
y_true_test,Phosphate-P,1,0.132
y_true_test,Phosphate-P,1,0.495666667
y_true_test,Phosphate-P,1,0.06773
y_true_test,Phosphate-P,1,0.168488244
y_true_test,Phosphate-P,1,0.058
y_true_test,Phosphate-P,1,0.05571
y_true_test,Phosphate-P,1,0.081
y_true_test,Phosphate-P,1,0.07112
y_true_test,Phosphate-P,1,0.866544347
y_true_test,Phosphate-P,1,0.708
y_true_test,Phosphate-P,1,0.686666667
y_true_test,Phosphate-P,1,0.69042
y_true_test,Phosphate-P,1,0.41883
y_true_test,Phosphate-P,1,0.089
y_true_test,Phosphate-P,1,0.727666667
y_true_test,Phosphate-P,1,0.42907
y_true_test,Phosphate-P,1,0.338333333
y_true_test,Phosphate-P,1,0.336
y_true_test,Phosphate-P,1,0.416666667
y_true_test,Phosphate-P,1,0.691666667
y_true_test,Phosphate-P,1,0.0686
y_true_test,Phosphate-P,1,0.588000088
y_true_test,Phosphate-P,1,0.03864
y_true_test,Phosphate-P,1,0.2953
y_true_test,Phosphate-P,1,0.09
y_true_test,Phosphate-P,1,0.22296
y_true_test,Phosphate-P,1,0.19012
y_true_test,Phosphate-P,1,0.04722
y_true_test,Phosphate-P,1,0.228333333
y_true_test,Phosphate-P,1,0.06275
y_true_test,Phosphate-P,1,0.1692
y_true_test,Phosphate-P,1,0.07329
y_true_test,Phosphate-P,1,0.08646
y_true_test,Phosphate-P,1,0.200780147
y_true_test,Phosphate-P,1,0.264
y_true_test,Phosphate-P,1,0.546666667
y_true_test,Phosphate-P,1,0.05799
y_true_test,Phosphate-P,1,0.104236832
y_true_test,Phosphate-P,1,0.131
y_true_test,Phosphate-P,1,0.34249
y_true_test,Phosphate-P,1,0.106524044
y_true_test,Phosphate-P,1,0.12965646
y_true_test,Phosphate-P,1,0.36624
y_true_test,Phosphate-P,1,0.092
y_true_test,Phosphate-P,1,0.177
y_true_test,Phosphate-P,1,0.42907
y_true_test,Phosphate-P,1,0.880333333
y_true_test,Phosphate-P,1,0.229333333
y_true_test,Phosphate-P,1,0.052333333
y_true_test,Phosphate-P,1,0.11203
y_true_test,Phosphate-P,1,0.114
y_true_test,Phosphate-P,1,0.05315
y_true_test,Phosphate-P,1,0.613333333
y_true_test,Phosphate-P,1,0.70909
test_ind,Phosphate-P,1,64.0
test_ind,Phosphate-P,1,137.0
test_ind,Phosphate-P,1,244.0
test_ind,Phosphate-P,1,326.0
test_ind,Phosphate-P,1,170.0
test_ind,Phosphate-P,1,262.0
test_ind,Phosphate-P,1,71.0
test_ind,Phosphate-P,1,218.0
test_ind,Phosphate-P,1,385.0
test_ind,Phosphate-P,1,214.0
test_ind,Phosphate-P,1,270.0
test_ind,Phosphate-P,1,34.0
test_ind,Phosphate-P,1,144.0
test_ind,Phosphate-P,1,341.0
test_ind,Phosphate-P,1,390.0
test_ind,Phosphate-P,1,138.0
test_ind,Phosphate-P,1,258.0
test_ind,Phosphate-P,1,76.0
test_ind,Phosphate-P,1,9.0
test_ind,Phosphate-P,1,96.0
test_ind,Phosphate-P,1,100.0
test_ind,Phosphate-P,1,353.0
test_ind,Phosphate-P,1,279.0
test_ind,Phosphate-P,1,319.0
test_ind,Phosphate-P,1,59.0
test_ind,Phosphate-P,1,102.0
test_ind,Phosphate-P,1,20.0
test_ind,Phosphate-P,1,233.0
test_ind,Phosphate-P,1,359.0
test_ind,Phosphate-P,1,118.0
test_ind,Phosphate-P,1,28.0
test_ind,Phosphate-P,1,232.0
test_ind,Phosphate-P,1,365.0
test_ind,Phosphate-P,1,39.0
test_ind,Phosphate-P,1,167.0
test_ind,Phosphate-P,1,189.0
test_ind,Phosphate-P,1,243.0
test_ind,Phosphate-P,1,173.0
test_ind,Phosphate-P,1,121.0
test_ind,Phosphate-P,1,345.0
test_ind,Phosphate-P,1,67.0
test_ind,Phosphate-P,1,194.0
test_ind,Phosphate-P,1,266.0
test_ind,Phosphate-P,1,120.0
test_ind,Phosphate-P,1,193.0
test_ind,Phosphate-P,1,78.0
test_ind,Phosphate-P,1,36.0
test_ind,Phosphate-P,1,11.0
test_ind,Phosphate-P,1,366.0
test_ind,Phosphate-P,1,97.0
test_ind,Phosphate-P,1,344.0
test_ind,Phosphate-P,1,351.0
test_ind,Phosphate-P,1,292.0
test_ind,Phosphate-P,1,212.0
test_ind,Phosphate-P,1,320.0
test_ind,Phosphate-P,1,38.0
test_ind,Phosphate-P,1,295.0
test_ind,Phosphate-P,1,140.0
train_ind,Phosphate-P,1,103.0
train_ind,Phosphate-P,1,395.0
train_ind,Phosphate-P,1,252.0
train_ind,Phosphate-P,1,75.0
train_ind,Phosphate-P,1,57.0
train_ind,Phosphate-P,1,80.0
train_ind,Phosphate-P,1,192.0
train_ind,Phosphate-P,1,247.0
train_ind,Phosphate-P,1,338.0
train_ind,Phosphate-P,1,217.0
train_ind,Phosphate-P,1,23.0
train_ind,Phosphate-P,1,231.0
train_ind,Phosphate-P,1,171.0
train_ind,Phosphate-P,1,370.0
train_ind,Phosphate-P,1,389.0
train_ind,Phosphate-P,1,281.0
train_ind,Phosphate-P,1,250.0
train_ind,Phosphate-P,1,27.0
train_ind,Phosphate-P,1,265.0
train_ind,Phosphate-P,1,358.0
train_ind,Phosphate-P,1,94.0
train_ind,Phosphate-P,1,220.0
train_ind,Phosphate-P,1,72.0
train_ind,Phosphate-P,1,324.0
train_ind,Phosphate-P,1,374.0
train_ind,Phosphate-P,1,306.0
train_ind,Phosphate-P,1,237.0
train_ind,Phosphate-P,1,188.0
train_ind,Phosphate-P,1,392.0
train_ind,Phosphate-P,1,213.0
train_ind,Phosphate-P,1,346.0
train_ind,Phosphate-P,1,164.0
train_ind,Phosphate-P,1,42.0
train_ind,Phosphate-P,1,190.0
train_ind,Phosphate-P,1,386.0
train_ind,Phosphate-P,1,6.0
train_ind,Phosphate-P,1,141.0
train_ind,Phosphate-P,1,174.0
train_ind,Phosphate-P,1,361.0
train_ind,Phosphate-P,1,12.0
train_ind,Phosphate-P,1,372.0
train_ind,Phosphate-P,1,2.0
train_ind,Phosphate-P,1,312.0
train_ind,Phosphate-P,1,166.0
train_ind,Phosphate-P,1,136.0
train_ind,Phosphate-P,1,104.0
train_ind,Phosphate-P,1,249.0
train_ind,Phosphate-P,1,187.0
train_ind,Phosphate-P,1,257.0
train_ind,Phosphate-P,1,95.0
train_ind,Phosphate-P,1,124.0
train_ind,Phosphate-P,1,145.0
train_ind,Phosphate-P,1,191.0
train_ind,Phosphate-P,1,323.0
train_ind,Phosphate-P,1,291.0
train_ind,Phosphate-P,1,186.0
train_ind,Phosphate-P,1,381.0
train_ind,Phosphate-P,1,347.0
train_ind,Phosphate-P,1,339.0
train_ind,Phosphate-P,1,17.0
train_ind,Phosphate-P,1,69.0
train_ind,Phosphate-P,1,65.0
train_ind,Phosphate-P,1,362.0
train_ind,Phosphate-P,1,74.0
train_ind,Phosphate-P,1,172.0
train_ind,Phosphate-P,1,315.0
train_ind,Phosphate-P,1,398.0
train_ind,Phosphate-P,1,55.0
train_ind,Phosphate-P,1,215.0
train_ind,Phosphate-P,1,268.0
train_ind,Phosphate-P,1,48.0
train_ind,Phosphate-P,1,269.0
train_ind,Phosphate-P,1,16.0
train_ind,Phosphate-P,1,343.0
train_ind,Phosphate-P,1,219.0
train_ind,Phosphate-P,1,304.0
train_ind,Phosphate-P,1,238.0
train_ind,Phosphate-P,1,378.0
train_ind,Phosphate-P,1,126.0
train_ind,Phosphate-P,1,29.0
train_ind,Phosphate-P,1,77.0
train_ind,Phosphate-P,1,329.0
train_ind,Phosphate-P,1,236.0
train_ind,Phosphate-P,1,169.0
train_ind,Phosphate-P,1,101.0
train_ind,Phosphate-P,1,52.0
train_ind,Phosphate-P,1,165.0
train_ind,Phosphate-P,1,79.0
train_ind,Phosphate-P,1,49.0
train_ind,Phosphate-P,1,8.0
train_ind,Phosphate-P,1,342.0
train_ind,Phosphate-P,1,98.0
train_ind,Phosphate-P,1,318.0
train_ind,Phosphate-P,1,280.0
train_ind,Phosphate-P,1,382.0
train_ind,Phosphate-P,1,61.0
train_ind,Phosphate-P,1,260.0
train_ind,Phosphate-P,1,248.0
train_ind,Phosphate-P,1,349.0
train_ind,Phosphate-P,1,15.0
train_ind,Phosphate-P,1,122.0
train_ind,Phosphate-P,1,274.0
train_ind,Phosphate-P,1,3.0
train_ind,Phosphate-P,1,119.0
train_ind,Phosphate-P,1,43.0
train_ind,Phosphate-P,1,123.0
train_ind,Phosphate-P,1,125.0
train_ind,Phosphate-P,1,14.0
train_ind,Phosphate-P,1,391.0
train_ind,Phosphate-P,1,300.0
train_ind,Phosphate-P,1,175.0
train_ind,Phosphate-P,1,211.0
train_ind,Phosphate-P,1,139.0
train_ind,Phosphate-P,1,99.0
train_ind,Phosphate-P,1,302.0
train_ind,Phosphate-P,1,333.0
train_ind,Phosphate-P,1,332.0
train_ind,Phosphate-P,1,298.0
train_ind,Phosphate-P,1,311.0
train_ind,Phosphate-P,1,216.0
train_ind,Phosphate-P,1,41.0
train_ind,Phosphate-P,1,373.0
train_ind,Phosphate-P,1,51.0
train_ind,Phosphate-P,1,287.0
train_ind,Phosphate-P,1,142.0
train_ind,Phosphate-P,1,278.0
train_ind,Phosphate-P,1,305.0
train_ind,Phosphate-P,1,168.0
train_ind,Phosphate-P,1,284.0
train_ind,Phosphate-P,1,293.0
train_ind,Phosphate-P,1,143.0
train_ind,Phosphate-P,1,299.0
train_ind,Phosphate-P,1,73.0
test_rsq,Phosphate-P,1,-0.30964525242814855
train_rsq,Phosphate-P,1,0.6288459938804489
test_rmse,Phosphate-P,1,0.28443580735338125
train_rmse,Phosphate-P,1,0.13725218555028385
test_mape,Phosphate-P,1,148.11268386449603
train_mape,Phosphate-P,1,71.86627397557956
n_comp,Phosphate-P,1,10.0
y_hat_test,Phosphate-P,2,0.2672531035089348
y_hat_test,Phosphate-P,2,0.3714846282048946
y_hat_test,Phosphate-P,2,-0.23997706718491346
y_hat_test,Phosphate-P,2,0.32872473341271546
y_hat_test,Phosphate-P,2,0.330316709534861
y_hat_test,Phosphate-P,2,0.028335089851458717
y_hat_test,Phosphate-P,2,0.2762266769713935
y_hat_test,Phosphate-P,2,0.24885102786141994
y_hat_test,Phosphate-P,2,0.09689859476395743
y_hat_test,Phosphate-P,2,0.1963706534504658
y_hat_test,Phosphate-P,2,0.22597942311788266
y_hat_test,Phosphate-P,2,0.09222563527495947
y_hat_test,Phosphate-P,2,0.36403094764629906
y_hat_test,Phosphate-P,2,0.27348122018112075
y_hat_test,Phosphate-P,2,0.2185844215618978
y_hat_test,Phosphate-P,2,0.2009733214194483
y_hat_test,Phosphate-P,2,0.15922227333839767
y_hat_test,Phosphate-P,2,0.02314553848071127
y_hat_test,Phosphate-P,2,0.28380952307301727
y_hat_test,Phosphate-P,2,0.2914938889952207
y_hat_test,Phosphate-P,2,0.41707974672128
y_hat_test,Phosphate-P,2,0.3163572803861732
y_hat_test,Phosphate-P,2,0.37913715495656786
y_hat_test,Phosphate-P,2,0.1513113062628886
y_hat_test,Phosphate-P,2,0.04680269251712946
y_hat_test,Phosphate-P,2,0.5415769284711385
y_hat_test,Phosphate-P,2,0.24213162374816455
y_hat_test,Phosphate-P,2,0.031078228607290814
y_hat_test,Phosphate-P,2,0.18200472595786882
y_hat_test,Phosphate-P,2,0.3908517511342643
y_hat_test,Phosphate-P,2,0.3019755616419181
y_hat_test,Phosphate-P,2,0.2642200850293398
y_hat_test,Phosphate-P,2,0.04302044441440775
y_hat_test,Phosphate-P,2,0.1824555536533041
y_hat_test,Phosphate-P,2,0.3757432698301413
y_hat_test,Phosphate-P,2,0.5309720116795031
y_hat_test,Phosphate-P,2,0.4038712848311752
y_hat_test,Phosphate-P,2,0.2967086875568433
y_hat_test,Phosphate-P,2,0.10996115807868106
y_hat_test,Phosphate-P,2,0.08737083707988685
y_hat_test,Phosphate-P,2,0.10443152862713617
y_hat_test,Phosphate-P,2,0.2468256022393312
y_hat_test,Phosphate-P,2,0.4167472304524655
y_hat_test,Phosphate-P,2,0.4559727239628857
y_hat_test,Phosphate-P,2,0.09824398356673858
y_hat_test,Phosphate-P,2,0.3835849298943597
y_hat_test,Phosphate-P,2,0.16347809381689338
y_hat_test,Phosphate-P,2,0.6042794969792135
y_hat_test,Phosphate-P,2,0.2982527374964125
y_hat_test,Phosphate-P,2,0.2501363152311818
y_hat_test,Phosphate-P,2,0.3664796910030735
y_hat_test,Phosphate-P,2,0.2882378767937822
y_hat_test,Phosphate-P,2,0.47094888808321134
y_hat_test,Phosphate-P,2,0.18441574820722556
y_hat_test,Phosphate-P,2,0.2770782806131169
y_hat_test,Phosphate-P,2,-0.005802803097912201
y_hat_test,Phosphate-P,2,0.2936292279516771
y_hat_test,Phosphate-P,2,0.32215973761876765
y_hat_train,Phosphate-P,2,0.24570046645516483
y_hat_train,Phosphate-P,2,0.3695016831729872
y_hat_train,Phosphate-P,2,0.12110128547381313
y_hat_train,Phosphate-P,2,0.34623105434935975
y_hat_train,Phosphate-P,2,0.24276777185000945
y_hat_train,Phosphate-P,2,0.24858265503131688
y_hat_train,Phosphate-P,2,0.3184211832953403
y_hat_train,Phosphate-P,2,0.15492847953292166
y_hat_train,Phosphate-P,2,0.17863989233610023
y_hat_train,Phosphate-P,2,0.40379415144503794
y_hat_train,Phosphate-P,2,0.38041109257872247
y_hat_train,Phosphate-P,2,0.4213937405443434
y_hat_train,Phosphate-P,2,0.5942237969319761
y_hat_train,Phosphate-P,2,0.45677234352651963
y_hat_train,Phosphate-P,2,0.04187309806712003
y_hat_train,Phosphate-P,2,0.45718900809982954
y_hat_train,Phosphate-P,2,0.020463675882037013
y_hat_train,Phosphate-P,2,0.2596923313877404
y_hat_train,Phosphate-P,2,0.1065733024401519
y_hat_train,Phosphate-P,2,0.15057524293887473
y_hat_train,Phosphate-P,2,0.35792136963666427
y_hat_train,Phosphate-P,2,0.064510249157088
y_hat_train,Phosphate-P,2,0.47728777367734104
y_hat_train,Phosphate-P,2,-0.03894642057924974
y_hat_train,Phosphate-P,2,0.16783752339421537
y_hat_train,Phosphate-P,2,0.30984570553607094
y_hat_train,Phosphate-P,2,0.19027504025333808
y_hat_train,Phosphate-P,2,0.16302917829382854
y_hat_train,Phosphate-P,2,0.22342683820953962
y_hat_train,Phosphate-P,2,0.41570236228655344
y_hat_train,Phosphate-P,2,0.2195124800733131
y_hat_train,Phosphate-P,2,0.17038277238796667
y_hat_train,Phosphate-P,2,0.4252304545894771
y_hat_train,Phosphate-P,2,0.34779049183177396
y_hat_train,Phosphate-P,2,0.39754436677361943
y_hat_train,Phosphate-P,2,0.2731820923567349
y_hat_train,Phosphate-P,2,0.20805737193468193
y_hat_train,Phosphate-P,2,0.7176652354228692
y_hat_train,Phosphate-P,2,0.3858909240095777
y_hat_train,Phosphate-P,2,0.31663749084153686
y_hat_train,Phosphate-P,2,0.23411145830793406
y_hat_train,Phosphate-P,2,0.20766907286870376
y_hat_train,Phosphate-P,2,0.1687242491544962
y_hat_train,Phosphate-P,2,0.342606164922299
y_hat_train,Phosphate-P,2,0.35789918936819326
y_hat_train,Phosphate-P,2,0.6144559440534395
y_hat_train,Phosphate-P,2,0.11020786916055733
y_hat_train,Phosphate-P,2,0.641981162053332
y_hat_train,Phosphate-P,2,0.06541588229790976
y_hat_train,Phosphate-P,2,-0.19812617301259555
y_hat_train,Phosphate-P,2,0.5042367358575429
y_hat_train,Phosphate-P,2,0.47202153080560644
y_hat_train,Phosphate-P,2,0.4617193731847537
y_hat_train,Phosphate-P,2,0.28865488484132157
y_hat_train,Phosphate-P,2,0.3960181729581664
y_hat_train,Phosphate-P,2,0.20270015876808758
y_hat_train,Phosphate-P,2,0.2386542611577599
y_hat_train,Phosphate-P,2,0.21004464481913787
y_hat_train,Phosphate-P,2,-0.04905282612509615
y_hat_train,Phosphate-P,2,0.24434618199033328
y_hat_train,Phosphate-P,2,0.06551436086947948
y_hat_train,Phosphate-P,2,0.35658053272642876
y_hat_train,Phosphate-P,2,0.1258958055609671
y_hat_train,Phosphate-P,2,0.2571344038861203
y_hat_train,Phosphate-P,2,0.2754294254135312
y_hat_train,Phosphate-P,2,0.2867239251013491
y_hat_train,Phosphate-P,2,0.16520789290698829
y_hat_train,Phosphate-P,2,0.5121880626696149
y_hat_train,Phosphate-P,2,0.15326423058871996
y_hat_train,Phosphate-P,2,0.3532858733674721
y_hat_train,Phosphate-P,2,0.20453365417207942
y_hat_train,Phosphate-P,2,0.16133385333669029
y_hat_train,Phosphate-P,2,0.31331890646464
y_hat_train,Phosphate-P,2,0.41662368666268745
y_hat_train,Phosphate-P,2,0.16942910330866845
y_hat_train,Phosphate-P,2,0.2620250869939881
y_hat_train,Phosphate-P,2,0.10526474299692659
y_hat_train,Phosphate-P,2,0.09804402697822562
y_hat_train,Phosphate-P,2,0.115629799462035
y_hat_train,Phosphate-P,2,0.4641443372285238
y_hat_train,Phosphate-P,2,0.2174901419694623
y_hat_train,Phosphate-P,2,0.16898452097263886
y_hat_train,Phosphate-P,2,0.4677697881321572
y_hat_train,Phosphate-P,2,0.07156815223623275
y_hat_train,Phosphate-P,2,0.24485772803066427
y_hat_train,Phosphate-P,2,0.6123969162517209
y_hat_train,Phosphate-P,2,0.12852044890192735
y_hat_train,Phosphate-P,2,0.27946199278410083
y_hat_train,Phosphate-P,2,0.20979845351260126
y_hat_train,Phosphate-P,2,0.2051458857126375
y_hat_train,Phosphate-P,2,0.1781001328621044
y_hat_train,Phosphate-P,2,0.49178055958497935
y_hat_train,Phosphate-P,2,0.35631433037311777
y_hat_train,Phosphate-P,2,0.54527049185191
y_hat_train,Phosphate-P,2,0.3077177329060439
y_hat_train,Phosphate-P,2,0.28353322833559014
y_hat_train,Phosphate-P,2,0.3997431310821588
y_hat_train,Phosphate-P,2,0.06731329800668234
y_hat_train,Phosphate-P,2,0.3577643252231704
y_hat_train,Phosphate-P,2,0.2959569763625979
y_hat_train,Phosphate-P,2,0.3852826237608185
y_hat_train,Phosphate-P,2,0.0485747865315197
y_hat_train,Phosphate-P,2,0.5111962680405819
y_hat_train,Phosphate-P,2,0.45627676335314377
y_hat_train,Phosphate-P,2,0.04707476478203354
y_hat_train,Phosphate-P,2,0.29400083861515686
y_hat_train,Phosphate-P,2,0.24185599163302746
y_hat_train,Phosphate-P,2,0.014740381045908413
y_hat_train,Phosphate-P,2,0.4127106601812951
y_hat_train,Phosphate-P,2,0.20897869322611137
y_hat_train,Phosphate-P,2,0.053432527800296725
y_hat_train,Phosphate-P,2,0.5730847684054183
y_hat_train,Phosphate-P,2,0.30323042403809136
y_hat_train,Phosphate-P,2,0.06794880213055035
y_hat_train,Phosphate-P,2,0.32445087964088815
y_hat_train,Phosphate-P,2,0.19782214348414628
y_hat_train,Phosphate-P,2,0.2883058512240018
y_hat_train,Phosphate-P,2,0.2445703211563176
y_hat_train,Phosphate-P,2,0.6287194249921283
y_hat_train,Phosphate-P,2,0.3021011282230035
y_hat_train,Phosphate-P,2,0.5800937857218984
y_hat_train,Phosphate-P,2,0.24580303197824405
y_hat_train,Phosphate-P,2,0.4018979703686488
y_hat_train,Phosphate-P,2,0.2767608547676433
y_hat_train,Phosphate-P,2,0.35902904466075436
y_hat_train,Phosphate-P,2,0.04711147564370108
y_hat_train,Phosphate-P,2,0.5643444938626122
y_hat_train,Phosphate-P,2,0.2846779499870322
y_hat_train,Phosphate-P,2,0.3139362449785143
y_hat_train,Phosphate-P,2,0.036418676479974516
y_hat_train,Phosphate-P,2,0.6808006817386998
y_hat_train,Phosphate-P,2,0.4372420646782356
y_hat_train,Phosphate-P,2,0.1988348412237667
y_true_train,Phosphate-P,2,0.12965646
y_true_train,Phosphate-P,2,0.527
y_true_train,Phosphate-P,2,0.187666667
y_true_train,Phosphate-P,2,0.1692
y_true_train,Phosphate-P,2,0.06581
y_true_train,Phosphate-P,2,0.34
y_true_train,Phosphate-P,2,0.153666667
y_true_train,Phosphate-P,2,0.123
y_true_train,Phosphate-P,2,0.110666667
y_true_train,Phosphate-P,2,0.554333333
y_true_train,Phosphate-P,2,0.11026
y_true_train,Phosphate-P,2,0.55
y_true_train,Phosphate-P,2,0.728666667
y_true_train,Phosphate-P,2,0.562333333
y_true_train,Phosphate-P,2,0.058
y_true_train,Phosphate-P,2,0.528
y_true_train,Phosphate-P,2,0.088
y_true_train,Phosphate-P,2,0.152333333
y_true_train,Phosphate-P,2,0.14617
y_true_train,Phosphate-P,2,0.10184
y_true_train,Phosphate-P,2,0.880333333
y_true_train,Phosphate-P,2,0.08955
y_true_train,Phosphate-P,2,0.470497874
y_true_train,Phosphate-P,2,0.108
y_true_train,Phosphate-P,2,0.07185
y_true_train,Phosphate-P,2,0.089333333
y_true_train,Phosphate-P,2,0.106524044
y_true_train,Phosphate-P,2,0.34749
y_true_train,Phosphate-P,2,0.0512
y_true_train,Phosphate-P,2,0.691666667
y_true_train,Phosphate-P,2,0.177
y_true_train,Phosphate-P,2,0.071
y_true_train,Phosphate-P,2,0.11929
y_true_train,Phosphate-P,2,0.33558
y_true_train,Phosphate-P,2,0.094
y_true_train,Phosphate-P,2,0.36624
y_true_train,Phosphate-P,2,0.264
y_true_train,Phosphate-P,2,0.757333333
y_true_train,Phosphate-P,2,0.104333333
y_true_train,Phosphate-P,2,0.108666667
y_true_train,Phosphate-P,2,0.221333333
y_true_train,Phosphate-P,2,0.158333333
y_true_train,Phosphate-P,2,0.15989332
y_true_train,Phosphate-P,2,0.44981
y_true_train,Phosphate-P,2,0.05276
y_true_train,Phosphate-P,2,0.631870027
y_true_train,Phosphate-P,2,0.07112
y_true_train,Phosphate-P,2,0.834333333
y_true_train,Phosphate-P,2,0.061333333
y_true_train,Phosphate-P,2,0.05571
y_true_train,Phosphate-P,2,0.619333333
y_true_train,Phosphate-P,2,0.817666667
y_true_train,Phosphate-P,2,0.728098185
y_true_train,Phosphate-P,2,0.41883
y_true_train,Phosphate-P,2,0.191666667
y_true_train,Phosphate-P,2,0.613333333
y_true_train,Phosphate-P,2,0.51
y_true_train,Phosphate-P,2,0.10434
y_true_train,Phosphate-P,2,0.07329
y_true_train,Phosphate-P,2,0.200780147
y_true_train,Phosphate-P,2,0.05315
y_true_train,Phosphate-P,2,0.11203
y_true_train,Phosphate-P,2,0.078333333
y_true_train,Phosphate-P,2,0.398
y_true_train,Phosphate-P,2,0.44946521
y_true_train,Phosphate-P,2,0.132
y_true_train,Phosphate-P,2,0.098333333
y_true_train,Phosphate-P,2,0.67654
y_true_train,Phosphate-P,2,0.466666667
y_true_train,Phosphate-P,2,0.132
y_true_train,Phosphate-P,2,0.22296
y_true_train,Phosphate-P,2,0.06275
y_true_train,Phosphate-P,2,0.166804647
y_true_train,Phosphate-P,2,0.55
y_true_train,Phosphate-P,2,0.264
y_true_train,Phosphate-P,2,0.05119
y_true_train,Phosphate-P,2,0.089
y_true_train,Phosphate-P,2,0.120092955
y_true_train,Phosphate-P,2,0.18067
y_true_train,Phosphate-P,2,0.48344
y_true_train,Phosphate-P,2,0.686666667
y_true_train,Phosphate-P,2,0.14079
y_true_train,Phosphate-P,2,0.205603597
y_true_train,Phosphate-P,2,0.1027
y_true_train,Phosphate-P,2,0.116706814
y_true_train,Phosphate-P,2,0.866544347
y_true_train,Phosphate-P,2,0.09725
y_true_train,Phosphate-P,2,0.239333333
y_true_train,Phosphate-P,2,0.090333333
y_true_train,Phosphate-P,2,0.052333333
y_true_train,Phosphate-P,2,0.089
y_true_train,Phosphate-P,2,0.46794
y_true_train,Phosphate-P,2,0.119
y_true_train,Phosphate-P,2,0.996333333
y_true_train,Phosphate-P,2,0.54935
y_true_train,Phosphate-P,2,0.338333333
y_true_train,Phosphate-P,2,0.15785
y_true_train,Phosphate-P,2,0.102666667
y_true_train,Phosphate-P,2,0.406666667
y_true_train,Phosphate-P,2,0.189666667
y_true_train,Phosphate-P,2,0.30041
y_true_train,Phosphate-P,2,0.08157
y_true_train,Phosphate-P,2,0.70909
y_true_train,Phosphate-P,2,0.69042
y_true_train,Phosphate-P,2,0.228333333
y_true_train,Phosphate-P,2,0.34249
y_true_train,Phosphate-P,2,0.05799
y_true_train,Phosphate-P,2,0.089
y_true_train,Phosphate-P,2,0.168488244
y_true_train,Phosphate-P,2,0.338333333
y_true_train,Phosphate-P,2,0.04722
y_true_train,Phosphate-P,2,0.727666667
y_true_train,Phosphate-P,2,0.150156265
y_true_train,Phosphate-P,2,0.091666667
y_true_train,Phosphate-P,2,0.07735
y_true_train,Phosphate-P,2,0.08439
y_true_train,Phosphate-P,2,0.131
y_true_train,Phosphate-P,2,0.107666667
y_true_train,Phosphate-P,2,0.72154
y_true_train,Phosphate-P,2,0.271013196
y_true_train,Phosphate-P,2,0.42907
y_true_train,Phosphate-P,2,0.076666667
y_true_train,Phosphate-P,2,0.104236832
y_true_train,Phosphate-P,2,0.557
y_true_train,Phosphate-P,2,0.073666667
y_true_train,Phosphate-P,2,0.05031
y_true_train,Phosphate-P,2,0.116706814
y_true_train,Phosphate-P,2,0.457286778
y_true_train,Phosphate-P,2,0.163838414
y_true_train,Phosphate-P,2,0.03695
y_true_train,Phosphate-P,2,0.890825762
y_true_train,Phosphate-P,2,0.53977
y_true_train,Phosphate-P,2,0.229333333
y_true_test,Phosphate-P,2,0.59085
y_true_test,Phosphate-P,2,0.086
y_true_test,Phosphate-P,2,0.06773
y_true_test,Phosphate-P,2,0.07105
y_true_test,Phosphate-P,2,0.42907
y_true_test,Phosphate-P,2,0.068
y_true_test,Phosphate-P,2,0.416666667
y_true_test,Phosphate-P,2,0.0686
y_true_test,Phosphate-P,2,0.08984
y_true_test,Phosphate-P,2,0.284666667
y_true_test,Phosphate-P,2,0.078
y_true_test,Phosphate-P,2,0.081
y_true_test,Phosphate-P,2,0.24417
y_true_test,Phosphate-P,2,0.19012
y_true_test,Phosphate-P,2,0.11770379
y_true_test,Phosphate-P,2,0.531
y_true_test,Phosphate-P,2,0.167
y_true_test,Phosphate-P,2,0.09747
y_true_test,Phosphate-P,2,0.27718
y_true_test,Phosphate-P,2,0.40176
y_true_test,Phosphate-P,2,0.588000088
y_true_test,Phosphate-P,2,0.124666667
y_true_test,Phosphate-P,2,0.336730892
y_true_test,Phosphate-P,2,0.08433
y_true_test,Phosphate-P,2,0.336
y_true_test,Phosphate-P,2,0.67156
y_true_test,Phosphate-P,2,0.06315
y_true_test,Phosphate-P,2,0.16774969
y_true_test,Phosphate-P,2,0.08646
y_true_test,Phosphate-P,2,0.36584
y_true_test,Phosphate-P,2,0.098666667
y_true_test,Phosphate-P,2,0.2953
y_true_test,Phosphate-P,2,0.082
y_true_test,Phosphate-P,2,0.415
y_true_test,Phosphate-P,2,0.495666667
y_true_test,Phosphate-P,2,0.114
y_true_test,Phosphate-P,2,0.601333333
y_true_test,Phosphate-P,2,0.158
y_true_test,Phosphate-P,2,0.078333333
y_true_test,Phosphate-P,2,0.061333333
y_true_test,Phosphate-P,2,0.136666667
y_true_test,Phosphate-P,2,0.12965646
y_true_test,Phosphate-P,2,0.271013196
y_true_test,Phosphate-P,2,0.6755
y_true_test,Phosphate-P,2,0.092
y_true_test,Phosphate-P,2,0.661834245
y_true_test,Phosphate-P,2,0.05293
y_true_test,Phosphate-P,2,0.03864
y_true_test,Phosphate-P,2,0.750333333
y_true_test,Phosphate-P,2,0.38031
y_true_test,Phosphate-P,2,0.166804647
y_true_test,Phosphate-P,2,0.156
y_true_test,Phosphate-P,2,0.10954
y_true_test,Phosphate-P,2,0.546666667
y_true_test,Phosphate-P,2,0.09
y_true_test,Phosphate-P,2,0.16336
y_true_test,Phosphate-P,2,0.081666667
y_true_test,Phosphate-P,2,0.708
test_ind,Phosphate-P,2,48.0
test_ind,Phosphate-P,2,265.0
test_ind,Phosphate-P,2,71.0
test_ind,Phosphate-P,2,17.0
test_ind,Phosphate-P,2,97.0
test_ind,Phosphate-P,2,6.0
test_ind,Phosphate-P,2,279.0
test_ind,Phosphate-P,2,59.0
test_ind,Phosphate-P,2,188.0
test_ind,Phosphate-P,2,339.0
test_ind,Phosphate-P,2,342.0
test_ind,Phosphate-P,2,270.0
test_ind,Phosphate-P,2,23.0
test_ind,Phosphate-P,2,28.0
test_ind,Phosphate-P,2,231.0
test_ind,Phosphate-P,2,8.0
test_ind,Phosphate-P,2,12.0
test_ind,Phosphate-P,2,51.0
test_ind,Phosphate-P,2,119.0
test_ind,Phosphate-P,2,136.0
test_ind,Phosphate-P,2,102.0
test_ind,Phosphate-P,2,268.0
test_ind,Phosphate-P,2,94.0
test_ind,Phosphate-P,2,252.0
test_ind,Phosphate-P,2,353.0
test_ind,Phosphate-P,2,137.0
test_ind,Phosphate-P,2,16.0
test_ind,Phosphate-P,2,80.0
test_ind,Phosphate-P,2,243.0
test_ind,Phosphate-P,2,27.0
test_ind,Phosphate-P,2,346.0
test_ind,Phosphate-P,2,233.0
test_ind,Phosphate-P,2,274.0
test_ind,Phosphate-P,2,302.0
test_ind,Phosphate-P,2,262.0
test_ind,Phosphate-P,2,320.0
test_ind,Phosphate-P,2,329.0
test_ind,Phosphate-P,2,333.0
test_ind,Phosphate-P,2,215.0
test_ind,Phosphate-P,2,191.0
test_ind,Phosphate-P,2,347.0
test_ind,Phosphate-P,2,77.0
test_ind,Phosphate-P,2,126.0
test_ind,Phosphate-P,2,236.0
test_ind,Phosphate-P,2,11.0
test_ind,Phosphate-P,2,103.0
test_ind,Phosphate-P,2,257.0
test_ind,Phosphate-P,2,20.0
test_ind,Phosphate-P,2,373.0
test_ind,Phosphate-P,2,49.0
test_ind,Phosphate-P,2,174.0
test_ind,Phosphate-P,2,398.0
test_ind,Phosphate-P,2,15.0
test_ind,Phosphate-P,2,345.0
test_ind,Phosphate-P,2,359.0
test_ind,Phosphate-P,2,57.0
test_ind,Phosphate-P,2,278.0
test_ind,Phosphate-P,2,341.0
train_ind,Phosphate-P,2,78.0
train_ind,Phosphate-P,2,291.0
train_ind,Phosphate-P,2,284.0
train_ind,Phosphate-P,2,167.0
train_ind,Phosphate-P,2,238.0
train_ind,Phosphate-P,2,358.0
train_ind,Phosphate-P,2,386.0
train_ind,Phosphate-P,2,293.0
train_ind,Phosphate-P,2,305.0
train_ind,Phosphate-P,2,338.0
train_ind,Phosphate-P,2,168.0
train_ind,Phosphate-P,2,142.0
train_ind,Phosphate-P,2,269.0
train_ind,Phosphate-P,2,299.0
train_ind,Phosphate-P,2,385.0
train_ind,Phosphate-P,2,304.0
train_ind,Phosphate-P,2,323.0
train_ind,Phosphate-P,2,374.0
train_ind,Phosphate-P,2,248.0
train_ind,Phosphate-P,2,72.0
train_ind,Phosphate-P,2,344.0
train_ind,Phosphate-P,2,213.0
train_ind,Phosphate-P,2,124.0
train_ind,Phosphate-P,2,2.0
train_ind,Phosphate-P,2,55.0
train_ind,Phosphate-P,2,318.0
train_ind,Phosphate-P,2,193.0
train_ind,Phosphate-P,2,247.0
train_ind,Phosphate-P,2,41.0
train_ind,Phosphate-P,2,319.0
train_ind,Phosphate-P,2,366.0
train_ind,Phosphate-P,2,306.0
train_ind,Phosphate-P,2,166.0
train_ind,Phosphate-P,2,61.0
train_ind,Phosphate-P,2,311.0
train_ind,Phosphate-P,2,36.0
train_ind,Phosphate-P,2,121.0
train_ind,Phosphate-P,2,361.0
train_ind,Phosphate-P,2,300.0
train_ind,Phosphate-P,2,332.0
train_ind,Phosphate-P,2,382.0
train_ind,Phosphate-P,2,326.0
train_ind,Phosphate-P,2,192.0
train_ind,Phosphate-P,2,244.0
train_ind,Phosphate-P,2,42.0
train_ind,Phosphate-P,2,104.0
train_ind,Phosphate-P,2,34.0
train_ind,Phosphate-P,2,298.0
train_ind,Phosphate-P,2,190.0
train_ind,Phosphate-P,2,214.0
train_ind,Phosphate-P,2,362.0
train_ind,Phosphate-P,2,392.0
train_ind,Phosphate-P,2,145.0
train_ind,Phosphate-P,2,258.0
train_ind,Phosphate-P,2,324.0
train_ind,Phosphate-P,2,295.0
train_ind,Phosphate-P,2,391.0
train_ind,Phosphate-P,2,186.0
train_ind,Phosphate-P,2,189.0
train_ind,Phosphate-P,2,173.0
train_ind,Phosphate-P,2,38.0
train_ind,Phosphate-P,2,212.0
train_ind,Phosphate-P,2,216.0
train_ind,Phosphate-P,2,280.0
train_ind,Phosphate-P,2,123.0
train_ind,Phosphate-P,2,170.0
train_ind,Phosphate-P,2,287.0
train_ind,Phosphate-P,2,139.0
train_ind,Phosphate-P,2,3.0
train_ind,Phosphate-P,2,171.0
train_ind,Phosphate-P,2,118.0
train_ind,Phosphate-P,2,39.0
train_ind,Phosphate-P,2,175.0
train_ind,Phosphate-P,2,141.0
train_ind,Phosphate-P,2,122.0
train_ind,Phosphate-P,2,69.0
train_ind,Phosphate-P,2,76.0
train_ind,Phosphate-P,2,165.0
train_ind,Phosphate-P,2,52.0
train_ind,Phosphate-P,2,65.0
train_ind,Phosphate-P,2,390.0
train_ind,Phosphate-P,2,211.0
train_ind,Phosphate-P,2,172.0
train_ind,Phosphate-P,2,237.0
train_ind,Phosphate-P,2,220.0
train_ind,Phosphate-P,2,144.0
train_ind,Phosphate-P,2,250.0
train_ind,Phosphate-P,2,312.0
train_ind,Phosphate-P,2,395.0
train_ind,Phosphate-P,2,292.0
train_ind,Phosphate-P,2,75.0
train_ind,Phosphate-P,2,98.0
train_ind,Phosphate-P,2,381.0
train_ind,Phosphate-P,2,281.0
train_ind,Phosphate-P,2,99.0
train_ind,Phosphate-P,2,101.0
train_ind,Phosphate-P,2,169.0
train_ind,Phosphate-P,2,370.0
train_ind,Phosphate-P,2,260.0
train_ind,Phosphate-P,2,378.0
train_ind,Phosphate-P,2,95.0
train_ind,Phosphate-P,2,187.0
train_ind,Phosphate-P,2,140.0
train_ind,Phosphate-P,2,138.0
train_ind,Phosphate-P,2,365.0
train_ind,Phosphate-P,2,120.0
train_ind,Phosphate-P,2,67.0
train_ind,Phosphate-P,2,74.0
train_ind,Phosphate-P,2,218.0
train_ind,Phosphate-P,2,100.0
train_ind,Phosphate-P,2,232.0
train_ind,Phosphate-P,2,9.0
train_ind,Phosphate-P,2,217.0
train_ind,Phosphate-P,2,349.0
train_ind,Phosphate-P,2,73.0
train_ind,Phosphate-P,2,249.0
train_ind,Phosphate-P,2,266.0
train_ind,Phosphate-P,2,315.0
train_ind,Phosphate-P,2,64.0
train_ind,Phosphate-P,2,125.0
train_ind,Phosphate-P,2,96.0
train_ind,Phosphate-P,2,389.0
train_ind,Phosphate-P,2,194.0
train_ind,Phosphate-P,2,372.0
train_ind,Phosphate-P,2,343.0
train_ind,Phosphate-P,2,14.0
train_ind,Phosphate-P,2,219.0
train_ind,Phosphate-P,2,164.0
train_ind,Phosphate-P,2,79.0
train_ind,Phosphate-P,2,43.0
train_ind,Phosphate-P,2,143.0
train_ind,Phosphate-P,2,29.0
train_ind,Phosphate-P,2,351.0
test_rsq,Phosphate-P,2,0.015450336773754403
train_rsq,Phosphate-P,2,0.4694476499013017
test_rmse,Phosphate-P,2,0.2063627712261174
train_rmse,Phosphate-P,2,0.17694397352054672
test_mape,Phosphate-P,2,124.03434465806804
train_mape,Phosphate-P,2,89.85054296774211
n_comp,Phosphate-P,2,8.0
y_hat_test,Phosphate-P,3,0.27923777706962594
y_hat_test,Phosphate-P,3,0.3628426545979305
y_hat_test,Phosphate-P,3,0.37303158967491457
y_hat_test,Phosphate-P,3,0.07391785373911502
y_hat_test,Phosphate-P,3,0.2894621407932205
y_hat_test,Phosphate-P,3,0.2913509944289596
y_hat_test,Phosphate-P,3,0.16982916147500815
y_hat_test,Phosphate-P,3,0.15937957540200387
y_hat_test,Phosphate-P,3,0.28839776093021874
y_hat_test,Phosphate-P,3,0.4711567884426013
y_hat_test,Phosphate-P,3,0.3640174383510305
y_hat_test,Phosphate-P,3,0.4690965863073817
y_hat_test,Phosphate-P,3,0.45381464985495634
y_hat_test,Phosphate-P,3,0.270874428551107
y_hat_test,Phosphate-P,3,0.15176573435790103
y_hat_test,Phosphate-P,3,0.18767169817197527
y_hat_test,Phosphate-P,3,0.45002023278964837
y_hat_test,Phosphate-P,3,0.23217799125046018
y_hat_test,Phosphate-P,3,0.2143608166541543
y_hat_test,Phosphate-P,3,0.2896615729261577
y_hat_test,Phosphate-P,3,0.256270851892976
y_hat_test,Phosphate-P,3,0.43580921210230306
y_hat_test,Phosphate-P,3,0.30700500702073186
y_hat_test,Phosphate-P,3,0.24840798666075514
y_hat_test,Phosphate-P,3,0.1769912053428847
y_hat_test,Phosphate-P,3,0.3524884157548747
y_hat_test,Phosphate-P,3,0.32488009511194654
y_hat_test,Phosphate-P,3,0.229342760133145
y_hat_test,Phosphate-P,3,0.4072972505567244
y_hat_test,Phosphate-P,3,0.1997284561905935
y_hat_test,Phosphate-P,3,0.3330234149772745
y_hat_test,Phosphate-P,3,0.27476326049436994
y_hat_test,Phosphate-P,3,0.24249987695381045
y_hat_test,Phosphate-P,3,0.42135700797812414
y_hat_test,Phosphate-P,3,0.24558471933947576
y_hat_test,Phosphate-P,3,0.2515576589071598
y_hat_test,Phosphate-P,3,0.25536772299027244
y_hat_test,Phosphate-P,3,0.18206764625428878
y_hat_test,Phosphate-P,3,0.1851151852650209
y_hat_test,Phosphate-P,3,0.23837856948171446
y_hat_test,Phosphate-P,3,0.33061156943112907
y_hat_test,Phosphate-P,3,0.2985869774271106
y_hat_test,Phosphate-P,3,0.3560220542266694
y_hat_test,Phosphate-P,3,0.47822776005670203
y_hat_test,Phosphate-P,3,0.31937894645092213
y_hat_test,Phosphate-P,3,0.300743635641523
y_hat_test,Phosphate-P,3,0.2906497729297062
y_hat_test,Phosphate-P,3,0.15447222498693655
y_hat_test,Phosphate-P,3,0.2838288433631288
y_hat_test,Phosphate-P,3,0.3800461078840466
y_hat_test,Phosphate-P,3,0.373510947337546
y_hat_test,Phosphate-P,3,0.3003767465843683
y_hat_test,Phosphate-P,3,0.2716496433429541
y_hat_test,Phosphate-P,3,0.2503684371135255
y_hat_test,Phosphate-P,3,0.2572067957586008
y_hat_test,Phosphate-P,3,0.23822055520786004
y_hat_test,Phosphate-P,3,0.16238008869456977
y_hat_test,Phosphate-P,3,0.3655455959928887
y_hat_train,Phosphate-P,3,0.11277259772786694
y_hat_train,Phosphate-P,3,0.32908136184039455
y_hat_train,Phosphate-P,3,0.3191728545448442
y_hat_train,Phosphate-P,3,0.3188853424644025
y_hat_train,Phosphate-P,3,0.23297154882036436
y_hat_train,Phosphate-P,3,0.30451038573821243
y_hat_train,Phosphate-P,3,0.2736126378385891
y_hat_train,Phosphate-P,3,0.6001979248427389
y_hat_train,Phosphate-P,3,0.43197124443239293
y_hat_train,Phosphate-P,3,0.3119274937306086
y_hat_train,Phosphate-P,3,0.3283767662579356
y_hat_train,Phosphate-P,3,0.18704737332739776
y_hat_train,Phosphate-P,3,0.10581731941923558
y_hat_train,Phosphate-P,3,0.17533852145760823
y_hat_train,Phosphate-P,3,0.19799240011705532
y_hat_train,Phosphate-P,3,0.13635398413461197
y_hat_train,Phosphate-P,3,0.23327128405937056
y_hat_train,Phosphate-P,3,0.3584849079702665
y_hat_train,Phosphate-P,3,0.12672801215606086
y_hat_train,Phosphate-P,3,0.48303102796427827
y_hat_train,Phosphate-P,3,0.4568582401117977
y_hat_train,Phosphate-P,3,0.20212880435751995
y_hat_train,Phosphate-P,3,0.3384324580210737
y_hat_train,Phosphate-P,3,0.4299324386424595
y_hat_train,Phosphate-P,3,0.5834577447181487
y_hat_train,Phosphate-P,3,0.2908753887726304
y_hat_train,Phosphate-P,3,0.4398944436041745
y_hat_train,Phosphate-P,3,-0.04354156315868185
y_hat_train,Phosphate-P,3,0.2729231634736057
y_hat_train,Phosphate-P,3,0.24616982103971904
y_hat_train,Phosphate-P,3,0.026206449902632545
y_hat_train,Phosphate-P,3,0.16245113863199542
y_hat_train,Phosphate-P,3,0.15822404508479082
y_hat_train,Phosphate-P,3,0.08724734489967056
y_hat_train,Phosphate-P,3,0.18927128957575737
y_hat_train,Phosphate-P,3,0.3726308865560388
y_hat_train,Phosphate-P,3,0.30485324189072166
y_hat_train,Phosphate-P,3,0.14864125957783322
y_hat_train,Phosphate-P,3,0.23124948770205148
y_hat_train,Phosphate-P,3,0.20690523165104058
y_hat_train,Phosphate-P,3,0.26635909305591854
y_hat_train,Phosphate-P,3,0.49486516351407894
y_hat_train,Phosphate-P,3,0.09269793995848247
y_hat_train,Phosphate-P,3,0.15273681850055043
y_hat_train,Phosphate-P,3,0.21268154835417047
y_hat_train,Phosphate-P,3,0.09879495001121652
y_hat_train,Phosphate-P,3,0.24667883572115554
y_hat_train,Phosphate-P,3,0.18565242566966114
y_hat_train,Phosphate-P,3,0.08007235812649818
y_hat_train,Phosphate-P,3,0.3013612463849652
y_hat_train,Phosphate-P,3,0.30651135949079517
y_hat_train,Phosphate-P,3,0.30516641267486116
y_hat_train,Phosphate-P,3,0.22957352719514068
y_hat_train,Phosphate-P,3,0.11077463127750276
y_hat_train,Phosphate-P,3,0.181480305499495
y_hat_train,Phosphate-P,3,0.18350246286265184
y_hat_train,Phosphate-P,3,0.14785286629685362
y_hat_train,Phosphate-P,3,0.44397028605410327
y_hat_train,Phosphate-P,3,0.23119440841128847
y_hat_train,Phosphate-P,3,0.38699269385992485
y_hat_train,Phosphate-P,3,0.05510067325908197
y_hat_train,Phosphate-P,3,0.31592599096269663
y_hat_train,Phosphate-P,3,0.31624704035599227
y_hat_train,Phosphate-P,3,0.07898533908167885
y_hat_train,Phosphate-P,3,0.19503689052796316
y_hat_train,Phosphate-P,3,0.3080705606273675
y_hat_train,Phosphate-P,3,0.28311115759492844
y_hat_train,Phosphate-P,3,0.39503691776884053
y_hat_train,Phosphate-P,3,0.45827239433320743
y_hat_train,Phosphate-P,3,0.23138467851659134
y_hat_train,Phosphate-P,3,0.43340266357773083
y_hat_train,Phosphate-P,3,0.3612818677981907
y_hat_train,Phosphate-P,3,0.2227775579767853
y_hat_train,Phosphate-P,3,0.4253072150693672
y_hat_train,Phosphate-P,3,0.4186830865137906
y_hat_train,Phosphate-P,3,0.2615628545569951
y_hat_train,Phosphate-P,3,-0.035353610668072966
y_hat_train,Phosphate-P,3,0.2772763168026306
y_hat_train,Phosphate-P,3,0.4974743016416664
y_hat_train,Phosphate-P,3,0.21824450431474773
y_hat_train,Phosphate-P,3,0.36005444459911384
y_hat_train,Phosphate-P,3,0.11393347181539062
y_hat_train,Phosphate-P,3,0.23908260510766982
y_hat_train,Phosphate-P,3,0.3338326513405268
y_hat_train,Phosphate-P,3,0.2450801411386329
y_hat_train,Phosphate-P,3,0.00034722628277589207
y_hat_train,Phosphate-P,3,0.3072013503838443
y_hat_train,Phosphate-P,3,0.29940854185115245
y_hat_train,Phosphate-P,3,0.33929806103213755
y_hat_train,Phosphate-P,3,0.12578862731054719
y_hat_train,Phosphate-P,3,0.14283533531404208
y_hat_train,Phosphate-P,3,0.3755925485129322
y_hat_train,Phosphate-P,3,0.1109936648987013
y_hat_train,Phosphate-P,3,0.1987807795349161
y_hat_train,Phosphate-P,3,0.26670380254834053
y_hat_train,Phosphate-P,3,0.28111671353185613
y_hat_train,Phosphate-P,3,0.2206878647291807
y_hat_train,Phosphate-P,3,0.03125661297300733
y_hat_train,Phosphate-P,3,0.15375168090107683
y_hat_train,Phosphate-P,3,0.434029659295759
y_hat_train,Phosphate-P,3,0.04091678561375775
y_hat_train,Phosphate-P,3,0.17619655043276494
y_hat_train,Phosphate-P,3,0.4452355952269712
y_hat_train,Phosphate-P,3,0.28206820017589
y_hat_train,Phosphate-P,3,0.13074834979882916
y_hat_train,Phosphate-P,3,0.25392629622939566
y_hat_train,Phosphate-P,3,0.30826011603581127
y_hat_train,Phosphate-P,3,0.009928533308843634
y_hat_train,Phosphate-P,3,0.26692090600940444
y_hat_train,Phosphate-P,3,0.24632506986524372
y_hat_train,Phosphate-P,3,-0.014720929464477173
y_hat_train,Phosphate-P,3,0.45758472626786095
y_hat_train,Phosphate-P,3,0.3944748358048984
y_hat_train,Phosphate-P,3,0.3020066327529036
y_hat_train,Phosphate-P,3,0.2618550349722797
y_hat_train,Phosphate-P,3,0.38132724218833003
y_hat_train,Phosphate-P,3,0.07003583562726579
y_hat_train,Phosphate-P,3,0.2674818315477013
y_hat_train,Phosphate-P,3,0.38304233659185444
y_hat_train,Phosphate-P,3,0.3738569646454233
y_hat_train,Phosphate-P,3,0.1929760859011738
y_hat_train,Phosphate-P,3,0.10845780105554842
y_hat_train,Phosphate-P,3,0.41029728045826686
y_hat_train,Phosphate-P,3,0.26821948259889467
y_hat_train,Phosphate-P,3,0.16521842769220335
y_hat_train,Phosphate-P,3,0.06119073848991538
y_hat_train,Phosphate-P,3,0.46542875327854416
y_hat_train,Phosphate-P,3,0.25902080240608855
y_hat_train,Phosphate-P,3,0.10548116537724472
y_hat_train,Phosphate-P,3,0.398966375747701
y_hat_train,Phosphate-P,3,0.3102161249829834
y_hat_train,Phosphate-P,3,0.10795712632534865
y_hat_train,Phosphate-P,3,0.33737592952282247
y_true_train,Phosphate-P,3,0.102666667
y_true_train,Phosphate-P,3,0.168488244
y_true_train,Phosphate-P,3,0.406666667
y_true_train,Phosphate-P,3,0.41883
y_true_train,Phosphate-P,3,0.24417
y_true_train,Phosphate-P,3,0.19012
y_true_train,Phosphate-P,3,0.38031
y_true_train,Phosphate-P,3,0.69042
y_true_train,Phosphate-P,3,0.1692
y_true_train,Phosphate-P,3,0.10954
y_true_train,Phosphate-P,3,0.588000088
y_true_train,Phosphate-P,3,0.07185
y_true_train,Phosphate-P,3,0.08984
y_true_train,Phosphate-P,3,0.078333333
y_true_train,Phosphate-P,3,0.116706814
y_true_train,Phosphate-P,3,0.163838414
y_true_train,Phosphate-P,3,0.27718
y_true_train,Phosphate-P,3,0.108666667
y_true_train,Phosphate-P,3,0.03695
y_true_train,Phosphate-P,3,0.708
y_true_train,Phosphate-P,3,0.114
y_true_train,Phosphate-P,3,0.158333333
y_true_train,Phosphate-P,3,0.271013196
y_true_train,Phosphate-P,3,0.996333333
y_true_train,Phosphate-P,3,0.834333333
y_true_train,Phosphate-P,3,0.557
y_true_train,Phosphate-P,3,0.336730892
y_true_train,Phosphate-P,3,0.06773
y_true_train,Phosphate-P,3,0.40176
y_true_train,Phosphate-P,3,0.54935
y_true_train,Phosphate-P,3,0.058
y_true_train,Phosphate-P,3,0.07112
y_true_train,Phosphate-P,3,0.06275
y_true_train,Phosphate-P,3,0.061333333
y_true_train,Phosphate-P,3,0.08433
y_true_train,Phosphate-P,3,0.67654
y_true_train,Phosphate-P,3,0.120092955
y_true_train,Phosphate-P,3,0.187666667
y_true_train,Phosphate-P,3,0.07105
y_true_train,Phosphate-P,3,0.200780147
y_true_train,Phosphate-P,3,0.03864
y_true_train,Phosphate-P,3,0.631870027
y_true_train,Phosphate-P,3,0.08157
y_true_train,Phosphate-P,3,0.228333333
y_true_train,Phosphate-P,3,0.082
y_true_train,Phosphate-P,3,0.06315
y_true_train,Phosphate-P,3,0.123
y_true_train,Phosphate-P,3,0.48344
y_true_train,Phosphate-P,3,0.0686
y_true_train,Phosphate-P,3,0.089
y_true_train,Phosphate-P,3,0.052333333
y_true_train,Phosphate-P,3,0.22296
y_true_train,Phosphate-P,3,0.076666667
y_true_train,Phosphate-P,3,0.061333333
y_true_train,Phosphate-P,3,0.078333333
y_true_train,Phosphate-P,3,0.08646
y_true_train,Phosphate-P,3,0.071
y_true_train,Phosphate-P,3,0.728098185
y_true_train,Phosphate-P,3,0.264
y_true_train,Phosphate-P,3,0.750333333
y_true_train,Phosphate-P,3,0.16774969
y_true_train,Phosphate-P,3,0.880333333
y_true_train,Phosphate-P,3,0.098666667
y_true_train,Phosphate-P,3,0.10184
y_true_train,Phosphate-P,3,0.51
y_true_train,Phosphate-P,3,0.229333333
y_true_train,Phosphate-P,3,0.34749
y_true_train,Phosphate-P,3,0.527
y_true_train,Phosphate-P,3,0.562333333
y_true_train,Phosphate-P,3,0.338333333
y_true_train,Phosphate-P,3,0.104333333
y_true_train,Phosphate-P,3,0.42907
y_true_train,Phosphate-P,3,0.14079
y_true_train,Phosphate-P,3,0.457286778
y_true_train,Phosphate-P,3,0.528
y_true_train,Phosphate-P,3,0.15785
y_true_train,Phosphate-P,3,0.05571
y_true_train,Phosphate-P,3,0.131
y_true_train,Phosphate-P,3,0.094
y_true_train,Phosphate-P,3,0.09725
y_true_train,Phosphate-P,3,0.166804647
y_true_train,Phosphate-P,3,0.466666667
y_true_train,Phosphate-P,3,0.44981
y_true_train,Phosphate-P,3,0.601333333
y_true_train,Phosphate-P,3,0.08439
y_true_train,Phosphate-P,3,0.05315
y_true_train,Phosphate-P,3,0.686666667
y_true_train,Phosphate-P,3,0.661834245
y_true_train,Phosphate-P,3,0.152333333
y_true_train,Phosphate-P,3,0.16336
y_true_train,Phosphate-P,3,0.081
y_true_train,Phosphate-P,3,0.46794
y_true_train,Phosphate-P,3,0.106524044
y_true_train,Phosphate-P,3,0.0512
y_true_train,Phosphate-P,3,0.07735
y_true_train,Phosphate-P,3,0.11026
y_true_train,Phosphate-P,3,0.086
y_true_train,Phosphate-P,3,0.05799
y_true_train,Phosphate-P,3,0.05031
y_true_train,Phosphate-P,3,0.470497874
y_true_train,Phosphate-P,3,0.090333333
y_true_train,Phosphate-P,3,0.156
y_true_train,Phosphate-P,3,0.158
y_true_train,Phosphate-P,3,0.11203
y_true_train,Phosphate-P,3,0.1027
y_true_train,Phosphate-P,3,0.116706814
y_true_train,Phosphate-P,3,0.70909
y_true_train,Phosphate-P,3,0.07329
y_true_train,Phosphate-P,3,0.081666667
y_true_train,Phosphate-P,3,0.264
y_true_train,Phosphate-P,3,0.068
y_true_train,Phosphate-P,3,0.67156
y_true_train,Phosphate-P,3,0.691666667
y_true_train,Phosphate-P,3,0.132
y_true_train,Phosphate-P,3,0.18067
y_true_train,Phosphate-P,3,0.415
y_true_train,Phosphate-P,3,0.091666667
y_true_train,Phosphate-P,3,0.15989332
y_true_train,Phosphate-P,3,0.757333333
y_true_train,Phosphate-P,3,0.107666667
y_true_train,Phosphate-P,3,0.136666667
y_true_train,Phosphate-P,3,0.05293
y_true_train,Phosphate-P,3,0.089333333
y_true_train,Phosphate-P,3,0.613333333
y_true_train,Phosphate-P,3,0.336
y_true_train,Phosphate-P,3,0.04722
y_true_train,Phosphate-P,3,0.239333333
y_true_train,Phosphate-P,3,0.05276
y_true_train,Phosphate-P,3,0.108
y_true_train,Phosphate-P,3,0.153666667
y_true_train,Phosphate-P,3,0.398
y_true_train,Phosphate-P,3,0.088
y_true_train,Phosphate-P,3,0.11770379
y_true_test,Phosphate-P,3,0.089
y_true_test,Phosphate-P,3,0.104236832
y_true_test,Phosphate-P,3,0.191666667
y_true_test,Phosphate-P,3,0.531
y_true_test,Phosphate-P,3,0.55
y_true_test,Phosphate-P,3,0.416666667
y_true_test,Phosphate-P,3,0.05119
y_true_test,Phosphate-P,3,0.167
y_true_test,Phosphate-P,3,0.6755
y_true_test,Phosphate-P,3,0.11929
y_true_test,Phosphate-P,3,0.728666667
y_true_test,Phosphate-P,3,0.284666667
y_true_test,Phosphate-P,3,0.866544347
y_true_test,Phosphate-P,3,0.110666667
y_true_test,Phosphate-P,3,0.09747
y_true_test,Phosphate-P,3,0.09
y_true_test,Phosphate-P,3,0.150156265
y_true_test,Phosphate-P,3,0.727666667
y_true_test,Phosphate-P,3,0.2953
y_true_test,Phosphate-P,3,0.30041
y_true_test,Phosphate-P,3,0.546666667
y_true_test,Phosphate-P,3,0.554333333
y_true_test,Phosphate-P,3,0.14617
y_true_test,Phosphate-P,3,0.119
y_true_test,Phosphate-P,3,0.08955
y_true_test,Phosphate-P,3,0.53977
y_true_test,Phosphate-P,3,0.177
y_true_test,Phosphate-P,3,0.44946521
y_true_test,Phosphate-P,3,0.073666667
y_true_test,Phosphate-P,3,0.078
y_true_test,Phosphate-P,3,0.132
y_true_test,Phosphate-P,3,0.089
y_true_test,Phosphate-P,3,0.59085
y_true_test,Phosphate-P,3,0.42907
y_true_test,Phosphate-P,3,0.124666667
y_true_test,Phosphate-P,3,0.34
y_true_test,Phosphate-P,3,0.189666667
y_true_test,Phosphate-P,3,0.338333333
y_true_test,Phosphate-P,3,0.33558
y_true_test,Phosphate-P,3,0.098333333
y_true_test,Phosphate-P,3,0.271013196
y_true_test,Phosphate-P,3,0.34249
y_true_test,Phosphate-P,3,0.166804647
y_true_test,Phosphate-P,3,0.205603597
y_true_test,Phosphate-P,3,0.55
y_true_test,Phosphate-P,3,0.495666667
y_true_test,Phosphate-P,3,0.817666667
y_true_test,Phosphate-P,3,0.06581
y_true_test,Phosphate-P,3,0.36584
y_true_test,Phosphate-P,3,0.890825762
y_true_test,Phosphate-P,3,0.619333333
y_true_test,Phosphate-P,3,0.36624
y_true_test,Phosphate-P,3,0.12965646
y_true_test,Phosphate-P,3,0.12965646
y_true_test,Phosphate-P,3,0.72154
y_true_test,Phosphate-P,3,0.221333333
y_true_test,Phosphate-P,3,0.092
y_true_test,Phosphate-P,3,0.10434
test_ind,Phosphate-P,3,74.0
test_ind,Phosphate-P,3,194.0
test_ind,Phosphate-P,3,324.0
test_ind,Phosphate-P,3,8.0
test_ind,Phosphate-P,3,141.0
test_ind,Phosphate-P,3,279.0
test_ind,Phosphate-P,3,69.0
test_ind,Phosphate-P,3,12.0
test_ind,Phosphate-P,3,236.0
test_ind,Phosphate-P,3,166.0
test_ind,Phosphate-P,3,269.0
test_ind,Phosphate-P,3,339.0
test_ind,Phosphate-P,3,144.0
test_ind,Phosphate-P,3,305.0
test_ind,Phosphate-P,3,51.0
test_ind,Phosphate-P,3,359.0
test_ind,Phosphate-P,3,217.0
test_ind,Phosphate-P,3,9.0
test_ind,Phosphate-P,3,233.0
test_ind,Phosphate-P,3,95.0
test_ind,Phosphate-P,3,345.0
test_ind,Phosphate-P,3,338.0
test_ind,Phosphate-P,3,248.0
test_ind,Phosphate-P,3,381.0
test_ind,Phosphate-P,3,213.0
test_ind,Phosphate-P,3,29.0
test_ind,Phosphate-P,3,366.0
test_ind,Phosphate-P,3,123.0
test_ind,Phosphate-P,3,343.0
test_ind,Phosphate-P,3,342.0
test_ind,Phosphate-P,3,171.0
test_ind,Phosphate-P,3,76.0
test_ind,Phosphate-P,3,48.0
test_ind,Phosphate-P,3,96.0
test_ind,Phosphate-P,3,268.0
test_ind,Phosphate-P,3,358.0
test_ind,Phosphate-P,3,378.0
test_ind,Phosphate-P,3,100.0
test_ind,Phosphate-P,3,61.0
test_ind,Phosphate-P,3,287.0
test_ind,Phosphate-P,3,126.0
test_ind,Phosphate-P,3,120.0
test_ind,Phosphate-P,3,175.0
test_ind,Phosphate-P,3,172.0
test_ind,Phosphate-P,3,142.0
test_ind,Phosphate-P,3,262.0
test_ind,Phosphate-P,3,392.0
test_ind,Phosphate-P,3,238.0
test_ind,Phosphate-P,3,27.0
test_ind,Phosphate-P,3,143.0
test_ind,Phosphate-P,3,362.0
test_ind,Phosphate-P,3,36.0
test_ind,Phosphate-P,3,78.0
test_ind,Phosphate-P,3,77.0
test_ind,Phosphate-P,3,64.0
test_ind,Phosphate-P,3,382.0
test_ind,Phosphate-P,3,11.0
test_ind,Phosphate-P,3,186.0
train_ind,Phosphate-P,3,370.0
train_ind,Phosphate-P,3,218.0
train_ind,Phosphate-P,3,260.0
train_ind,Phosphate-P,3,258.0
train_ind,Phosphate-P,3,23.0
train_ind,Phosphate-P,3,28.0
train_ind,Phosphate-P,3,49.0
train_ind,Phosphate-P,3,138.0
train_ind,Phosphate-P,3,167.0
train_ind,Phosphate-P,3,15.0
train_ind,Phosphate-P,3,102.0
train_ind,Phosphate-P,3,55.0
train_ind,Phosphate-P,3,188.0
train_ind,Phosphate-P,3,216.0
train_ind,Phosphate-P,3,220.0
train_ind,Phosphate-P,3,79.0
train_ind,Phosphate-P,3,119.0
train_ind,Phosphate-P,3,332.0
train_ind,Phosphate-P,3,43.0
train_ind,Phosphate-P,3,341.0
train_ind,Phosphate-P,3,320.0
train_ind,Phosphate-P,3,326.0
train_ind,Phosphate-P,3,125.0
train_ind,Phosphate-P,3,281.0
train_ind,Phosphate-P,3,298.0
train_ind,Phosphate-P,3,372.0
train_ind,Phosphate-P,3,94.0
train_ind,Phosphate-P,3,71.0
train_ind,Phosphate-P,3,136.0
train_ind,Phosphate-P,3,99.0
train_ind,Phosphate-P,3,385.0
train_ind,Phosphate-P,3,34.0
train_ind,Phosphate-P,3,39.0
train_ind,Phosphate-P,3,191.0
train_ind,Phosphate-P,3,252.0
train_ind,Phosphate-P,3,139.0
train_ind,Phosphate-P,3,165.0
train_ind,Phosphate-P,3,284.0
train_ind,Phosphate-P,3,17.0
train_ind,Phosphate-P,3,173.0
train_ind,Phosphate-P,3,20.0
train_ind,Phosphate-P,3,104.0
train_ind,Phosphate-P,3,187.0
train_ind,Phosphate-P,3,365.0
train_ind,Phosphate-P,3,274.0
train_ind,Phosphate-P,3,16.0
train_ind,Phosphate-P,3,293.0
train_ind,Phosphate-P,3,65.0
train_ind,Phosphate-P,3,59.0
train_ind,Phosphate-P,3,75.0
train_ind,Phosphate-P,3,292.0
train_ind,Phosphate-P,3,118.0
train_ind,Phosphate-P,3,389.0
train_ind,Phosphate-P,3,190.0
train_ind,Phosphate-P,3,215.0
train_ind,Phosphate-P,3,243.0
train_ind,Phosphate-P,3,306.0
train_ind,Phosphate-P,3,145.0
train_ind,Phosphate-P,3,121.0
train_ind,Phosphate-P,3,373.0
train_ind,Phosphate-P,3,80.0
train_ind,Phosphate-P,3,344.0
train_ind,Phosphate-P,3,346.0
train_ind,Phosphate-P,3,72.0
train_ind,Phosphate-P,3,391.0
train_ind,Phosphate-P,3,351.0
train_ind,Phosphate-P,3,247.0
train_ind,Phosphate-P,3,291.0
train_ind,Phosphate-P,3,299.0
train_ind,Phosphate-P,3,101.0
train_ind,Phosphate-P,3,300.0
train_ind,Phosphate-P,3,97.0
train_ind,Phosphate-P,3,211.0
train_ind,Phosphate-P,3,164.0
train_ind,Phosphate-P,3,304.0
train_ind,Phosphate-P,3,169.0
train_ind,Phosphate-P,3,214.0
train_ind,Phosphate-P,3,266.0
train_ind,Phosphate-P,3,311.0
train_ind,Phosphate-P,3,250.0
train_ind,Phosphate-P,3,174.0
train_ind,Phosphate-P,3,3.0
train_ind,Phosphate-P,3,244.0
train_ind,Phosphate-P,3,329.0
train_ind,Phosphate-P,3,249.0
train_ind,Phosphate-P,3,38.0
train_ind,Phosphate-P,3,390.0
train_ind,Phosphate-P,3,103.0
train_ind,Phosphate-P,3,374.0
train_ind,Phosphate-P,3,57.0
train_ind,Phosphate-P,3,270.0
train_ind,Phosphate-P,3,98.0
train_ind,Phosphate-P,3,193.0
train_ind,Phosphate-P,3,41.0
train_ind,Phosphate-P,3,73.0
train_ind,Phosphate-P,3,168.0
train_ind,Phosphate-P,3,265.0
train_ind,Phosphate-P,3,67.0
train_ind,Phosphate-P,3,14.0
train_ind,Phosphate-P,3,124.0
train_ind,Phosphate-P,3,395.0
train_ind,Phosphate-P,3,398.0
train_ind,Phosphate-P,3,333.0
train_ind,Phosphate-P,3,212.0
train_ind,Phosphate-P,3,237.0
train_ind,Phosphate-P,3,219.0
train_ind,Phosphate-P,3,140.0
train_ind,Phosphate-P,3,189.0
train_ind,Phosphate-P,3,278.0
train_ind,Phosphate-P,3,122.0
train_ind,Phosphate-P,3,6.0
train_ind,Phosphate-P,3,137.0
train_ind,Phosphate-P,3,319.0
train_ind,Phosphate-P,3,170.0
train_ind,Phosphate-P,3,52.0
train_ind,Phosphate-P,3,302.0
train_ind,Phosphate-P,3,349.0
train_ind,Phosphate-P,3,192.0
train_ind,Phosphate-P,3,361.0
train_ind,Phosphate-P,3,315.0
train_ind,Phosphate-P,3,347.0
train_ind,Phosphate-P,3,257.0
train_ind,Phosphate-P,3,318.0
train_ind,Phosphate-P,3,295.0
train_ind,Phosphate-P,3,353.0
train_ind,Phosphate-P,3,232.0
train_ind,Phosphate-P,3,312.0
train_ind,Phosphate-P,3,42.0
train_ind,Phosphate-P,3,2.0
train_ind,Phosphate-P,3,386.0
train_ind,Phosphate-P,3,280.0
train_ind,Phosphate-P,3,323.0
train_ind,Phosphate-P,3,231.0
test_rsq,Phosphate-P,3,-0.014514785108564743
train_rsq,Phosphate-P,3,0.3281222215387084
test_rmse,Phosphate-P,3,0.2368014711725669
train_rmse,Phosphate-P,3,0.18819706269414171
test_mape,Phosphate-P,3,92.39547084880067
train_mape,Phosphate-P,3,97.24121984884053
n_comp,Phosphate-P,3,7.0
y_hat_test,Phosphate-P,4,0.19167555707434164
y_hat_test,Phosphate-P,4,0.3796208436266042
y_hat_test,Phosphate-P,4,0.3225925939747126
y_hat_test,Phosphate-P,4,0.4144229188203521
y_hat_test,Phosphate-P,4,0.4766179783173999
y_hat_test,Phosphate-P,4,0.4826612377235845
y_hat_test,Phosphate-P,4,0.2015053061943134
y_hat_test,Phosphate-P,4,0.1534899038715006
y_hat_test,Phosphate-P,4,0.07922018707070488
y_hat_test,Phosphate-P,4,0.2247840137402941
y_hat_test,Phosphate-P,4,0.6254579218614364
y_hat_test,Phosphate-P,4,0.2241961441196761
y_hat_test,Phosphate-P,4,0.3323895127920248
y_hat_test,Phosphate-P,4,0.33616836174746956
y_hat_test,Phosphate-P,4,0.22453445992706816
y_hat_test,Phosphate-P,4,0.07069488632688295
y_hat_test,Phosphate-P,4,0.2926763703246268
y_hat_test,Phosphate-P,4,0.27597309417960525
y_hat_test,Phosphate-P,4,0.5014958540108752
y_hat_test,Phosphate-P,4,0.24234833509699855
y_hat_test,Phosphate-P,4,0.37886931415505987
y_hat_test,Phosphate-P,4,0.2634483122687819
y_hat_test,Phosphate-P,4,0.293428885809242
y_hat_test,Phosphate-P,4,0.6151018414666727
y_hat_test,Phosphate-P,4,0.23056808283910105
y_hat_test,Phosphate-P,4,0.22094315140703744
y_hat_test,Phosphate-P,4,0.36621615857646533
y_hat_test,Phosphate-P,4,0.30493935247035675
y_hat_test,Phosphate-P,4,0.32437655599096105
y_hat_test,Phosphate-P,4,0.04777698563006155
y_hat_test,Phosphate-P,4,0.3943786559639736
y_hat_test,Phosphate-P,4,0.24558512270062702
y_hat_test,Phosphate-P,4,0.3947320339947302
y_hat_test,Phosphate-P,4,0.4497767495097972
y_hat_test,Phosphate-P,4,0.058278750100396515
y_hat_test,Phosphate-P,4,0.2506065982157766
y_hat_test,Phosphate-P,4,0.05163185995202951
y_hat_test,Phosphate-P,4,0.31244475095800694
y_hat_test,Phosphate-P,4,0.17605561700134764
y_hat_test,Phosphate-P,4,0.3995084441645897
y_hat_test,Phosphate-P,4,0.4203649181724922
y_hat_test,Phosphate-P,4,0.40028315158596406
y_hat_test,Phosphate-P,4,0.06625466823226123
y_hat_test,Phosphate-P,4,0.12514579028442488
y_hat_test,Phosphate-P,4,0.02656547206373605
y_hat_test,Phosphate-P,4,0.3328041214334178
y_hat_test,Phosphate-P,4,0.3053260894430576
y_hat_test,Phosphate-P,4,0.2708143671550281
y_hat_test,Phosphate-P,4,0.5518934255521373
y_hat_test,Phosphate-P,4,0.4968592362131156
y_hat_test,Phosphate-P,4,0.3044608490846772
y_hat_test,Phosphate-P,4,0.31021037841402366
y_hat_test,Phosphate-P,4,0.009594728915589268
y_hat_test,Phosphate-P,4,0.550453188248071
y_hat_test,Phosphate-P,4,0.28879076698241524
y_hat_test,Phosphate-P,4,0.16106794739333832
y_hat_test,Phosphate-P,4,0.3096236426070544
y_hat_test,Phosphate-P,4,0.3055419374624925
y_hat_train,Phosphate-P,4,0.2755408277091912
y_hat_train,Phosphate-P,4,0.36327862498272234
y_hat_train,Phosphate-P,4,0.11066474787342698
y_hat_train,Phosphate-P,4,0.3046268792113449
y_hat_train,Phosphate-P,4,0.318181494171733
y_hat_train,Phosphate-P,4,0.20518725101001942
y_hat_train,Phosphate-P,4,0.3383511869249374
y_hat_train,Phosphate-P,4,0.23689394730069802
y_hat_train,Phosphate-P,4,-0.04603118975361803
y_hat_train,Phosphate-P,4,0.15488080152149264
y_hat_train,Phosphate-P,4,-0.05650231780177656
y_hat_train,Phosphate-P,4,0.4731281761482009
y_hat_train,Phosphate-P,4,0.31256524095789195
y_hat_train,Phosphate-P,4,0.32575606998800616
y_hat_train,Phosphate-P,4,0.21365074916922983
y_hat_train,Phosphate-P,4,0.05490460789695298
y_hat_train,Phosphate-P,4,0.18771792037647494
y_hat_train,Phosphate-P,4,0.29862539257772824
y_hat_train,Phosphate-P,4,0.27602883776102255
y_hat_train,Phosphate-P,4,0.42661461619888075
y_hat_train,Phosphate-P,4,0.22625592355188523
y_hat_train,Phosphate-P,4,0.4391913311447318
y_hat_train,Phosphate-P,4,0.2031261113678964
y_hat_train,Phosphate-P,4,0.21106810962998235
y_hat_train,Phosphate-P,4,0.4052473856501174
y_hat_train,Phosphate-P,4,0.04060579273498999
y_hat_train,Phosphate-P,4,0.30186009428706523
y_hat_train,Phosphate-P,4,0.13357619064765613
y_hat_train,Phosphate-P,4,0.19898531876087383
y_hat_train,Phosphate-P,4,0.3069291193015343
y_hat_train,Phosphate-P,4,0.142901814015631
y_hat_train,Phosphate-P,4,0.3872166995671183
y_hat_train,Phosphate-P,4,0.05500554653942122
y_hat_train,Phosphate-P,4,0.3370723039756115
y_hat_train,Phosphate-P,4,0.23354686370062766
y_hat_train,Phosphate-P,4,0.4631365048284699
y_hat_train,Phosphate-P,4,0.31102317551937847
y_hat_train,Phosphate-P,4,0.2161503540018948
y_hat_train,Phosphate-P,4,0.25895622026831266
y_hat_train,Phosphate-P,4,0.10731675295438434
y_hat_train,Phosphate-P,4,0.3307384752444537
y_hat_train,Phosphate-P,4,0.5034469277379268
y_hat_train,Phosphate-P,4,0.3753904160320293
y_hat_train,Phosphate-P,4,0.17343597243842312
y_hat_train,Phosphate-P,4,0.22859410859163073
y_hat_train,Phosphate-P,4,0.33853259322492213
y_hat_train,Phosphate-P,4,0.18469387500715836
y_hat_train,Phosphate-P,4,0.3751080281797582
y_hat_train,Phosphate-P,4,0.4140108140274632
y_hat_train,Phosphate-P,4,0.3567607607605131
y_hat_train,Phosphate-P,4,0.48233272492002116
y_hat_train,Phosphate-P,4,0.6712123260966734
y_hat_train,Phosphate-P,4,0.28018576689338015
y_hat_train,Phosphate-P,4,0.06078236234472073
y_hat_train,Phosphate-P,4,0.3774264944369316
y_hat_train,Phosphate-P,4,0.27646498131679775
y_hat_train,Phosphate-P,4,0.22491509808734444
y_hat_train,Phosphate-P,4,0.49688116752430234
y_hat_train,Phosphate-P,4,0.34565146073449954
y_hat_train,Phosphate-P,4,0.10099182829780307
y_hat_train,Phosphate-P,4,0.20315768683296437
y_hat_train,Phosphate-P,4,0.4695086980970737
y_hat_train,Phosphate-P,4,0.44101226039889585
y_hat_train,Phosphate-P,4,0.41256339859761815
y_hat_train,Phosphate-P,4,0.10439309646347064
y_hat_train,Phosphate-P,4,0.40062048735586625
y_hat_train,Phosphate-P,4,0.3079326897184886
y_hat_train,Phosphate-P,4,0.0654042220426303
y_hat_train,Phosphate-P,4,0.5940491719889143
y_hat_train,Phosphate-P,4,0.21343195929416747
y_hat_train,Phosphate-P,4,0.4153896044081093
y_hat_train,Phosphate-P,4,0.04743651238414637
y_hat_train,Phosphate-P,4,0.4868732655029793
y_hat_train,Phosphate-P,4,0.17665525295100598
y_hat_train,Phosphate-P,4,0.3562101608267172
y_hat_train,Phosphate-P,4,0.35215606930724414
y_hat_train,Phosphate-P,4,0.5713779850619913
y_hat_train,Phosphate-P,4,0.3810048344841629
y_hat_train,Phosphate-P,4,0.14504178226998615
y_hat_train,Phosphate-P,4,0.03772680474633863
y_hat_train,Phosphate-P,4,0.21520822739590503
y_hat_train,Phosphate-P,4,0.15450579022261893
y_hat_train,Phosphate-P,4,0.43921282487048013
y_hat_train,Phosphate-P,4,0.39652020888798484
y_hat_train,Phosphate-P,4,0.34425318625178536
y_hat_train,Phosphate-P,4,0.32146673378295465
y_hat_train,Phosphate-P,4,0.3390513724240366
y_hat_train,Phosphate-P,4,0.4214960943173639
y_hat_train,Phosphate-P,4,0.07463992178100112
y_hat_train,Phosphate-P,4,0.13637444416148264
y_hat_train,Phosphate-P,4,0.6151008291255181
y_hat_train,Phosphate-P,4,0.20392328277191757
y_hat_train,Phosphate-P,4,0.35070666666181
y_hat_train,Phosphate-P,4,0.40331854457639055
y_hat_train,Phosphate-P,4,0.22080990441908654
y_hat_train,Phosphate-P,4,0.16070108642034386
y_hat_train,Phosphate-P,4,0.21504904190357915
y_hat_train,Phosphate-P,4,0.20280615752982076
y_hat_train,Phosphate-P,4,0.3735621458733353
y_hat_train,Phosphate-P,4,0.5558747877323944
y_hat_train,Phosphate-P,4,0.45111746582352374
y_hat_train,Phosphate-P,4,0.2755335148504599
y_hat_train,Phosphate-P,4,0.47908997379224816
y_hat_train,Phosphate-P,4,0.4630305825062153
y_hat_train,Phosphate-P,4,0.17551383580358013
y_hat_train,Phosphate-P,4,0.375586948479272
y_hat_train,Phosphate-P,4,0.2955533193614427
y_hat_train,Phosphate-P,4,0.1805362039673055
y_hat_train,Phosphate-P,4,0.22687479080875622
y_hat_train,Phosphate-P,4,0.37264953725715777
y_hat_train,Phosphate-P,4,0.4245476921953614
y_hat_train,Phosphate-P,4,0.02568036828045045
y_hat_train,Phosphate-P,4,0.27699106640876303
y_hat_train,Phosphate-P,4,0.2087135748329997
y_hat_train,Phosphate-P,4,0.5874179281052594
y_hat_train,Phosphate-P,4,0.05367523782188208
y_hat_train,Phosphate-P,4,0.06563868892804275
y_hat_train,Phosphate-P,4,0.26524718130879277
y_hat_train,Phosphate-P,4,0.3206923491215073
y_hat_train,Phosphate-P,4,0.3373631350433869
y_hat_train,Phosphate-P,4,0.5632074361003124
y_hat_train,Phosphate-P,4,0.11314236324855334
y_hat_train,Phosphate-P,4,0.5270873933791502
y_hat_train,Phosphate-P,4,0.41697774794249776
y_hat_train,Phosphate-P,4,0.3892552408945667
y_hat_train,Phosphate-P,4,0.23658227449481184
y_hat_train,Phosphate-P,4,0.2844838578788558
y_hat_train,Phosphate-P,4,0.1921998746733003
y_hat_train,Phosphate-P,4,0.17050462869794036
y_hat_train,Phosphate-P,4,0.1911863665214989
y_hat_train,Phosphate-P,4,0.05516932509680594
y_hat_train,Phosphate-P,4,0.025755573233770368
y_hat_train,Phosphate-P,4,0.4273156087300425
y_true_train,Phosphate-P,4,0.51
y_true_train,Phosphate-P,4,0.156
y_true_train,Phosphate-P,4,0.092
y_true_train,Phosphate-P,4,0.08433
y_true_train,Phosphate-P,4,0.132
y_true_train,Phosphate-P,4,0.09747
y_true_train,Phosphate-P,4,0.554333333
y_true_train,Phosphate-P,4,0.07735
y_true_train,Phosphate-P,4,0.08984
y_true_train,Phosphate-P,4,0.16336
y_true_train,Phosphate-P,4,0.07329
y_true_train,Phosphate-P,4,0.11929
y_true_train,Phosphate-P,4,0.110666667
y_true_train,Phosphate-P,4,0.15785
y_true_train,Phosphate-P,4,0.15989332
y_true_train,Phosphate-P,4,0.05571
y_true_train,Phosphate-P,4,0.12965646
y_true_train,Phosphate-P,4,0.1027
y_true_train,Phosphate-P,4,0.073666667
y_true_train,Phosphate-P,4,0.114
y_true_train,Phosphate-P,4,0.0512
y_true_train,Phosphate-P,4,0.728098185
y_true_train,Phosphate-P,4,0.08439
y_true_train,Phosphate-P,4,0.40176
y_true_train,Phosphate-P,4,0.880333333
y_true_train,Phosphate-P,4,0.06773
y_true_train,Phosphate-P,4,0.158
y_true_train,Phosphate-P,4,0.078
y_true_train,Phosphate-P,4,0.12965646
y_true_train,Phosphate-P,4,0.30041
y_true_train,Phosphate-P,4,0.284666667
y_true_train,Phosphate-P,4,0.271013196
y_true_train,Phosphate-P,4,0.061333333
y_true_train,Phosphate-P,4,0.09
y_true_train,Phosphate-P,4,0.177
y_true_train,Phosphate-P,4,0.562333333
y_true_train,Phosphate-P,4,0.271013196
y_true_train,Phosphate-P,4,0.05031
y_true_train,Phosphate-P,4,0.07105
y_true_train,Phosphate-P,4,0.336
y_true_train,Phosphate-P,4,0.36584
y_true_train,Phosphate-P,4,0.53977
y_true_train,Phosphate-P,4,0.166804647
y_true_train,Phosphate-P,4,0.163838414
y_true_train,Phosphate-P,4,0.264
y_true_train,Phosphate-P,4,0.11203
y_true_train,Phosphate-P,4,0.07185
y_true_train,Phosphate-P,4,0.131
y_true_train,Phosphate-P,4,0.094
y_true_train,Phosphate-P,4,0.406666667
y_true_train,Phosphate-P,4,0.817666667
y_true_train,Phosphate-P,4,0.69042
y_true_train,Phosphate-P,4,0.34
y_true_train,Phosphate-P,4,0.187666667
y_true_train,Phosphate-P,4,0.55
y_true_train,Phosphate-P,4,0.416666667
y_true_train,Phosphate-P,4,0.089
y_true_train,Phosphate-P,4,0.727666667
y_true_train,Phosphate-P,4,0.601333333
y_true_train,Phosphate-P,4,0.613333333
y_true_train,Phosphate-P,4,0.415
y_true_train,Phosphate-P,4,0.470497874
y_true_train,Phosphate-P,4,0.67654
y_true_train,Phosphate-P,4,0.588000088
y_true_train,Phosphate-P,4,0.06315
y_true_train,Phosphate-P,4,0.1692
y_true_train,Phosphate-P,4,0.36624
y_true_train,Phosphate-P,4,0.089
y_true_train,Phosphate-P,4,0.72154
y_true_train,Phosphate-P,4,0.078333333
y_true_train,Phosphate-P,4,0.527
y_true_train,Phosphate-P,4,0.091666667
y_true_train,Phosphate-P,4,0.996333333
y_true_train,Phosphate-P,4,0.14079
y_true_train,Phosphate-P,4,0.661834245
y_true_train,Phosphate-P,4,0.124666667
y_true_train,Phosphate-P,4,0.890825762
y_true_train,Phosphate-P,4,0.10954
y_true_train,Phosphate-P,4,0.338333333
y_true_train,Phosphate-P,4,0.04722
y_true_train,Phosphate-P,4,0.264
y_true_train,Phosphate-P,4,0.10184
y_true_train,Phosphate-P,4,0.11026
y_true_train,Phosphate-P,4,0.166804647
y_true_train,Phosphate-P,4,0.239333333
y_true_train,Phosphate-P,4,0.098666667
y_true_train,Phosphate-P,4,0.59085
y_true_train,Phosphate-P,4,0.457286778
y_true_train,Phosphate-P,4,0.03695
y_true_train,Phosphate-P,4,0.158333333
y_true_train,Phosphate-P,4,0.866544347
y_true_train,Phosphate-P,4,0.071
y_true_train,Phosphate-P,4,0.153666667
y_true_train,Phosphate-P,4,0.104236832
y_true_train,Phosphate-P,4,0.08955
y_true_train,Phosphate-P,4,0.14617
y_true_train,Phosphate-P,4,0.34749
y_true_train,Phosphate-P,4,0.531
y_true_train,Phosphate-P,4,0.108666667
y_true_train,Phosphate-P,4,0.757333333
y_true_train,Phosphate-P,4,0.48344
y_true_train,Phosphate-P,4,0.076666667
y_true_train,Phosphate-P,4,0.67156
y_true_train,Phosphate-P,4,0.46794
y_true_train,Phosphate-P,4,0.052333333
y_true_train,Phosphate-P,4,0.33558
y_true_train,Phosphate-P,4,0.09725
y_true_train,Phosphate-P,4,0.22296
y_true_train,Phosphate-P,4,0.136666667
y_true_train,Phosphate-P,4,0.089333333
y_true_train,Phosphate-P,4,0.05276
y_true_train,Phosphate-P,4,0.108
y_true_train,Phosphate-P,4,0.398
y_true_train,Phosphate-P,4,0.338333333
y_true_train,Phosphate-P,4,0.728666667
y_true_train,Phosphate-P,4,0.089
y_true_train,Phosphate-P,4,0.16774969
y_true_train,Phosphate-P,4,0.546666667
y_true_train,Phosphate-P,4,0.686666667
y_true_train,Phosphate-P,4,0.27718
y_true_train,Phosphate-P,4,0.631870027
y_true_train,Phosphate-P,4,0.106524044
y_true_train,Phosphate-P,4,0.6755
y_true_train,Phosphate-P,4,0.168488244
y_true_train,Phosphate-P,4,0.34249
y_true_train,Phosphate-P,4,0.123
y_true_train,Phosphate-P,4,0.54935
y_true_train,Phosphate-P,4,0.10434
y_true_train,Phosphate-P,4,0.116706814
y_true_train,Phosphate-P,4,0.081666667
y_true_train,Phosphate-P,4,0.058
y_true_train,Phosphate-P,4,0.228333333
y_true_train,Phosphate-P,4,0.495666667
y_true_test,Phosphate-P,4,0.05799
y_true_test,Phosphate-P,4,0.132
y_true_test,Phosphate-P,4,0.229333333
y_true_test,Phosphate-P,4,0.104333333
y_true_test,Phosphate-P,4,0.42907
y_true_test,Phosphate-P,4,0.03864
y_true_test,Phosphate-P,4,0.466666667
y_true_test,Phosphate-P,4,0.082
y_true_test,Phosphate-P,4,0.05293
y_true_test,Phosphate-P,4,0.08646
y_true_test,Phosphate-P,4,0.150156265
y_true_test,Phosphate-P,4,0.221333333
y_true_test,Phosphate-P,4,0.05119
y_true_test,Phosphate-P,4,0.2953
y_true_test,Phosphate-P,4,0.200780147
y_true_test,Phosphate-P,4,0.061333333
y_true_test,Phosphate-P,4,0.41883
y_true_test,Phosphate-P,4,0.42907
y_true_test,Phosphate-P,4,0.120092955
y_true_test,Phosphate-P,4,0.44946521
y_true_test,Phosphate-P,4,0.44981
y_true_test,Phosphate-P,4,0.557
y_true_test,Phosphate-P,4,0.708
y_true_test,Phosphate-P,4,0.336730892
y_true_test,Phosphate-P,4,0.116706814
y_true_test,Phosphate-P,4,0.167
y_true_test,Phosphate-P,4,0.19012
y_true_test,Phosphate-P,4,0.098333333
y_true_test,Phosphate-P,4,0.086
y_true_test,Phosphate-P,4,0.05315
y_true_test,Phosphate-P,4,0.119
y_true_test,Phosphate-P,4,0.078333333
y_true_test,Phosphate-P,4,0.55
y_true_test,Phosphate-P,4,0.191666667
y_true_test,Phosphate-P,4,0.088
y_true_test,Phosphate-P,4,0.152333333
y_true_test,Phosphate-P,4,0.081
y_true_test,Phosphate-P,4,0.70909
y_true_test,Phosphate-P,4,0.18067
y_true_test,Phosphate-P,4,0.107666667
y_true_test,Phosphate-P,4,0.619333333
y_true_test,Phosphate-P,4,0.06581
y_true_test,Phosphate-P,4,0.102666667
y_true_test,Phosphate-P,4,0.090333333
y_true_test,Phosphate-P,4,0.08157
y_true_test,Phosphate-P,4,0.528
y_true_test,Phosphate-P,4,0.24417
y_true_test,Phosphate-P,4,0.189666667
y_true_test,Phosphate-P,4,0.11770379
y_true_test,Phosphate-P,4,0.205603597
y_true_test,Phosphate-P,4,0.07112
y_true_test,Phosphate-P,4,0.06275
y_true_test,Phosphate-P,4,0.068
y_true_test,Phosphate-P,4,0.834333333
y_true_test,Phosphate-P,4,0.750333333
y_true_test,Phosphate-P,4,0.0686
y_true_test,Phosphate-P,4,0.691666667
y_true_test,Phosphate-P,4,0.38031
test_ind,Phosphate-P,4,67.0
test_ind,Phosphate-P,4,171.0
test_ind,Phosphate-P,4,351.0
test_ind,Phosphate-P,4,300.0
test_ind,Phosphate-P,4,96.0
test_ind,Phosphate-P,4,20.0
test_ind,Phosphate-P,4,3.0
test_ind,Phosphate-P,4,274.0
test_ind,Phosphate-P,4,257.0
test_ind,Phosphate-P,4,243.0
test_ind,Phosphate-P,4,217.0
test_ind,Phosphate-P,4,382.0
test_ind,Phosphate-P,4,69.0
test_ind,Phosphate-P,4,233.0
test_ind,Phosphate-P,4,173.0
test_ind,Phosphate-P,4,191.0
test_ind,Phosphate-P,4,258.0
test_ind,Phosphate-P,4,97.0
test_ind,Phosphate-P,4,165.0
test_ind,Phosphate-P,4,123.0
test_ind,Phosphate-P,4,244.0
test_ind,Phosphate-P,4,372.0
test_ind,Phosphate-P,4,341.0
test_ind,Phosphate-P,4,94.0
test_ind,Phosphate-P,4,220.0
test_ind,Phosphate-P,4,12.0
test_ind,Phosphate-P,4,28.0
test_ind,Phosphate-P,4,287.0
test_ind,Phosphate-P,4,265.0
test_ind,Phosphate-P,4,38.0
test_ind,Phosphate-P,4,381.0
test_ind,Phosphate-P,4,216.0
test_ind,Phosphate-P,4,142.0
test_ind,Phosphate-P,4,324.0
test_ind,Phosphate-P,4,323.0
test_ind,Phosphate-P,4,374.0
test_ind,Phosphate-P,4,270.0
test_ind,Phosphate-P,4,140.0
test_ind,Phosphate-P,4,52.0
test_ind,Phosphate-P,4,315.0
test_ind,Phosphate-P,4,362.0
test_ind,Phosphate-P,4,238.0
test_ind,Phosphate-P,4,370.0
test_ind,Phosphate-P,4,395.0
test_ind,Phosphate-P,4,187.0
test_ind,Phosphate-P,4,304.0
test_ind,Phosphate-P,4,23.0
test_ind,Phosphate-P,4,378.0
test_ind,Phosphate-P,4,231.0
test_ind,Phosphate-P,4,172.0
test_ind,Phosphate-P,4,34.0
test_ind,Phosphate-P,4,39.0
test_ind,Phosphate-P,4,6.0
test_ind,Phosphate-P,4,298.0
test_ind,Phosphate-P,4,373.0
test_ind,Phosphate-P,4,59.0
test_ind,Phosphate-P,4,319.0
test_ind,Phosphate-P,4,49.0
train_ind,Phosphate-P,4,391.0
train_ind,Phosphate-P,4,398.0
train_ind,Phosphate-P,4,11.0
train_ind,Phosphate-P,4,252.0
train_ind,Phosphate-P,4,170.0
train_ind,Phosphate-P,4,51.0
train_ind,Phosphate-P,4,338.0
train_ind,Phosphate-P,4,73.0
train_ind,Phosphate-P,4,188.0
train_ind,Phosphate-P,4,57.0
train_ind,Phosphate-P,4,189.0
train_ind,Phosphate-P,4,166.0
train_ind,Phosphate-P,4,305.0
train_ind,Phosphate-P,4,169.0
train_ind,Phosphate-P,4,192.0
train_ind,Phosphate-P,4,214.0
train_ind,Phosphate-P,4,77.0
train_ind,Phosphate-P,4,237.0
train_ind,Phosphate-P,4,343.0
train_ind,Phosphate-P,4,320.0
train_ind,Phosphate-P,4,41.0
train_ind,Phosphate-P,4,145.0
train_ind,Phosphate-P,4,249.0
train_ind,Phosphate-P,4,136.0
train_ind,Phosphate-P,4,344.0
train_ind,Phosphate-P,4,71.0
train_ind,Phosphate-P,4,333.0
train_ind,Phosphate-P,4,342.0
train_ind,Phosphate-P,4,78.0
train_ind,Phosphate-P,4,95.0
train_ind,Phosphate-P,4,339.0
train_ind,Phosphate-P,4,126.0
train_ind,Phosphate-P,4,190.0
train_ind,Phosphate-P,4,359.0
train_ind,Phosphate-P,4,366.0
train_ind,Phosphate-P,4,299.0
train_ind,Phosphate-P,4,125.0
train_ind,Phosphate-P,4,14.0
train_ind,Phosphate-P,4,17.0
train_ind,Phosphate-P,4,353.0
train_ind,Phosphate-P,4,27.0
train_ind,Phosphate-P,4,29.0
train_ind,Phosphate-P,4,175.0
train_ind,Phosphate-P,4,79.0
train_ind,Phosphate-P,4,122.0
train_ind,Phosphate-P,4,212.0
train_ind,Phosphate-P,4,55.0
train_ind,Phosphate-P,4,266.0
train_ind,Phosphate-P,4,311.0
train_ind,Phosphate-P,4,260.0
train_ind,Phosphate-P,4,392.0
train_ind,Phosphate-P,4,138.0
train_ind,Phosphate-P,4,358.0
train_ind,Phosphate-P,4,284.0
train_ind,Phosphate-P,4,141.0
train_ind,Phosphate-P,4,279.0
train_ind,Phosphate-P,4,75.0
train_ind,Phosphate-P,4,9.0
train_ind,Phosphate-P,4,329.0
train_ind,Phosphate-P,4,295.0
train_ind,Phosphate-P,4,302.0
train_ind,Phosphate-P,4,124.0
train_ind,Phosphate-P,4,139.0
train_ind,Phosphate-P,4,102.0
train_ind,Phosphate-P,4,16.0
train_ind,Phosphate-P,4,167.0
train_ind,Phosphate-P,4,36.0
train_ind,Phosphate-P,4,76.0
train_ind,Phosphate-P,4,64.0
train_ind,Phosphate-P,4,215.0
train_ind,Phosphate-P,4,291.0
train_ind,Phosphate-P,4,349.0
train_ind,Phosphate-P,4,281.0
train_ind,Phosphate-P,4,211.0
train_ind,Phosphate-P,4,103.0
train_ind,Phosphate-P,4,268.0
train_ind,Phosphate-P,4,143.0
train_ind,Phosphate-P,4,15.0
train_ind,Phosphate-P,4,100.0
train_ind,Phosphate-P,4,232.0
train_ind,Phosphate-P,4,121.0
train_ind,Phosphate-P,4,72.0
train_ind,Phosphate-P,4,168.0
train_ind,Phosphate-P,4,174.0
train_ind,Phosphate-P,4,312.0
train_ind,Phosphate-P,4,346.0
train_ind,Phosphate-P,4,48.0
train_ind,Phosphate-P,4,164.0
train_ind,Phosphate-P,4,43.0
train_ind,Phosphate-P,4,326.0
train_ind,Phosphate-P,4,144.0
train_ind,Phosphate-P,4,306.0
train_ind,Phosphate-P,4,386.0
train_ind,Phosphate-P,4,194.0
train_ind,Phosphate-P,4,213.0
train_ind,Phosphate-P,4,248.0
train_ind,Phosphate-P,4,247.0
train_ind,Phosphate-P,4,8.0
train_ind,Phosphate-P,4,332.0
train_ind,Phosphate-P,4,361.0
train_ind,Phosphate-P,4,65.0
train_ind,Phosphate-P,4,389.0
train_ind,Phosphate-P,4,137.0
train_ind,Phosphate-P,4,98.0
train_ind,Phosphate-P,4,292.0
train_ind,Phosphate-P,4,61.0
train_ind,Phosphate-P,4,250.0
train_ind,Phosphate-P,4,118.0
train_ind,Phosphate-P,4,347.0
train_ind,Phosphate-P,4,318.0
train_ind,Phosphate-P,4,42.0
train_ind,Phosphate-P,4,2.0
train_ind,Phosphate-P,4,280.0
train_ind,Phosphate-P,4,101.0
train_ind,Phosphate-P,4,269.0
train_ind,Phosphate-P,4,74.0
train_ind,Phosphate-P,4,80.0
train_ind,Phosphate-P,4,345.0
train_ind,Phosphate-P,4,390.0
train_ind,Phosphate-P,4,119.0
train_ind,Phosphate-P,4,104.0
train_ind,Phosphate-P,4,193.0
train_ind,Phosphate-P,4,236.0
train_ind,Phosphate-P,4,218.0
train_ind,Phosphate-P,4,120.0
train_ind,Phosphate-P,4,293.0
train_ind,Phosphate-P,4,99.0
train_ind,Phosphate-P,4,186.0
train_ind,Phosphate-P,4,219.0
train_ind,Phosphate-P,4,278.0
train_ind,Phosphate-P,4,385.0
train_ind,Phosphate-P,4,365.0
train_ind,Phosphate-P,4,262.0
test_rsq,Phosphate-P,4,-0.11618212777990755
train_rsq,Phosphate-P,4,0.3862404770481046
test_rmse,Phosphate-P,4,0.22745923258204395
train_rmse,Phosphate-P,4,0.18768299886146167
test_mape,Phosphate-P,4,138.2696120554092
train_mape,Phosphate-P,4,94.65538561020387
n_comp,Phosphate-P,4,7.0
y_hat_test,Phosphate-P,5,0.3517620336176526
y_hat_test,Phosphate-P,5,0.04049730177801375
y_hat_test,Phosphate-P,5,0.30918720340788636
y_hat_test,Phosphate-P,5,0.19023134681630455
y_hat_test,Phosphate-P,5,0.1717080648491039
y_hat_test,Phosphate-P,5,0.17152804059740764
y_hat_test,Phosphate-P,5,0.14149435381756792
y_hat_test,Phosphate-P,5,0.004925375142531607
y_hat_test,Phosphate-P,5,0.22435107479178965
y_hat_test,Phosphate-P,5,0.29313457220228334
y_hat_test,Phosphate-P,5,0.08777425735230115
y_hat_test,Phosphate-P,5,0.22006226447473265
y_hat_test,Phosphate-P,5,0.25144235045867697
y_hat_test,Phosphate-P,5,0.3013592711435608
y_hat_test,Phosphate-P,5,0.11586008320734659
y_hat_test,Phosphate-P,5,0.46330377206798634
y_hat_test,Phosphate-P,5,0.19816640028396676
y_hat_test,Phosphate-P,5,0.30213598632170635
y_hat_test,Phosphate-P,5,0.28895020785410114
y_hat_test,Phosphate-P,5,0.04013799687063982
y_hat_test,Phosphate-P,5,0.15065436285793055
y_hat_test,Phosphate-P,5,0.27126978744472846
y_hat_test,Phosphate-P,5,0.21988720627723346
y_hat_test,Phosphate-P,5,0.27275496002237704
y_hat_test,Phosphate-P,5,0.5120012520907778
y_hat_test,Phosphate-P,5,0.26532260643369976
y_hat_test,Phosphate-P,5,0.25805527479283147
y_hat_test,Phosphate-P,5,0.14223351059717823
y_hat_test,Phosphate-P,5,-0.044034299306487557
y_hat_test,Phosphate-P,5,0.14955969228497581
y_hat_test,Phosphate-P,5,0.19260197276845004
y_hat_test,Phosphate-P,5,0.39909533945531195
y_hat_test,Phosphate-P,5,0.42316614678006914
y_hat_test,Phosphate-P,5,0.2809771950884251
y_hat_test,Phosphate-P,5,0.28988093612769605
y_hat_test,Phosphate-P,5,0.3208957679314395
y_hat_test,Phosphate-P,5,0.24094511402352575
y_hat_test,Phosphate-P,5,0.24598619239436065
y_hat_test,Phosphate-P,5,0.25195471985823664
y_hat_test,Phosphate-P,5,0.12402081984830343
y_hat_test,Phosphate-P,5,0.42168806390329183
y_hat_test,Phosphate-P,5,0.25447144246524905
y_hat_test,Phosphate-P,5,0.40242111928105084
y_hat_test,Phosphate-P,5,0.1596970628736532
y_hat_test,Phosphate-P,5,0.565518224704564
y_hat_test,Phosphate-P,5,0.29223627592403556
y_hat_test,Phosphate-P,5,0.22520330464244215
y_hat_test,Phosphate-P,5,0.32004295924442006
y_hat_test,Phosphate-P,5,0.5209868648154408
y_hat_test,Phosphate-P,5,0.2469141065839274
y_hat_test,Phosphate-P,5,-0.03942238808037424
y_hat_test,Phosphate-P,5,0.025409185843800502
y_hat_test,Phosphate-P,5,0.4444491732415219
y_hat_test,Phosphate-P,5,0.3371787781821944
y_hat_test,Phosphate-P,5,0.36734845346824807
y_hat_test,Phosphate-P,5,0.20279501679253642
y_hat_test,Phosphate-P,5,0.28018921713452766
y_hat_test,Phosphate-P,5,0.25885383077779883
y_hat_train,Phosphate-P,5,0.2645387752029478
y_hat_train,Phosphate-P,5,0.24858534793147785
y_hat_train,Phosphate-P,5,0.21324174766155976
y_hat_train,Phosphate-P,5,0.4075793797824999
y_hat_train,Phosphate-P,5,0.3337554255763182
y_hat_train,Phosphate-P,5,0.1971167492992267
y_hat_train,Phosphate-P,5,0.22944581574911527
y_hat_train,Phosphate-P,5,0.24174111007262972
y_hat_train,Phosphate-P,5,0.4561600567410638
y_hat_train,Phosphate-P,5,0.2839019446258955
y_hat_train,Phosphate-P,5,0.2818722446422816
y_hat_train,Phosphate-P,5,0.4165508052342173
y_hat_train,Phosphate-P,5,0.15700246550251917
y_hat_train,Phosphate-P,5,0.1970773719374056
y_hat_train,Phosphate-P,5,0.40994915767266743
y_hat_train,Phosphate-P,5,0.49931778220122525
y_hat_train,Phosphate-P,5,0.22125666529542443
y_hat_train,Phosphate-P,5,0.21092870468492259
y_hat_train,Phosphate-P,5,0.12095425140920404
y_hat_train,Phosphate-P,5,0.05331336933788541
y_hat_train,Phosphate-P,5,0.09470648410122534
y_hat_train,Phosphate-P,5,0.3978726815136595
y_hat_train,Phosphate-P,5,0.17156617673955504
y_hat_train,Phosphate-P,5,0.3430331546986034
y_hat_train,Phosphate-P,5,0.2331158989240888
y_hat_train,Phosphate-P,5,0.27805607372692087
y_hat_train,Phosphate-P,5,0.43026306652872903
y_hat_train,Phosphate-P,5,0.3721993510001033
y_hat_train,Phosphate-P,5,0.28363379457929994
y_hat_train,Phosphate-P,5,0.4608308790042319
y_hat_train,Phosphate-P,5,0.2950029653565035
y_hat_train,Phosphate-P,5,0.4871753660795952
y_hat_train,Phosphate-P,5,0.4007457452041
y_hat_train,Phosphate-P,5,0.19345942589485748
y_hat_train,Phosphate-P,5,-0.10014556842750783
y_hat_train,Phosphate-P,5,0.32787595733574587
y_hat_train,Phosphate-P,5,0.3376427160936535
y_hat_train,Phosphate-P,5,-0.0068916962961863
y_hat_train,Phosphate-P,5,-0.039006893774464924
y_hat_train,Phosphate-P,5,0.14377293431192079
y_hat_train,Phosphate-P,5,0.4710074685692053
y_hat_train,Phosphate-P,5,0.20829661475243305
y_hat_train,Phosphate-P,5,0.2821633152395506
y_hat_train,Phosphate-P,5,0.37007200728049766
y_hat_train,Phosphate-P,5,0.20914638824757714
y_hat_train,Phosphate-P,5,0.11373233338750471
y_hat_train,Phosphate-P,5,0.23688819359290889
y_hat_train,Phosphate-P,5,0.3234853000728315
y_hat_train,Phosphate-P,5,0.14097523798982145
y_hat_train,Phosphate-P,5,0.2662617607236285
y_hat_train,Phosphate-P,5,0.3890937915570129
y_hat_train,Phosphate-P,5,-0.20930683369032266
y_hat_train,Phosphate-P,5,0.19698682491364344
y_hat_train,Phosphate-P,5,0.3280557142062048
y_hat_train,Phosphate-P,5,0.277189746711435
y_hat_train,Phosphate-P,5,0.4018442413024984
y_hat_train,Phosphate-P,5,0.2970800129014805
y_hat_train,Phosphate-P,5,0.28954377630920664
y_hat_train,Phosphate-P,5,0.19362080992027106
y_hat_train,Phosphate-P,5,0.3269427935818746
y_hat_train,Phosphate-P,5,0.27712478062004803
y_hat_train,Phosphate-P,5,0.1851224578644145
y_hat_train,Phosphate-P,5,-0.009599902596499232
y_hat_train,Phosphate-P,5,0.3604911001891812
y_hat_train,Phosphate-P,5,0.07321117213342221
y_hat_train,Phosphate-P,5,0.32436999977421477
y_hat_train,Phosphate-P,5,0.3046056007334701
y_hat_train,Phosphate-P,5,0.4143876959144237
y_hat_train,Phosphate-P,5,0.19537393108493406
y_hat_train,Phosphate-P,5,-0.019443133222529663
y_hat_train,Phosphate-P,5,0.39968330721591466
y_hat_train,Phosphate-P,5,0.4497980220773377
y_hat_train,Phosphate-P,5,0.4379774188904398
y_hat_train,Phosphate-P,5,0.13569318561014773
y_hat_train,Phosphate-P,5,0.3868832285945915
y_hat_train,Phosphate-P,5,0.35230158199435124
y_hat_train,Phosphate-P,5,0.09575960082799609
y_hat_train,Phosphate-P,5,0.21482145035003541
y_hat_train,Phosphate-P,5,0.36716822951221384
y_hat_train,Phosphate-P,5,0.35256217401888046
y_hat_train,Phosphate-P,5,0.0548455352334154
y_hat_train,Phosphate-P,5,0.365464331190348
y_hat_train,Phosphate-P,5,0.013811133858347813
y_hat_train,Phosphate-P,5,0.2598968568822016
y_hat_train,Phosphate-P,5,0.3584930496026599
y_hat_train,Phosphate-P,5,0.5450249444714259
y_hat_train,Phosphate-P,5,0.37404167841134867
y_hat_train,Phosphate-P,5,0.43655995703922523
y_hat_train,Phosphate-P,5,0.26366820165695326
y_hat_train,Phosphate-P,5,0.1839723892333417
y_hat_train,Phosphate-P,5,0.412735833927444
y_hat_train,Phosphate-P,5,0.24994686564156157
y_hat_train,Phosphate-P,5,0.03503969252943867
y_hat_train,Phosphate-P,5,0.41792509419330615
y_hat_train,Phosphate-P,5,0.20787331650474866
y_hat_train,Phosphate-P,5,0.11145691852580647
y_hat_train,Phosphate-P,5,0.3403285825755732
y_hat_train,Phosphate-P,5,-0.08962177505871566
y_hat_train,Phosphate-P,5,0.45179223155710047
y_hat_train,Phosphate-P,5,0.2598535301748494
y_hat_train,Phosphate-P,5,0.16643147742176717
y_hat_train,Phosphate-P,5,0.2279608382553773
y_hat_train,Phosphate-P,5,0.4395603378143356
y_hat_train,Phosphate-P,5,0.04206485715998026
y_hat_train,Phosphate-P,5,0.2993074705313749
y_hat_train,Phosphate-P,5,0.10386599494117868
y_hat_train,Phosphate-P,5,0.24123710021825237
y_hat_train,Phosphate-P,5,0.35384897860027176
y_hat_train,Phosphate-P,5,0.23282515899448178
y_hat_train,Phosphate-P,5,0.2415540480639101
y_hat_train,Phosphate-P,5,0.3638290614367786
y_hat_train,Phosphate-P,5,0.2837924975357313
y_hat_train,Phosphate-P,5,0.3576424688018305
y_hat_train,Phosphate-P,5,0.4720343194645355
y_hat_train,Phosphate-P,5,0.3492708058178384
y_hat_train,Phosphate-P,5,0.34249277530413624
y_hat_train,Phosphate-P,5,0.2661894057342306
y_hat_train,Phosphate-P,5,0.24627899942290327
y_hat_train,Phosphate-P,5,-0.016059448712112345
y_hat_train,Phosphate-P,5,0.1391943090010339
y_hat_train,Phosphate-P,5,0.30255275316987057
y_hat_train,Phosphate-P,5,0.3242535120707222
y_hat_train,Phosphate-P,5,0.4066521902409367
y_hat_train,Phosphate-P,5,0.17990280481059767
y_hat_train,Phosphate-P,5,0.42312387426528675
y_hat_train,Phosphate-P,5,0.257881237344548
y_hat_train,Phosphate-P,5,0.3704968201853128
y_hat_train,Phosphate-P,5,0.3556383374956259
y_hat_train,Phosphate-P,5,0.5094383504053812
y_hat_train,Phosphate-P,5,0.30326786394456456
y_hat_train,Phosphate-P,5,0.2488347601706681
y_hat_train,Phosphate-P,5,0.11367863529264721
y_hat_train,Phosphate-P,5,-0.018014535665749287
y_true_train,Phosphate-P,5,0.34749
y_true_train,Phosphate-P,5,0.177
y_true_train,Phosphate-P,5,0.264
y_true_train,Phosphate-P,5,0.470497874
y_true_train,Phosphate-P,5,0.284666667
y_true_train,Phosphate-P,5,0.08439
y_true_train,Phosphate-P,5,0.06275
y_true_train,Phosphate-P,5,0.27718
y_true_train,Phosphate-P,5,0.67156
y_true_train,Phosphate-P,5,0.41883
y_true_train,Phosphate-P,5,0.271013196
y_true_train,Phosphate-P,5,0.104333333
y_true_train,Phosphate-P,5,0.15989332
y_true_train,Phosphate-P,5,0.10434
y_true_train,Phosphate-P,5,0.53977
y_true_train,Phosphate-P,5,0.757333333
y_true_train,Phosphate-P,5,0.07105
y_true_train,Phosphate-P,5,0.14079
y_true_train,Phosphate-P,5,0.08955
y_true_train,Phosphate-P,5,0.091666667
y_true_train,Phosphate-P,5,0.10184
y_true_train,Phosphate-P,5,0.727666667
y_true_train,Phosphate-P,5,0.071
y_true_train,Phosphate-P,5,0.073666667
y_true_train,Phosphate-P,5,0.14617
y_true_train,Phosphate-P,5,0.132
y_true_train,Phosphate-P,5,0.150156265
y_true_train,Phosphate-P,5,0.691666667
y_true_train,Phosphate-P,5,0.36584
y_true_train,Phosphate-P,5,0.114
y_true_train,Phosphate-P,5,0.415
y_true_train,Phosphate-P,5,0.890825762
y_true_train,Phosphate-P,5,0.46794
y_true_train,Phosphate-P,5,0.0512
y_true_train,Phosphate-P,5,0.06773
y_true_train,Phosphate-P,5,0.55
y_true_train,Phosphate-P,5,0.11026
y_true_train,Phosphate-P,5,0.061333333
y_true_train,Phosphate-P,5,0.08157
y_true_train,Phosphate-P,5,0.0686
y_true_train,Phosphate-P,5,0.562333333
y_true_train,Phosphate-P,5,0.264
y_true_train,Phosphate-P,5,0.09725
y_true_train,Phosphate-P,5,0.70909
y_true_train,Phosphate-P,5,0.338333333
y_true_train,Phosphate-P,5,0.03695
y_true_train,Phosphate-P,5,0.34
y_true_train,Phosphate-P,5,0.457286778
y_true_train,Phosphate-P,5,0.082
y_true_train,Phosphate-P,5,0.07735
y_true_train,Phosphate-P,5,0.495666667
y_true_train,Phosphate-P,5,0.07329
y_true_train,Phosphate-P,5,0.076666667
y_true_train,Phosphate-P,5,0.271013196
y_true_train,Phosphate-P,5,0.052333333
y_true_train,Phosphate-P,5,0.619333333
y_true_train,Phosphate-P,5,0.119
y_true_train,Phosphate-P,5,0.098666667
y_true_train,Phosphate-P,5,0.078
y_true_train,Phosphate-P,5,0.132
y_true_train,Phosphate-P,5,0.098333333
y_true_train,Phosphate-P,5,0.136666667
y_true_train,Phosphate-P,5,0.187666667
y_true_train,Phosphate-P,5,0.880333333
y_true_train,Phosphate-P,5,0.102666667
y_true_train,Phosphate-P,5,0.120092955
y_true_train,Phosphate-P,5,0.48344
y_true_train,Phosphate-P,5,0.708
y_true_train,Phosphate-P,5,0.116706814
y_true_train,Phosphate-P,5,0.04722
y_true_train,Phosphate-P,5,0.817666667
y_true_train,Phosphate-P,5,0.42907
y_true_train,Phosphate-P,5,0.191666667
y_true_train,Phosphate-P,5,0.06315
y_true_train,Phosphate-P,5,0.108666667
y_true_train,Phosphate-P,5,0.19012
y_true_train,Phosphate-P,5,0.106524044
y_true_train,Phosphate-P,5,0.07112
y_true_train,Phosphate-P,5,0.107666667
y_true_train,Phosphate-P,5,0.166804647
y_true_train,Phosphate-P,5,0.05799
y_true_train,Phosphate-P,5,0.1692
y_true_train,Phosphate-P,5,0.061333333
y_true_train,Phosphate-P,5,0.398
y_true_train,Phosphate-P,5,0.131
y_true_train,Phosphate-P,5,0.69042
y_true_train,Phosphate-P,5,0.03864
y_true_train,Phosphate-P,5,0.6755
y_true_train,Phosphate-P,5,0.2953
y_true_train,Phosphate-P,5,0.078333333
y_true_train,Phosphate-P,5,0.527
y_true_train,Phosphate-P,5,0.152333333
y_true_train,Phosphate-P,5,0.05315
y_true_train,Phosphate-P,5,0.239333333
y_true_train,Phosphate-P,5,0.221333333
y_true_train,Phosphate-P,5,0.089
y_true_train,Phosphate-P,5,0.67654
y_true_train,Phosphate-P,5,0.068
y_true_train,Phosphate-P,5,0.72154
y_true_train,Phosphate-P,5,0.557
y_true_train,Phosphate-P,5,0.116706814
y_true_train,Phosphate-P,5,0.1027
y_true_train,Phosphate-P,5,0.996333333
y_true_train,Phosphate-P,5,0.108
y_true_train,Phosphate-P,5,0.34249
y_true_train,Phosphate-P,5,0.092
y_true_train,Phosphate-P,5,0.51
y_true_train,Phosphate-P,5,0.168488244
y_true_train,Phosphate-P,5,0.081666667
y_true_train,Phosphate-P,5,0.12965646
y_true_train,Phosphate-P,5,0.11770379
y_true_train,Phosphate-P,5,0.123
y_true_train,Phosphate-P,5,0.406666667
y_true_train,Phosphate-P,5,0.094
y_true_train,Phosphate-P,5,0.124666667
y_true_train,Phosphate-P,5,0.166804647
y_true_train,Phosphate-P,5,0.33558
y_true_train,Phosphate-P,5,0.40176
y_true_train,Phosphate-P,5,0.16774969
y_true_train,Phosphate-P,5,0.07185
y_true_train,Phosphate-P,5,0.15785
y_true_train,Phosphate-P,5,0.44981
y_true_train,Phosphate-P,5,0.528
y_true_train,Phosphate-P,5,0.05031
y_true_train,Phosphate-P,5,0.554333333
y_true_train,Phosphate-P,5,0.08646
y_true_train,Phosphate-P,5,0.601333333
y_true_train,Phosphate-P,5,0.10954
y_true_train,Phosphate-P,5,0.866544347
y_true_train,Phosphate-P,5,0.110666667
y_true_train,Phosphate-P,5,0.08433
y_true_train,Phosphate-P,5,0.090333333
y_true_train,Phosphate-P,5,0.05571
y_true_test,Phosphate-P,5,0.05276
y_true_test,Phosphate-P,5,0.613333333
y_true_test,Phosphate-P,5,0.661834245
y_true_test,Phosphate-P,5,0.18067
y_true_test,Phosphate-P,5,0.167
y_true_test,Phosphate-P,5,0.089
y_true_test,Phosphate-P,5,0.16336
y_true_test,Phosphate-P,5,0.058
y_true_test,Phosphate-P,5,0.546666667
y_true_test,Phosphate-P,5,0.156
y_true_test,Phosphate-P,5,0.531
y_true_test,Phosphate-P,5,0.189666667
y_true_test,Phosphate-P,5,0.05119
y_true_test,Phosphate-P,5,0.686666667
y_true_test,Phosphate-P,5,0.05293
y_true_test,Phosphate-P,5,0.11929
y_true_test,Phosphate-P,5,0.22296
y_true_test,Phosphate-P,5,0.42907
y_true_test,Phosphate-P,5,0.11203
y_true_test,Phosphate-P,5,0.336
y_true_test,Phosphate-P,5,0.09747
y_true_test,Phosphate-P,5,0.36624
y_true_test,Phosphate-P,5,0.54935
y_true_test,Phosphate-P,5,0.229333333
y_true_test,Phosphate-P,5,0.205603597
y_true_test,Phosphate-P,5,0.09
y_true_test,Phosphate-P,5,0.200780147
y_true_test,Phosphate-P,5,0.338333333
y_true_test,Phosphate-P,5,0.228333333
y_true_test,Phosphate-P,5,0.081
y_true_test,Phosphate-P,5,0.078333333
y_true_test,Phosphate-P,5,0.089333333
y_true_test,Phosphate-P,5,0.336730892
y_true_test,Phosphate-P,5,0.38031
y_true_test,Phosphate-P,5,0.06581
y_true_test,Phosphate-P,5,0.588000088
y_true_test,Phosphate-P,5,0.416666667
y_true_test,Phosphate-P,5,0.089
y_true_test,Phosphate-P,5,0.59085
y_true_test,Phosphate-P,5,0.466666667
y_true_test,Phosphate-P,5,0.158
y_true_test,Phosphate-P,5,0.12965646
y_true_test,Phosphate-P,5,0.153666667
y_true_test,Phosphate-P,5,0.158333333
y_true_test,Phosphate-P,5,0.834333333
y_true_test,Phosphate-P,5,0.750333333
y_true_test,Phosphate-P,5,0.163838414
y_true_test,Phosphate-P,5,0.104236832
y_true_test,Phosphate-P,5,0.728666667
y_true_test,Phosphate-P,5,0.30041
y_true_test,Phosphate-P,5,0.08984
y_true_test,Phosphate-P,5,0.088
y_true_test,Phosphate-P,5,0.631870027
y_true_test,Phosphate-P,5,0.55
y_true_test,Phosphate-P,5,0.728098185
y_true_test,Phosphate-P,5,0.44946521
y_true_test,Phosphate-P,5,0.086
y_true_test,Phosphate-P,5,0.24417
test_ind,Phosphate-P,5,42.0
test_ind,Phosphate-P,5,295.0
test_ind,Phosphate-P,5,103.0
test_ind,Phosphate-P,5,52.0
test_ind,Phosphate-P,5,12.0
test_ind,Phosphate-P,5,76.0
test_ind,Phosphate-P,5,57.0
test_ind,Phosphate-P,5,385.0
test_ind,Phosphate-P,5,345.0
test_ind,Phosphate-P,5,398.0
test_ind,Phosphate-P,5,8.0
test_ind,Phosphate-P,5,378.0
test_ind,Phosphate-P,5,69.0
test_ind,Phosphate-P,5,390.0
test_ind,Phosphate-P,5,257.0
test_ind,Phosphate-P,5,166.0
test_ind,Phosphate-P,5,118.0
test_ind,Phosphate-P,5,97.0
test_ind,Phosphate-P,5,212.0
test_ind,Phosphate-P,5,353.0
test_ind,Phosphate-P,5,51.0
test_ind,Phosphate-P,5,36.0
test_ind,Phosphate-P,5,99.0
test_ind,Phosphate-P,5,351.0
test_ind,Phosphate-P,5,172.0
test_ind,Phosphate-P,5,359.0
test_ind,Phosphate-P,5,173.0
test_ind,Phosphate-P,5,100.0
test_ind,Phosphate-P,5,365.0
test_ind,Phosphate-P,5,270.0
test_ind,Phosphate-P,5,216.0
test_ind,Phosphate-P,5,318.0
test_ind,Phosphate-P,5,94.0
test_ind,Phosphate-P,5,49.0
test_ind,Phosphate-P,5,238.0
test_ind,Phosphate-P,5,102.0
test_ind,Phosphate-P,5,279.0
test_ind,Phosphate-P,5,75.0
test_ind,Phosphate-P,5,48.0
test_ind,Phosphate-P,5,3.0
test_ind,Phosphate-P,5,333.0
test_ind,Phosphate-P,5,78.0
test_ind,Phosphate-P,5,386.0
test_ind,Phosphate-P,5,326.0
test_ind,Phosphate-P,5,298.0
test_ind,Phosphate-P,5,373.0
test_ind,Phosphate-P,5,79.0
test_ind,Phosphate-P,5,194.0
test_ind,Phosphate-P,5,269.0
test_ind,Phosphate-P,5,95.0
test_ind,Phosphate-P,5,188.0
test_ind,Phosphate-P,5,323.0
test_ind,Phosphate-P,5,104.0
test_ind,Phosphate-P,5,142.0
test_ind,Phosphate-P,5,145.0
test_ind,Phosphate-P,5,123.0
test_ind,Phosphate-P,5,265.0
test_ind,Phosphate-P,5,23.0
train_ind,Phosphate-P,5,247.0
train_ind,Phosphate-P,5,366.0
train_ind,Phosphate-P,5,121.0
train_ind,Phosphate-P,5,124.0
train_ind,Phosphate-P,5,339.0
train_ind,Phosphate-P,5,249.0
train_ind,Phosphate-P,5,39.0
train_ind,Phosphate-P,5,119.0
train_ind,Phosphate-P,5,137.0
train_ind,Phosphate-P,5,258.0
train_ind,Phosphate-P,5,125.0
train_ind,Phosphate-P,5,300.0
train_ind,Phosphate-P,5,192.0
train_ind,Phosphate-P,5,186.0
train_ind,Phosphate-P,5,29.0
train_ind,Phosphate-P,5,361.0
train_ind,Phosphate-P,5,17.0
train_ind,Phosphate-P,5,211.0
train_ind,Phosphate-P,5,213.0
train_ind,Phosphate-P,5,349.0
train_ind,Phosphate-P,5,72.0
train_ind,Phosphate-P,5,9.0
train_ind,Phosphate-P,5,306.0
train_ind,Phosphate-P,5,343.0
train_ind,Phosphate-P,5,248.0
train_ind,Phosphate-P,5,170.0
train_ind,Phosphate-P,5,217.0
train_ind,Phosphate-P,5,319.0
train_ind,Phosphate-P,5,27.0
train_ind,Phosphate-P,5,320.0
train_ind,Phosphate-P,5,302.0
train_ind,Phosphate-P,5,143.0
train_ind,Phosphate-P,5,98.0
train_ind,Phosphate-P,5,41.0
train_ind,Phosphate-P,5,71.0
train_ind,Phosphate-P,5,141.0
train_ind,Phosphate-P,5,168.0
train_ind,Phosphate-P,5,191.0
train_ind,Phosphate-P,5,187.0
train_ind,Phosphate-P,5,59.0
train_ind,Phosphate-P,5,299.0
train_ind,Phosphate-P,5,122.0
train_ind,Phosphate-P,5,250.0
train_ind,Phosphate-P,5,140.0
train_ind,Phosphate-P,5,101.0
train_ind,Phosphate-P,5,43.0
train_ind,Phosphate-P,5,358.0
train_ind,Phosphate-P,5,164.0
train_ind,Phosphate-P,5,274.0
train_ind,Phosphate-P,5,73.0
train_ind,Phosphate-P,5,262.0
train_ind,Phosphate-P,5,189.0
train_ind,Phosphate-P,5,389.0
train_ind,Phosphate-P,5,126.0
train_ind,Phosphate-P,5,292.0
train_ind,Phosphate-P,5,362.0
train_ind,Phosphate-P,5,381.0
train_ind,Phosphate-P,5,346.0
train_ind,Phosphate-P,5,342.0
train_ind,Phosphate-P,5,171.0
train_ind,Phosphate-P,5,287.0
train_ind,Phosphate-P,5,347.0
train_ind,Phosphate-P,5,284.0
train_ind,Phosphate-P,5,344.0
train_ind,Phosphate-P,5,370.0
train_ind,Phosphate-P,5,165.0
train_ind,Phosphate-P,5,65.0
train_ind,Phosphate-P,5,341.0
train_ind,Phosphate-P,5,219.0
train_ind,Phosphate-P,5,232.0
train_ind,Phosphate-P,5,392.0
train_ind,Phosphate-P,5,96.0
train_ind,Phosphate-P,5,324.0
train_ind,Phosphate-P,5,16.0
train_ind,Phosphate-P,5,332.0
train_ind,Phosphate-P,5,28.0
train_ind,Phosphate-P,5,193.0
train_ind,Phosphate-P,5,34.0
train_ind,Phosphate-P,5,315.0
train_ind,Phosphate-P,5,174.0
train_ind,Phosphate-P,5,67.0
train_ind,Phosphate-P,5,167.0
train_ind,Phosphate-P,5,190.0
train_ind,Phosphate-P,5,280.0
train_ind,Phosphate-P,5,266.0
train_ind,Phosphate-P,5,138.0
train_ind,Phosphate-P,5,20.0
train_ind,Phosphate-P,5,236.0
train_ind,Phosphate-P,5,233.0
train_ind,Phosphate-P,5,215.0
train_ind,Phosphate-P,5,291.0
train_ind,Phosphate-P,5,374.0
train_ind,Phosphate-P,5,38.0
train_ind,Phosphate-P,5,312.0
train_ind,Phosphate-P,5,382.0
train_ind,Phosphate-P,5,74.0
train_ind,Phosphate-P,5,139.0
train_ind,Phosphate-P,5,6.0
train_ind,Phosphate-P,5,64.0
train_ind,Phosphate-P,5,372.0
train_ind,Phosphate-P,5,220.0
train_ind,Phosphate-P,5,237.0
train_ind,Phosphate-P,5,281.0
train_ind,Phosphate-P,5,2.0
train_ind,Phosphate-P,5,120.0
train_ind,Phosphate-P,5,11.0
train_ind,Phosphate-P,5,391.0
train_ind,Phosphate-P,5,218.0
train_ind,Phosphate-P,5,278.0
train_ind,Phosphate-P,5,77.0
train_ind,Phosphate-P,5,231.0
train_ind,Phosphate-P,5,293.0
train_ind,Phosphate-P,5,260.0
train_ind,Phosphate-P,5,311.0
train_ind,Phosphate-P,5,268.0
train_ind,Phosphate-P,5,175.0
train_ind,Phosphate-P,5,61.0
train_ind,Phosphate-P,5,136.0
train_ind,Phosphate-P,5,80.0
train_ind,Phosphate-P,5,55.0
train_ind,Phosphate-P,5,169.0
train_ind,Phosphate-P,5,244.0
train_ind,Phosphate-P,5,304.0
train_ind,Phosphate-P,5,14.0
train_ind,Phosphate-P,5,338.0
train_ind,Phosphate-P,5,243.0
train_ind,Phosphate-P,5,329.0
train_ind,Phosphate-P,5,15.0
train_ind,Phosphate-P,5,144.0
train_ind,Phosphate-P,5,305.0
train_ind,Phosphate-P,5,252.0
train_ind,Phosphate-P,5,395.0
train_ind,Phosphate-P,5,214.0
test_rsq,Phosphate-P,5,-0.050068827730109344
train_rsq,Phosphate-P,5,0.3602553720082414
test_rmse,Phosphate-P,5,0.23033741735451543
train_rmse,Phosphate-P,5,0.18883396555258375
test_mape,Phosphate-P,5,100.16619138120734
train_mape,Phosphate-P,5,106.24090039927832
n_comp,Phosphate-P,5,6.0
y_hat_test,Phosphate-P,6,0.3096433017274892
y_hat_test,Phosphate-P,6,0.3722113275214474
y_hat_test,Phosphate-P,6,0.21145130140789684
y_hat_test,Phosphate-P,6,0.3270900657229779
y_hat_test,Phosphate-P,6,0.027816940233613585
y_hat_test,Phosphate-P,6,0.16561184990896136
y_hat_test,Phosphate-P,6,0.18653754427675384
y_hat_test,Phosphate-P,6,0.4282729013223853
y_hat_test,Phosphate-P,6,0.11684473174473778
y_hat_test,Phosphate-P,6,0.06143496392989603
y_hat_test,Phosphate-P,6,0.504404668325617
y_hat_test,Phosphate-P,6,0.17885979921430623
y_hat_test,Phosphate-P,6,0.2760740315713799
y_hat_test,Phosphate-P,6,0.1861776185501673
y_hat_test,Phosphate-P,6,0.2772403280621345
y_hat_test,Phosphate-P,6,0.37856393541467487
y_hat_test,Phosphate-P,6,0.3009862644127099
y_hat_test,Phosphate-P,6,0.23885690829593426
y_hat_test,Phosphate-P,6,0.2400952789014727
y_hat_test,Phosphate-P,6,0.23363228573571548
y_hat_test,Phosphate-P,6,0.4400956548904027
y_hat_test,Phosphate-P,6,0.20434713969363283
y_hat_test,Phosphate-P,6,0.14269270859546382
y_hat_test,Phosphate-P,6,0.2695685553935342
y_hat_test,Phosphate-P,6,0.1305009297504962
y_hat_test,Phosphate-P,6,0.3470856670091334
y_hat_test,Phosphate-P,6,0.18173443793953173
y_hat_test,Phosphate-P,6,0.44038215190121943
y_hat_test,Phosphate-P,6,0.10283016976438544
y_hat_test,Phosphate-P,6,0.3828100180247931
y_hat_test,Phosphate-P,6,0.39949217719489133
y_hat_test,Phosphate-P,6,0.19862381040871746
y_hat_test,Phosphate-P,6,0.4561551655757693
y_hat_test,Phosphate-P,6,0.02176884375428334
y_hat_test,Phosphate-P,6,0.2629104362078136
y_hat_test,Phosphate-P,6,0.5333559920534008
y_hat_test,Phosphate-P,6,0.13806756101886714
y_hat_test,Phosphate-P,6,-0.1837324673294441
y_hat_test,Phosphate-P,6,-0.004416519862364965
y_hat_test,Phosphate-P,6,0.33601724383828635
y_hat_test,Phosphate-P,6,0.033959380341288814
y_hat_test,Phosphate-P,6,0.14680891212775246
y_hat_test,Phosphate-P,6,0.2731831155016102
y_hat_test,Phosphate-P,6,0.21103899821325628
y_hat_test,Phosphate-P,6,0.45052087652974987
y_hat_test,Phosphate-P,6,0.29282637419718516
y_hat_test,Phosphate-P,6,0.5814442609463155
y_hat_test,Phosphate-P,6,0.050678003515115644
y_hat_test,Phosphate-P,6,0.060417005867553525
y_hat_test,Phosphate-P,6,0.44565483862986727
y_hat_test,Phosphate-P,6,-0.2503811571918091
y_hat_test,Phosphate-P,6,0.19825875721606556
y_hat_test,Phosphate-P,6,0.5657545509003227
y_hat_test,Phosphate-P,6,0.12496885777300504
y_hat_test,Phosphate-P,6,0.5337149821755609
y_hat_test,Phosphate-P,6,-0.005802811176501443
y_hat_test,Phosphate-P,6,0.26922572248888543
y_hat_test,Phosphate-P,6,0.15229927773394714
y_hat_train,Phosphate-P,6,0.23865537541015705
y_hat_train,Phosphate-P,6,0.5491796923882997
y_hat_train,Phosphate-P,6,0.10684486502487772
y_hat_train,Phosphate-P,6,0.14691900352045723
y_hat_train,Phosphate-P,6,0.5531647049628688
y_hat_train,Phosphate-P,6,0.08702795389554346
y_hat_train,Phosphate-P,6,0.2945653265299193
y_hat_train,Phosphate-P,6,0.2921499539153212
y_hat_train,Phosphate-P,6,0.2474813823619046
y_hat_train,Phosphate-P,6,0.33373030602806475
y_hat_train,Phosphate-P,6,0.31375321195587724
y_hat_train,Phosphate-P,6,0.4826051557964054
y_hat_train,Phosphate-P,6,0.32108063473774623
y_hat_train,Phosphate-P,6,0.4338130622489919
y_hat_train,Phosphate-P,6,0.4392693286564784
y_hat_train,Phosphate-P,6,0.15556391290175545
y_hat_train,Phosphate-P,6,-0.009061540565764359
y_hat_train,Phosphate-P,6,0.41463191071912137
y_hat_train,Phosphate-P,6,0.20513845232276523
y_hat_train,Phosphate-P,6,0.21231712055202145
y_hat_train,Phosphate-P,6,0.06262852561821583
y_hat_train,Phosphate-P,6,0.03571897345438335
y_hat_train,Phosphate-P,6,0.37570153745371215
y_hat_train,Phosphate-P,6,0.3184221265940227
y_hat_train,Phosphate-P,6,0.12814844666780945
y_hat_train,Phosphate-P,6,0.2808822471878496
y_hat_train,Phosphate-P,6,0.19805027465118794
y_hat_train,Phosphate-P,6,0.3956748669569764
y_hat_train,Phosphate-P,6,0.6966700599725405
y_hat_train,Phosphate-P,6,0.4757987738109366
y_hat_train,Phosphate-P,6,0.06529869111778552
y_hat_train,Phosphate-P,6,0.2873412958578073
y_hat_train,Phosphate-P,6,0.5204120311800355
y_hat_train,Phosphate-P,6,0.11620501981694514
y_hat_train,Phosphate-P,6,0.3274087542084728
y_hat_train,Phosphate-P,6,0.2511425643984373
y_hat_train,Phosphate-P,6,0.42870400392023017
y_hat_train,Phosphate-P,6,0.297240126229199
y_hat_train,Phosphate-P,6,0.34618188651122644
y_hat_train,Phosphate-P,6,0.6165974152338782
y_hat_train,Phosphate-P,6,0.431220015648462
y_hat_train,Phosphate-P,6,0.2555286155762128
y_hat_train,Phosphate-P,6,0.19988668737366083
y_hat_train,Phosphate-P,6,0.18322140483578153
y_hat_train,Phosphate-P,6,0.34953269939607334
y_hat_train,Phosphate-P,6,0.19138286359527434
y_hat_train,Phosphate-P,6,0.06799268489236321
y_hat_train,Phosphate-P,6,0.2572848450559553
y_hat_train,Phosphate-P,6,0.1383850708027872
y_hat_train,Phosphate-P,6,0.4627054324360883
y_hat_train,Phosphate-P,6,0.2540789085653944
y_hat_train,Phosphate-P,6,0.10267951629483357
y_hat_train,Phosphate-P,6,0.5057208244757679
y_hat_train,Phosphate-P,6,0.009798754008379151
y_hat_train,Phosphate-P,6,0.23955381270326898
y_hat_train,Phosphate-P,6,0.5708761410213461
y_hat_train,Phosphate-P,6,0.37408514588310915
y_hat_train,Phosphate-P,6,0.24861248727142726
y_hat_train,Phosphate-P,6,0.6832081999684836
y_hat_train,Phosphate-P,6,0.19744285251835003
y_hat_train,Phosphate-P,6,0.3076035515896096
y_hat_train,Phosphate-P,6,0.41259223926295563
y_hat_train,Phosphate-P,6,0.12486784730274078
y_hat_train,Phosphate-P,6,0.3530189327887956
y_hat_train,Phosphate-P,6,0.006359336441740249
y_hat_train,Phosphate-P,6,0.17742511492071483
y_hat_train,Phosphate-P,6,0.21838437391277982
y_hat_train,Phosphate-P,6,0.28945145693970886
y_hat_train,Phosphate-P,6,0.3241976984837267
y_hat_train,Phosphate-P,6,0.29040577904065645
y_hat_train,Phosphate-P,6,0.49792141966798764
y_hat_train,Phosphate-P,6,0.25594598613174135
y_hat_train,Phosphate-P,6,-0.022359481051371144
y_hat_train,Phosphate-P,6,0.16185396299374355
y_hat_train,Phosphate-P,6,0.13251733148935546
y_hat_train,Phosphate-P,6,0.3217809742516982
y_hat_train,Phosphate-P,6,0.1016501976787178
y_hat_train,Phosphate-P,6,0.23657261007107427
y_hat_train,Phosphate-P,6,0.2654664754937503
y_hat_train,Phosphate-P,6,0.19117878784878298
y_hat_train,Phosphate-P,6,0.18031647327504846
y_hat_train,Phosphate-P,6,0.16808623682735757
y_hat_train,Phosphate-P,6,0.4978276712343658
y_hat_train,Phosphate-P,6,0.11333462405290043
y_hat_train,Phosphate-P,6,0.8022427364938804
y_hat_train,Phosphate-P,6,0.3463544805823036
y_hat_train,Phosphate-P,6,0.5424443240787871
y_hat_train,Phosphate-P,6,0.2628481714052003
y_hat_train,Phosphate-P,6,0.3850911496701038
y_hat_train,Phosphate-P,6,0.32767319705018527
y_hat_train,Phosphate-P,6,0.1708454349817452
y_hat_train,Phosphate-P,6,0.1112937777869549
y_hat_train,Phosphate-P,6,0.4387945326757189
y_hat_train,Phosphate-P,6,0.27486035979175244
y_hat_train,Phosphate-P,6,0.31254019875078537
y_hat_train,Phosphate-P,6,0.22802676068241007
y_hat_train,Phosphate-P,6,0.259513151583486
y_hat_train,Phosphate-P,6,0.2044776743442408
y_hat_train,Phosphate-P,6,0.10674238460905874
y_hat_train,Phosphate-P,6,0.2172137556509751
y_hat_train,Phosphate-P,6,0.4225017478123134
y_hat_train,Phosphate-P,6,0.30856427993259816
y_hat_train,Phosphate-P,6,0.26845635960003367
y_hat_train,Phosphate-P,6,0.5198641934665437
y_hat_train,Phosphate-P,6,-0.10034027774004861
y_hat_train,Phosphate-P,6,0.291944431689374
y_hat_train,Phosphate-P,6,0.33235386596692573
y_hat_train,Phosphate-P,6,0.5282878366773005
y_hat_train,Phosphate-P,6,0.19538942777602436
y_hat_train,Phosphate-P,6,0.3990540014217345
y_hat_train,Phosphate-P,6,0.4553419924219704
y_hat_train,Phosphate-P,6,0.21683963954421376
y_hat_train,Phosphate-P,6,0.2067959920836107
y_hat_train,Phosphate-P,6,0.05995578839433047
y_hat_train,Phosphate-P,6,0.662364825553295
y_hat_train,Phosphate-P,6,0.3003515961256042
y_hat_train,Phosphate-P,6,0.3399589985308069
y_hat_train,Phosphate-P,6,0.3483060185984432
y_hat_train,Phosphate-P,6,0.41935605175951396
y_hat_train,Phosphate-P,6,0.16272628543679843
y_hat_train,Phosphate-P,6,0.1820966663407996
y_hat_train,Phosphate-P,6,0.04509228997500425
y_hat_train,Phosphate-P,6,0.46455258120944043
y_hat_train,Phosphate-P,6,0.34024806000937646
y_hat_train,Phosphate-P,6,0.22004426704024616
y_hat_train,Phosphate-P,6,0.05329150184443021
y_hat_train,Phosphate-P,6,0.47184324814170225
y_hat_train,Phosphate-P,6,0.22778326919637343
y_hat_train,Phosphate-P,6,0.08708781146512623
y_hat_train,Phosphate-P,6,0.35255169108847184
y_hat_train,Phosphate-P,6,0.5215338543194334
y_hat_train,Phosphate-P,6,0.3178096258139759
y_hat_train,Phosphate-P,6,0.276848290190577
y_true_train,Phosphate-P,6,0.51
y_true_train,Phosphate-P,6,0.757333333
y_true_train,Phosphate-P,6,0.338333333
y_true_train,Phosphate-P,6,0.07329
y_true_train,Phosphate-P,6,0.114
y_true_train,Phosphate-P,6,0.07185
y_true_train,Phosphate-P,6,0.415
y_true_train,Phosphate-P,6,0.150156265
y_true_train,Phosphate-P,6,0.07735
y_true_train,Phosphate-P,6,0.10434
y_true_train,Phosphate-P,6,0.406666667
y_true_train,Phosphate-P,6,0.116706814
y_true_train,Phosphate-P,6,0.59085
y_true_train,Phosphate-P,6,0.528
y_true_train,Phosphate-P,6,0.48344
y_true_train,Phosphate-P,6,0.336
y_true_train,Phosphate-P,6,0.106524044
y_true_train,Phosphate-P,6,0.336730892
y_true_train,Phosphate-P,6,0.089
y_true_train,Phosphate-P,6,0.08433
y_true_train,Phosphate-P,6,0.061333333
y_true_train,Phosphate-P,6,0.05031
y_true_train,Phosphate-P,6,0.36624
y_true_train,Phosphate-P,6,0.073666667
y_true_train,Phosphate-P,6,0.16774969
y_true_train,Phosphate-P,6,0.398
y_true_train,Phosphate-P,6,0.08955
y_true_train,Phosphate-P,6,0.30041
y_true_train,Phosphate-P,6,0.631870027
y_true_train,Phosphate-P,6,0.817666667
y_true_train,Phosphate-P,6,0.061333333
y_true_train,Phosphate-P,6,0.05119
y_true_train,Phosphate-P,6,0.70909
y_true_train,Phosphate-P,6,0.088
y_true_train,Phosphate-P,6,0.108666667
y_true_train,Phosphate-P,6,0.158
y_true_train,Phosphate-P,6,0.44981
y_true_train,Phosphate-P,6,0.0512
y_true_train,Phosphate-P,6,0.34249
y_true_train,Phosphate-P,6,0.728098185
y_true_train,Phosphate-P,6,0.691666667
y_true_train,Phosphate-P,6,0.264
y_true_train,Phosphate-P,6,0.052333333
y_true_train,Phosphate-P,6,0.098333333
y_true_train,Phosphate-P,6,0.098666667
y_true_train,Phosphate-P,6,0.531
y_true_train,Phosphate-P,6,0.03695
y_true_train,Phosphate-P,6,0.19012
y_true_train,Phosphate-P,6,0.0686
y_true_train,Phosphate-P,6,0.619333333
y_true_train,Phosphate-P,6,0.686666667
y_true_train,Phosphate-P,6,0.120092955
y_true_train,Phosphate-P,6,0.728666667
y_true_train,Phosphate-P,6,0.058
y_true_train,Phosphate-P,6,0.177
y_true_train,Phosphate-P,6,0.562333333
y_true_train,Phosphate-P,6,0.094
y_true_train,Phosphate-P,6,0.40176
y_true_train,Phosphate-P,6,0.866544347
y_true_train,Phosphate-P,6,0.189666667
y_true_train,Phosphate-P,6,0.107666667
y_true_train,Phosphate-P,6,0.527
y_true_train,Phosphate-P,6,0.078333333
y_true_train,Phosphate-P,6,0.42907
y_true_train,Phosphate-P,6,0.06315
y_true_train,Phosphate-P,6,0.221333333
y_true_train,Phosphate-P,6,0.284666667
y_true_train,Phosphate-P,6,0.156
y_true_train,Phosphate-P,6,0.05276
y_true_train,Phosphate-P,6,0.34
y_true_train,Phosphate-P,6,0.42907
y_true_train,Phosphate-P,6,0.229333333
y_true_train,Phosphate-P,6,0.102666667
y_true_train,Phosphate-P,6,0.136666667
y_true_train,Phosphate-P,6,0.05799
y_true_train,Phosphate-P,6,0.119
y_true_train,Phosphate-P,6,0.10184
y_true_train,Phosphate-P,6,0.12965646
y_true_train,Phosphate-P,6,0.38031
y_true_train,Phosphate-P,6,0.116706814
y_true_train,Phosphate-P,6,0.086
y_true_train,Phosphate-P,6,0.12965646
y_true_train,Phosphate-P,6,0.132
y_true_train,Phosphate-P,6,0.081666667
y_true_train,Phosphate-P,6,0.834333333
y_true_train,Phosphate-P,6,0.554333333
y_true_train,Phosphate-P,6,0.69042
y_true_train,Phosphate-P,6,0.07105
y_true_train,Phosphate-P,6,0.708
y_true_train,Phosphate-P,6,0.55
y_true_train,Phosphate-P,6,0.089
y_true_train,Phosphate-P,6,0.05293
y_true_train,Phosphate-P,6,0.1692
y_true_train,Phosphate-P,6,0.152333333
y_true_train,Phosphate-P,6,0.54935
y_true_train,Phosphate-P,6,0.09
y_true_train,Phosphate-P,6,0.27718
y_true_train,Phosphate-P,6,0.163838414
y_true_train,Phosphate-P,6,0.16336
y_true_train,Phosphate-P,6,0.131
y_true_train,Phosphate-P,6,0.166804647
y_true_train,Phosphate-P,6,0.239333333
y_true_train,Phosphate-P,6,0.271013196
y_true_train,Phosphate-P,6,0.67156
y_true_train,Phosphate-P,6,0.081
y_true_train,Phosphate-P,6,0.076666667
y_true_train,Phosphate-P,6,0.153666667
y_true_train,Phosphate-P,6,0.996333333
y_true_train,Phosphate-P,6,0.34749
y_true_train,Phosphate-P,6,0.166804647
y_true_train,Phosphate-P,6,0.53977
y_true_train,Phosphate-P,6,0.158333333
y_true_train,Phosphate-P,6,0.124666667
y_true_train,Phosphate-P,6,0.187666667
y_true_train,Phosphate-P,6,0.72154
y_true_train,Phosphate-P,6,0.416666667
y_true_train,Phosphate-P,6,0.10954
y_true_train,Phosphate-P,6,0.750333333
y_true_train,Phosphate-P,6,0.67654
y_true_train,Phosphate-P,6,0.1027
y_true_train,Phosphate-P,6,0.078
y_true_train,Phosphate-P,6,0.18067
y_true_train,Phosphate-P,6,0.11929
y_true_train,Phosphate-P,6,0.457286778
y_true_train,Phosphate-P,6,0.466666667
y_true_train,Phosphate-P,6,0.09747
y_true_train,Phosphate-P,6,0.470497874
y_true_train,Phosphate-P,6,0.15785
y_true_train,Phosphate-P,6,0.090333333
y_true_train,Phosphate-P,6,0.11026
y_true_train,Phosphate-P,6,0.6755
y_true_train,Phosphate-P,6,0.11770379
y_true_train,Phosphate-P,6,0.613333333
y_true_test,Phosphate-P,6,0.22296
y_true_test,Phosphate-P,6,0.727666667
y_true_test,Phosphate-P,6,0.546666667
y_true_test,Phosphate-P,6,0.36584
y_true_test,Phosphate-P,6,0.08984
y_true_test,Phosphate-P,6,0.08646
y_true_test,Phosphate-P,6,0.557
y_true_test,Phosphate-P,6,0.03864
y_true_test,Phosphate-P,6,0.089
y_true_test,Phosphate-P,6,0.071
y_true_test,Phosphate-P,6,0.205603597
y_true_test,Phosphate-P,6,0.338333333
y_true_test,Phosphate-P,6,0.06275
y_true_test,Phosphate-P,6,0.08157
y_true_test,Phosphate-P,6,0.24417
y_true_test,Phosphate-P,6,0.11203
y_true_test,Phosphate-P,6,0.41883
y_true_test,Phosphate-P,6,0.09725
y_true_test,Phosphate-P,6,0.06581
y_true_test,Phosphate-P,6,0.880333333
y_true_test,Phosphate-P,6,0.46794
y_true_test,Phosphate-P,6,0.08439
y_true_test,Phosphate-P,6,0.14617
y_true_test,Phosphate-P,6,0.495666667
y_true_test,Phosphate-P,6,0.078333333
y_true_test,Phosphate-P,6,0.55
y_true_test,Phosphate-P,6,0.44946521
y_true_test,Phosphate-P,6,0.132
y_true_test,Phosphate-P,6,0.05315
y_true_test,Phosphate-P,6,0.661834245
y_true_test,Phosphate-P,6,0.33558
y_true_test,Phosphate-P,6,0.167
y_true_test,Phosphate-P,6,0.588000088
y_true_test,Phosphate-P,6,0.108
y_true_test,Phosphate-P,6,0.2953
y_true_test,Phosphate-P,6,0.104236832
y_true_test,Phosphate-P,6,0.123
y_true_test,Phosphate-P,6,0.05571
y_true_test,Phosphate-P,6,0.068
y_true_test,Phosphate-P,6,0.271013196
y_true_test,Phosphate-P,6,0.04722
y_true_test,Phosphate-P,6,0.082
y_true_test,Phosphate-P,6,0.07112
y_true_test,Phosphate-P,6,0.264
y_true_test,Phosphate-P,6,0.191666667
y_true_test,Phosphate-P,6,0.15989332
y_true_test,Phosphate-P,6,0.890825762
y_true_test,Phosphate-P,6,0.200780147
y_true_test,Phosphate-P,6,0.091666667
y_true_test,Phosphate-P,6,0.089333333
y_true_test,Phosphate-P,6,0.06773
y_true_test,Phosphate-P,6,0.110666667
y_true_test,Phosphate-P,6,0.104333333
y_true_test,Phosphate-P,6,0.228333333
y_true_test,Phosphate-P,6,0.168488244
y_true_test,Phosphate-P,6,0.092
y_true_test,Phosphate-P,6,0.601333333
y_true_test,Phosphate-P,6,0.14079
test_ind,Phosphate-P,6,118.0
test_ind,Phosphate-P,6,9.0
test_ind,Phosphate-P,6,345.0
test_ind,Phosphate-P,6,27.0
test_ind,Phosphate-P,6,188.0
test_ind,Phosphate-P,6,243.0
test_ind,Phosphate-P,6,372.0
test_ind,Phosphate-P,6,20.0
test_ind,Phosphate-P,6,74.0
test_ind,Phosphate-P,6,306.0
test_ind,Phosphate-P,6,172.0
test_ind,Phosphate-P,6,101.0
test_ind,Phosphate-P,6,39.0
test_ind,Phosphate-P,6,187.0
test_ind,Phosphate-P,6,23.0
test_ind,Phosphate-P,6,212.0
test_ind,Phosphate-P,6,258.0
test_ind,Phosphate-P,6,250.0
test_ind,Phosphate-P,6,238.0
test_ind,Phosphate-P,6,344.0
test_ind,Phosphate-P,6,98.0
test_ind,Phosphate-P,6,249.0
test_ind,Phosphate-P,6,248.0
test_ind,Phosphate-P,6,262.0
test_ind,Phosphate-P,6,215.0
test_ind,Phosphate-P,6,142.0
test_ind,Phosphate-P,6,123.0
test_ind,Phosphate-P,6,170.0
test_ind,Phosphate-P,6,38.0
test_ind,Phosphate-P,6,103.0
test_ind,Phosphate-P,6,61.0
test_ind,Phosphate-P,6,12.0
test_ind,Phosphate-P,6,102.0
test_ind,Phosphate-P,6,2.0
test_ind,Phosphate-P,6,233.0
test_ind,Phosphate-P,6,194.0
test_ind,Phosphate-P,6,293.0
test_ind,Phosphate-P,6,214.0
test_ind,Phosphate-P,6,6.0
test_ind,Phosphate-P,6,126.0
test_ind,Phosphate-P,6,232.0
test_ind,Phosphate-P,6,274.0
test_ind,Phosphate-P,6,34.0
test_ind,Phosphate-P,6,121.0
test_ind,Phosphate-P,6,324.0
test_ind,Phosphate-P,6,192.0
test_ind,Phosphate-P,6,143.0
test_ind,Phosphate-P,6,173.0
test_ind,Phosphate-P,6,349.0
test_ind,Phosphate-P,6,318.0
test_ind,Phosphate-P,6,71.0
test_ind,Phosphate-P,6,305.0
test_ind,Phosphate-P,6,300.0
test_ind,Phosphate-P,6,365.0
test_ind,Phosphate-P,6,218.0
test_ind,Phosphate-P,6,11.0
test_ind,Phosphate-P,6,329.0
test_ind,Phosphate-P,6,211.0
train_ind,Phosphate-P,6,391.0
train_ind,Phosphate-P,6,361.0
train_ind,Phosphate-P,6,100.0
train_ind,Phosphate-P,6,189.0
train_ind,Phosphate-P,6,320.0
train_ind,Phosphate-P,6,55.0
train_ind,Phosphate-P,6,302.0
train_ind,Phosphate-P,6,217.0
train_ind,Phosphate-P,6,73.0
train_ind,Phosphate-P,6,186.0
train_ind,Phosphate-P,6,260.0
train_ind,Phosphate-P,6,219.0
train_ind,Phosphate-P,6,48.0
train_ind,Phosphate-P,6,304.0
train_ind,Phosphate-P,6,65.0
train_ind,Phosphate-P,6,353.0
train_ind,Phosphate-P,6,193.0
train_ind,Phosphate-P,6,94.0
train_ind,Phosphate-P,6,75.0
train_ind,Phosphate-P,6,252.0
train_ind,Phosphate-P,6,190.0
train_ind,Phosphate-P,6,14.0
train_ind,Phosphate-P,6,36.0
train_ind,Phosphate-P,6,343.0
train_ind,Phosphate-P,6,80.0
train_ind,Phosphate-P,6,280.0
train_ind,Phosphate-P,6,213.0
train_ind,Phosphate-P,6,95.0
train_ind,Phosphate-P,6,104.0
train_ind,Phosphate-P,6,392.0
train_ind,Phosphate-P,6,191.0
train_ind,Phosphate-P,6,69.0
train_ind,Phosphate-P,6,140.0
train_ind,Phosphate-P,6,323.0
train_ind,Phosphate-P,6,332.0
train_ind,Phosphate-P,6,333.0
train_ind,Phosphate-P,6,244.0
train_ind,Phosphate-P,6,41.0
train_ind,Phosphate-P,6,120.0
train_ind,Phosphate-P,6,145.0
train_ind,Phosphate-P,6,319.0
train_ind,Phosphate-P,6,122.0
train_ind,Phosphate-P,6,292.0
train_ind,Phosphate-P,6,287.0
train_ind,Phosphate-P,6,346.0
train_ind,Phosphate-P,6,8.0
train_ind,Phosphate-P,6,43.0
train_ind,Phosphate-P,6,28.0
train_ind,Phosphate-P,6,59.0
train_ind,Phosphate-P,6,362.0
train_ind,Phosphate-P,6,390.0
train_ind,Phosphate-P,6,165.0
train_ind,Phosphate-P,6,269.0
train_ind,Phosphate-P,6,385.0
train_ind,Phosphate-P,6,366.0
train_ind,Phosphate-P,6,299.0
train_ind,Phosphate-P,6,311.0
train_ind,Phosphate-P,6,136.0
train_ind,Phosphate-P,6,144.0
train_ind,Phosphate-P,6,378.0
train_ind,Phosphate-P,6,315.0
train_ind,Phosphate-P,6,291.0
train_ind,Phosphate-P,6,216.0
train_ind,Phosphate-P,6,97.0
train_ind,Phosphate-P,6,16.0
train_ind,Phosphate-P,6,382.0
train_ind,Phosphate-P,6,339.0
train_ind,Phosphate-P,6,398.0
train_ind,Phosphate-P,6,42.0
train_ind,Phosphate-P,6,358.0
train_ind,Phosphate-P,6,96.0
train_ind,Phosphate-P,6,351.0
train_ind,Phosphate-P,6,370.0
train_ind,Phosphate-P,6,347.0
train_ind,Phosphate-P,6,67.0
train_ind,Phosphate-P,6,381.0
train_ind,Phosphate-P,6,72.0
train_ind,Phosphate-P,6,78.0
train_ind,Phosphate-P,6,49.0
train_ind,Phosphate-P,6,220.0
train_ind,Phosphate-P,6,265.0
train_ind,Phosphate-P,6,77.0
train_ind,Phosphate-P,6,171.0
train_ind,Phosphate-P,6,278.0
train_ind,Phosphate-P,6,298.0
train_ind,Phosphate-P,6,338.0
train_ind,Phosphate-P,6,138.0
train_ind,Phosphate-P,6,17.0
train_ind,Phosphate-P,6,341.0
train_ind,Phosphate-P,6,141.0
train_ind,Phosphate-P,6,76.0
train_ind,Phosphate-P,6,257.0
train_ind,Phosphate-P,6,167.0
train_ind,Phosphate-P,6,374.0
train_ind,Phosphate-P,6,99.0
train_ind,Phosphate-P,6,359.0
train_ind,Phosphate-P,6,119.0
train_ind,Phosphate-P,6,79.0
train_ind,Phosphate-P,6,57.0
train_ind,Phosphate-P,6,266.0
train_ind,Phosphate-P,6,174.0
train_ind,Phosphate-P,6,312.0
train_ind,Phosphate-P,6,125.0
train_ind,Phosphate-P,6,137.0
train_ind,Phosphate-P,6,270.0
train_ind,Phosphate-P,6,389.0
train_ind,Phosphate-P,6,386.0
train_ind,Phosphate-P,6,281.0
train_ind,Phosphate-P,6,247.0
train_ind,Phosphate-P,6,175.0
train_ind,Phosphate-P,6,29.0
train_ind,Phosphate-P,6,326.0
train_ind,Phosphate-P,6,268.0
train_ind,Phosphate-P,6,284.0
train_ind,Phosphate-P,6,64.0
train_ind,Phosphate-P,6,279.0
train_ind,Phosphate-P,6,15.0
train_ind,Phosphate-P,6,373.0
train_ind,Phosphate-P,6,139.0
train_ind,Phosphate-P,6,237.0
train_ind,Phosphate-P,6,342.0
train_ind,Phosphate-P,6,52.0
train_ind,Phosphate-P,6,166.0
train_ind,Phosphate-P,6,164.0
train_ind,Phosphate-P,6,3.0
train_ind,Phosphate-P,6,51.0
train_ind,Phosphate-P,6,124.0
train_ind,Phosphate-P,6,169.0
train_ind,Phosphate-P,6,395.0
train_ind,Phosphate-P,6,168.0
train_ind,Phosphate-P,6,236.0
train_ind,Phosphate-P,6,231.0
train_ind,Phosphate-P,6,295.0
test_rsq,Phosphate-P,6,-0.0434213931525369
train_rsq,Phosphate-P,6,0.46065788389408036
test_rmse,Phosphate-P,6,0.22274714634925577
train_rmse,Phosphate-P,6,0.17500576317314373
test_mape,Phosphate-P,6,126.25189791529307
train_mape,Phosphate-P,6,87.7296371190087
n_comp,Phosphate-P,6,8.0
y_hat_test,Phosphate-P,7,-0.04807312853803308
y_hat_test,Phosphate-P,7,0.45038123447783784
y_hat_test,Phosphate-P,7,0.6142855585075624
y_hat_test,Phosphate-P,7,0.6534254318437249
y_hat_test,Phosphate-P,7,0.27350953085063184
y_hat_test,Phosphate-P,7,0.08782351469424737
y_hat_test,Phosphate-P,7,0.03467235990153311
y_hat_test,Phosphate-P,7,0.23728558077935502
y_hat_test,Phosphate-P,7,0.40488536037613543
y_hat_test,Phosphate-P,7,0.5519055617706004
y_hat_test,Phosphate-P,7,0.24567282785183214
y_hat_test,Phosphate-P,7,0.015174242381333414
y_hat_test,Phosphate-P,7,0.2658010119278791
y_hat_test,Phosphate-P,7,0.4271887061608298
y_hat_test,Phosphate-P,7,0.4061965896431713
y_hat_test,Phosphate-P,7,0.3367266434879299
y_hat_test,Phosphate-P,7,0.193969042590584
y_hat_test,Phosphate-P,7,0.26637031069809464
y_hat_test,Phosphate-P,7,0.2724258763080966
y_hat_test,Phosphate-P,7,0.10452135469270862
y_hat_test,Phosphate-P,7,0.39034375465233867
y_hat_test,Phosphate-P,7,0.3224680122059036
y_hat_test,Phosphate-P,7,0.5735804911099227
y_hat_test,Phosphate-P,7,0.16310161953924068
y_hat_test,Phosphate-P,7,0.6101221090084301
y_hat_test,Phosphate-P,7,0.16811447668830123
y_hat_test,Phosphate-P,7,-0.21532425852302156
y_hat_test,Phosphate-P,7,0.5241815751546439
y_hat_test,Phosphate-P,7,0.24117964178039153
y_hat_test,Phosphate-P,7,0.25249760285461686
y_hat_test,Phosphate-P,7,0.10325301318354876
y_hat_test,Phosphate-P,7,0.30256680341137027
y_hat_test,Phosphate-P,7,0.3424662195736664
y_hat_test,Phosphate-P,7,0.563236985916745
y_hat_test,Phosphate-P,7,0.2688437050731375
y_hat_test,Phosphate-P,7,0.42628088760992955
y_hat_test,Phosphate-P,7,0.42183649985803195
y_hat_test,Phosphate-P,7,0.4705561570426821
y_hat_test,Phosphate-P,7,0.3337162763123291
y_hat_test,Phosphate-P,7,0.3922826300257774
y_hat_test,Phosphate-P,7,0.26946656855833856
y_hat_test,Phosphate-P,7,-0.03386376755162024
y_hat_test,Phosphate-P,7,0.28870756206715203
y_hat_test,Phosphate-P,7,0.5447323924378776
y_hat_test,Phosphate-P,7,0.04053423125064923
y_hat_test,Phosphate-P,7,0.4819194127710536
y_hat_test,Phosphate-P,7,0.5922279114290856
y_hat_test,Phosphate-P,7,0.18561767501064874
y_hat_test,Phosphate-P,7,0.5727903385464335
y_hat_test,Phosphate-P,7,-0.35132941118047695
y_hat_test,Phosphate-P,7,0.2834428994514548
y_hat_test,Phosphate-P,7,0.18294922715903633
y_hat_test,Phosphate-P,7,0.12978481531880787
y_hat_test,Phosphate-P,7,0.6557871240576232
y_hat_test,Phosphate-P,7,0.054371177120949826
y_hat_test,Phosphate-P,7,0.13576334311316926
y_hat_test,Phosphate-P,7,0.19058371843663116
y_hat_test,Phosphate-P,7,0.5333008410945388
y_hat_train,Phosphate-P,7,0.1543346904804667
y_hat_train,Phosphate-P,7,0.5559571873450768
y_hat_train,Phosphate-P,7,0.21607626870396468
y_hat_train,Phosphate-P,7,0.10013288509737173
y_hat_train,Phosphate-P,7,0.04830894554783674
y_hat_train,Phosphate-P,7,0.16338262311098592
y_hat_train,Phosphate-P,7,0.28814619065872094
y_hat_train,Phosphate-P,7,0.05953000584797827
y_hat_train,Phosphate-P,7,0.12421960772193663
y_hat_train,Phosphate-P,7,0.21709978718231018
y_hat_train,Phosphate-P,7,0.4535204781728774
y_hat_train,Phosphate-P,7,0.13334384666215243
y_hat_train,Phosphate-P,7,0.5707578133551692
y_hat_train,Phosphate-P,7,0.07193977826416087
y_hat_train,Phosphate-P,7,0.29804796561549673
y_hat_train,Phosphate-P,7,0.09924331791627636
y_hat_train,Phosphate-P,7,0.11502646595382332
y_hat_train,Phosphate-P,7,0.18193735474062378
y_hat_train,Phosphate-P,7,0.14330977153181157
y_hat_train,Phosphate-P,7,0.40592459939696973
y_hat_train,Phosphate-P,7,0.42744612783917396
y_hat_train,Phosphate-P,7,0.3552528795310569
y_hat_train,Phosphate-P,7,0.4375261700022409
y_hat_train,Phosphate-P,7,0.15547323867033752
y_hat_train,Phosphate-P,7,0.26674856682091386
y_hat_train,Phosphate-P,7,0.30290289036481066
y_hat_train,Phosphate-P,7,0.15004518693309588
y_hat_train,Phosphate-P,7,-0.03149259436129864
y_hat_train,Phosphate-P,7,0.31415225595204044
y_hat_train,Phosphate-P,7,0.23760958346009964
y_hat_train,Phosphate-P,7,0.48815264530165875
y_hat_train,Phosphate-P,7,0.4174108288238765
y_hat_train,Phosphate-P,7,0.4087876445699367
y_hat_train,Phosphate-P,7,0.1942390768764925
y_hat_train,Phosphate-P,7,0.19617417244594335
y_hat_train,Phosphate-P,7,0.30343589029723583
y_hat_train,Phosphate-P,7,0.13265830775567775
y_hat_train,Phosphate-P,7,0.4133199441962234
y_hat_train,Phosphate-P,7,0.10518385252048362
y_hat_train,Phosphate-P,7,0.46269359231551416
y_hat_train,Phosphate-P,7,0.11791387913414492
y_hat_train,Phosphate-P,7,0.5159911404039551
y_hat_train,Phosphate-P,7,0.32107683459157027
y_hat_train,Phosphate-P,7,0.13719444108314383
y_hat_train,Phosphate-P,7,0.1320297224134167
y_hat_train,Phosphate-P,7,0.4893352788343934
y_hat_train,Phosphate-P,7,0.2534772321643022
y_hat_train,Phosphate-P,7,0.3203735159686838
y_hat_train,Phosphate-P,7,0.25715464665792676
y_hat_train,Phosphate-P,7,0.44055934325985585
y_hat_train,Phosphate-P,7,0.4286741767395202
y_hat_train,Phosphate-P,7,0.23379160544382216
y_hat_train,Phosphate-P,7,0.15314538200773836
y_hat_train,Phosphate-P,7,0.435776256342453
y_hat_train,Phosphate-P,7,0.6460758802294697
y_hat_train,Phosphate-P,7,-0.00022001464392401582
y_hat_train,Phosphate-P,7,0.05747054638225463
y_hat_train,Phosphate-P,7,0.3491416822764535
y_hat_train,Phosphate-P,7,0.8016279158718269
y_hat_train,Phosphate-P,7,0.017508730583992604
y_hat_train,Phosphate-P,7,0.12196158891229675
y_hat_train,Phosphate-P,7,0.05209524973619173
y_hat_train,Phosphate-P,7,-0.08470468837195894
y_hat_train,Phosphate-P,7,0.19153371272777742
y_hat_train,Phosphate-P,7,0.4128557885128725
y_hat_train,Phosphate-P,7,0.10610464067076353
y_hat_train,Phosphate-P,7,0.4081598164989333
y_hat_train,Phosphate-P,7,0.362255334921337
y_hat_train,Phosphate-P,7,0.16457501997674367
y_hat_train,Phosphate-P,7,0.4435499901261261
y_hat_train,Phosphate-P,7,0.05486815581796223
y_hat_train,Phosphate-P,7,0.11511730468788806
y_hat_train,Phosphate-P,7,0.4867535456732481
y_hat_train,Phosphate-P,7,0.48087012010322516
y_hat_train,Phosphate-P,7,0.3988128836428422
y_hat_train,Phosphate-P,7,0.810968718167365
y_hat_train,Phosphate-P,7,0.35543877478760044
y_hat_train,Phosphate-P,7,0.5578362961488055
y_hat_train,Phosphate-P,7,-0.11384131487579813
y_hat_train,Phosphate-P,7,0.8227245202895956
y_hat_train,Phosphate-P,7,0.1986795607995667
y_hat_train,Phosphate-P,7,0.2752387408964309
y_hat_train,Phosphate-P,7,0.1572997272303166
y_hat_train,Phosphate-P,7,0.6809521260595828
y_hat_train,Phosphate-P,7,0.07782605404650636
y_hat_train,Phosphate-P,7,0.5083232218337148
y_hat_train,Phosphate-P,7,0.2759315801056613
y_hat_train,Phosphate-P,7,0.6590251973219202
y_hat_train,Phosphate-P,7,0.08152327385977481
y_hat_train,Phosphate-P,7,0.27254601926909855
y_hat_train,Phosphate-P,7,0.08747616825869123
y_hat_train,Phosphate-P,7,0.5402800044028989
y_hat_train,Phosphate-P,7,0.19880226752434643
y_hat_train,Phosphate-P,7,0.13360991894751917
y_hat_train,Phosphate-P,7,0.15348580750779567
y_hat_train,Phosphate-P,7,-0.011950628654354534
y_hat_train,Phosphate-P,7,0.2535430426448163
y_hat_train,Phosphate-P,7,0.23893962216101433
y_hat_train,Phosphate-P,7,0.33802939276574895
y_hat_train,Phosphate-P,7,0.3563648605244689
y_hat_train,Phosphate-P,7,-0.07600398806370395
y_hat_train,Phosphate-P,7,0.6650430287109754
y_hat_train,Phosphate-P,7,0.09993894381319857
y_hat_train,Phosphate-P,7,0.2838694626845296
y_hat_train,Phosphate-P,7,0.1938963304678259
y_hat_train,Phosphate-P,7,0.17440085849519935
y_hat_train,Phosphate-P,7,0.08484737735380898
y_hat_train,Phosphate-P,7,0.18274078871409452
y_hat_train,Phosphate-P,7,0.5057383765916647
y_hat_train,Phosphate-P,7,0.000594293666914103
y_hat_train,Phosphate-P,7,0.14600931785036383
y_hat_train,Phosphate-P,7,0.11804202669220065
y_hat_train,Phosphate-P,7,0.6239303411034662
y_hat_train,Phosphate-P,7,0.42908670189398984
y_hat_train,Phosphate-P,7,0.021320462539459017
y_hat_train,Phosphate-P,7,0.49903429326298154
y_hat_train,Phosphate-P,7,0.484697240226357
y_hat_train,Phosphate-P,7,-0.019555711603603587
y_hat_train,Phosphate-P,7,0.7518345902986519
y_hat_train,Phosphate-P,7,0.13812307923726388
y_hat_train,Phosphate-P,7,0.2274692907912697
y_hat_train,Phosphate-P,7,0.14420226951393048
y_hat_train,Phosphate-P,7,0.06463121192031598
y_hat_train,Phosphate-P,7,0.08232397588163959
y_hat_train,Phosphate-P,7,0.7003729327118753
y_hat_train,Phosphate-P,7,0.588928495755664
y_hat_train,Phosphate-P,7,0.2601489303889106
y_hat_train,Phosphate-P,7,0.058957211020445294
y_hat_train,Phosphate-P,7,0.39957063181914115
y_hat_train,Phosphate-P,7,0.33052771884839727
y_hat_train,Phosphate-P,7,0.6505128654782615
y_hat_train,Phosphate-P,7,0.07639875816088104
y_hat_train,Phosphate-P,7,0.26015354774784155
y_true_train,Phosphate-P,7,0.078
y_true_train,Phosphate-P,7,0.728666667
y_true_train,Phosphate-P,7,0.03864
y_true_train,Phosphate-P,7,0.200780147
y_true_train,Phosphate-P,7,0.106524044
y_true_train,Phosphate-P,7,0.07185
y_true_train,Phosphate-P,7,0.41883
y_true_train,Phosphate-P,7,0.078333333
y_true_train,Phosphate-P,7,0.07735
y_true_train,Phosphate-P,7,0.131
y_true_train,Phosphate-P,7,0.398
y_true_train,Phosphate-P,7,0.116706814
y_true_train,Phosphate-P,7,0.46794
y_true_train,Phosphate-P,7,0.092
y_true_train,Phosphate-P,7,0.36624
y_true_train,Phosphate-P,7,0.14617
y_true_train,Phosphate-P,7,0.073666667
y_true_train,Phosphate-P,7,0.336
y_true_train,Phosphate-P,7,0.104236832
y_true_train,Phosphate-P,7,0.470497874
y_true_train,Phosphate-P,7,0.271013196
y_true_train,Phosphate-P,7,0.18067
y_true_train,Phosphate-P,7,0.528
y_true_train,Phosphate-P,7,0.12965646
y_true_train,Phosphate-P,7,0.338333333
y_true_train,Phosphate-P,7,0.136666667
y_true_train,Phosphate-P,7,0.132
y_true_train,Phosphate-P,7,0.05031
y_true_train,Phosphate-P,7,0.557
y_true_train,Phosphate-P,7,0.081666667
y_true_train,Phosphate-P,7,0.55
y_true_train,Phosphate-P,7,0.708
y_true_train,Phosphate-P,7,0.686666667
y_true_train,Phosphate-P,7,0.10954
y_true_train,Phosphate-P,7,0.14079
y_true_train,Phosphate-P,7,0.11026
y_true_train,Phosphate-P,7,0.09725
y_true_train,Phosphate-P,7,0.495666667
y_true_train,Phosphate-P,7,0.0686
y_true_train,Phosphate-P,7,0.531
y_true_train,Phosphate-P,7,0.089
y_true_train,Phosphate-P,7,0.54935
y_true_train,Phosphate-P,7,0.11929
y_true_train,Phosphate-P,7,0.158
y_true_train,Phosphate-P,7,0.11770379
y_true_train,Phosphate-P,7,0.661834245
y_true_train,Phosphate-P,7,0.07329
y_true_train,Phosphate-P,7,0.108666667
y_true_train,Phosphate-P,7,0.163838414
y_true_train,Phosphate-P,7,0.613333333
y_true_train,Phosphate-P,7,0.42907
y_true_train,Phosphate-P,7,0.094
y_true_train,Phosphate-P,7,0.264
y_true_train,Phosphate-P,7,0.53977
y_true_train,Phosphate-P,7,0.588000088
y_true_train,Phosphate-P,7,0.0512
y_true_train,Phosphate-P,7,0.19012
y_true_train,Phosphate-P,7,0.189666667
y_true_train,Phosphate-P,7,0.996333333
y_true_train,Phosphate-P,7,0.120092955
y_true_train,Phosphate-P,7,0.06315
y_true_train,Phosphate-P,7,0.116706814
y_true_train,Phosphate-P,7,0.04722
y_true_train,Phosphate-P,7,0.51
y_true_train,Phosphate-P,7,0.24417
y_true_train,Phosphate-P,7,0.07112
y_true_train,Phosphate-P,7,0.42907
y_true_train,Phosphate-P,7,0.34249
y_true_train,Phosphate-P,7,0.09
y_true_train,Phosphate-P,7,0.104333333
y_true_train,Phosphate-P,7,0.05293
y_true_train,Phosphate-P,7,0.05276
y_true_train,Phosphate-P,7,0.601333333
y_true_train,Phosphate-P,7,0.416666667
y_true_train,Phosphate-P,7,0.156
y_true_train,Phosphate-P,7,0.866544347
y_true_train,Phosphate-P,7,0.33558
y_true_train,Phosphate-P,7,0.562333333
y_true_train,Phosphate-P,7,0.05799
y_true_train,Phosphate-P,7,0.834333333
y_true_train,Phosphate-P,7,0.284666667
y_true_train,Phosphate-P,7,0.229333333
y_true_train,Phosphate-P,7,0.086
y_true_train,Phosphate-P,7,0.817666667
y_true_train,Phosphate-P,7,0.078333333
y_true_train,Phosphate-P,7,0.691666667
y_true_train,Phosphate-P,7,0.228333333
y_true_train,Phosphate-P,7,0.44946521
y_true_train,Phosphate-P,7,0.06773
y_true_train,Phosphate-P,7,0.07105
y_true_train,Phosphate-P,7,0.058
y_true_train,Phosphate-P,7,0.55
y_true_train,Phosphate-P,7,0.076666667
y_true_train,Phosphate-P,7,0.15989332
y_true_train,Phosphate-P,7,0.08433
y_true_train,Phosphate-P,7,0.110666667
y_true_train,Phosphate-P,7,0.466666667
y_true_train,Phosphate-P,7,0.205603597
y_true_train,Phosphate-P,7,0.221333333
y_true_train,Phosphate-P,7,0.10434
y_true_train,Phosphate-P,7,0.123
y_true_train,Phosphate-P,7,0.727666667
y_true_train,Phosphate-P,7,0.089
y_true_train,Phosphate-P,7,0.098666667
y_true_train,Phosphate-P,7,0.05119
y_true_train,Phosphate-P,7,0.08646
y_true_train,Phosphate-P,7,0.088
y_true_train,Phosphate-P,7,0.22296
y_true_train,Phosphate-P,7,0.70909
y_true_train,Phosphate-P,7,0.16774969
y_true_train,Phosphate-P,7,0.06275
y_true_train,Phosphate-P,7,0.167
y_true_train,Phosphate-P,7,0.631870027
y_true_train,Phosphate-P,7,0.457286778
y_true_train,Phosphate-P,7,0.108
y_true_train,Phosphate-P,7,0.757333333
y_true_train,Phosphate-P,7,0.527
y_true_train,Phosphate-P,7,0.081
y_true_train,Phosphate-P,7,0.67654
y_true_train,Phosphate-P,7,0.091666667
y_true_train,Phosphate-P,7,0.052333333
y_true_train,Phosphate-P,7,0.12965646
y_true_train,Phosphate-P,7,0.1027
y_true_train,Phosphate-P,7,0.08984
y_true_train,Phosphate-P,7,0.890825762
y_true_train,Phosphate-P,7,0.59085
y_true_train,Phosphate-P,7,0.415
y_true_train,Phosphate-P,7,0.061333333
y_true_train,Phosphate-P,7,0.168488244
y_true_train,Phosphate-P,7,0.114
y_true_train,Phosphate-P,7,0.69042
y_true_train,Phosphate-P,7,0.09747
y_true_train,Phosphate-P,7,0.177
y_true_test,Phosphate-P,7,0.03695
y_true_test,Phosphate-P,7,0.554333333
y_true_test,Phosphate-P,7,0.30041
y_true_test,Phosphate-P,7,0.1692
y_true_test,Phosphate-P,7,0.38031
y_true_test,Phosphate-P,7,0.061333333
y_true_test,Phosphate-P,7,0.089
y_true_test,Phosphate-P,7,0.090333333
y_true_test,Phosphate-P,7,0.406666667
y_true_test,Phosphate-P,7,0.11203
y_true_test,Phosphate-P,7,0.880333333
y_true_test,Phosphate-P,7,0.08157
y_true_test,Phosphate-P,7,0.082
y_true_test,Phosphate-P,7,0.44981
y_true_test,Phosphate-P,7,0.152333333
y_true_test,Phosphate-P,7,0.67156
y_true_test,Phosphate-P,7,0.27718
y_true_test,Phosphate-P,7,0.158333333
y_true_test,Phosphate-P,7,0.264
y_true_test,Phosphate-P,7,0.102666667
y_true_test,Phosphate-P,7,0.2953
y_true_test,Phosphate-P,7,0.15785
y_true_test,Phosphate-P,7,0.166804647
y_true_test,Phosphate-P,7,0.187666667
y_true_test,Phosphate-P,7,0.728098185
y_true_test,Phosphate-P,7,0.08955
y_true_test,Phosphate-P,7,0.068
y_true_test,Phosphate-P,7,0.619333333
y_true_test,Phosphate-P,7,0.239333333
y_true_test,Phosphate-P,7,0.546666667
y_true_test,Phosphate-P,7,0.08439
y_true_test,Phosphate-P,7,0.34749
y_true_test,Phosphate-P,7,0.271013196
y_true_test,Phosphate-P,7,0.72154
y_true_test,Phosphate-P,7,0.107666667
y_true_test,Phosphate-P,7,0.48344
y_true_test,Phosphate-P,7,0.36584
y_true_test,Phosphate-P,7,0.6755
y_true_test,Phosphate-P,7,0.089333333
y_true_test,Phosphate-P,7,0.191666667
y_true_test,Phosphate-P,7,0.132
y_true_test,Phosphate-P,7,0.05315
y_true_test,Phosphate-P,7,0.06581
y_true_test,Phosphate-P,7,0.119
y_true_test,Phosphate-P,7,0.071
y_true_test,Phosphate-P,7,0.34
y_true_test,Phosphate-P,7,0.166804647
y_true_test,Phosphate-P,7,0.10184
y_true_test,Phosphate-P,7,0.336730892
y_true_test,Phosphate-P,7,0.05571
y_true_test,Phosphate-P,7,0.153666667
y_true_test,Phosphate-P,7,0.338333333
y_true_test,Phosphate-P,7,0.16336
y_true_test,Phosphate-P,7,0.150156265
y_true_test,Phosphate-P,7,0.098333333
y_true_test,Phosphate-P,7,0.124666667
y_true_test,Phosphate-P,7,0.40176
y_true_test,Phosphate-P,7,0.750333333
test_ind,Phosphate-P,7,43.0
test_ind,Phosphate-P,7,338.0
test_ind,Phosphate-P,7,95.0
test_ind,Phosphate-P,7,167.0
test_ind,Phosphate-P,7,49.0
test_ind,Phosphate-P,7,190.0
test_ind,Phosphate-P,7,76.0
test_ind,Phosphate-P,7,395.0
test_ind,Phosphate-P,7,260.0
test_ind,Phosphate-P,7,212.0
test_ind,Phosphate-P,7,344.0
test_ind,Phosphate-P,7,187.0
test_ind,Phosphate-P,7,274.0
test_ind,Phosphate-P,7,244.0
test_ind,Phosphate-P,7,374.0
test_ind,Phosphate-P,7,137.0
test_ind,Phosphate-P,7,119.0
test_ind,Phosphate-P,7,326.0
test_ind,Phosphate-P,7,122.0
test_ind,Phosphate-P,7,370.0
test_ind,Phosphate-P,7,233.0
test_ind,Phosphate-P,7,169.0
test_ind,Phosphate-P,7,175.0
test_ind,Phosphate-P,7,284.0
test_ind,Phosphate-P,7,145.0
test_ind,Phosphate-P,7,213.0
test_ind,Phosphate-P,7,6.0
test_ind,Phosphate-P,7,362.0
test_ind,Phosphate-P,7,312.0
test_ind,Phosphate-P,7,345.0
test_ind,Phosphate-P,7,249.0
test_ind,Phosphate-P,7,247.0
test_ind,Phosphate-P,7,125.0
test_ind,Phosphate-P,7,64.0
test_ind,Phosphate-P,7,315.0
test_ind,Phosphate-P,7,65.0
test_ind,Phosphate-P,7,27.0
test_ind,Phosphate-P,7,236.0
test_ind,Phosphate-P,7,318.0
test_ind,Phosphate-P,7,324.0
test_ind,Phosphate-P,7,171.0
test_ind,Phosphate-P,7,38.0
test_ind,Phosphate-P,7,238.0
test_ind,Phosphate-P,7,381.0
test_ind,Phosphate-P,7,306.0
test_ind,Phosphate-P,7,358.0
test_ind,Phosphate-P,7,174.0
test_ind,Phosphate-P,7,72.0
test_ind,Phosphate-P,7,94.0
test_ind,Phosphate-P,7,214.0
test_ind,Phosphate-P,7,386.0
test_ind,Phosphate-P,7,100.0
test_ind,Phosphate-P,7,57.0
test_ind,Phosphate-P,7,217.0
test_ind,Phosphate-P,7,287.0
test_ind,Phosphate-P,7,268.0
test_ind,Phosphate-P,7,136.0
test_ind,Phosphate-P,7,373.0
train_ind,Phosphate-P,7,342.0
train_ind,Phosphate-P,7,269.0
train_ind,Phosphate-P,7,20.0
train_ind,Phosphate-P,7,173.0
train_ind,Phosphate-P,7,193.0
train_ind,Phosphate-P,7,55.0
train_ind,Phosphate-P,7,258.0
train_ind,Phosphate-P,7,216.0
train_ind,Phosphate-P,7,73.0
train_ind,Phosphate-P,7,266.0
train_ind,Phosphate-P,7,280.0
train_ind,Phosphate-P,7,219.0
train_ind,Phosphate-P,7,98.0
train_ind,Phosphate-P,7,11.0
train_ind,Phosphate-P,7,36.0
train_ind,Phosphate-P,7,248.0
train_ind,Phosphate-P,7,343.0
train_ind,Phosphate-P,7,353.0
train_ind,Phosphate-P,7,194.0
train_ind,Phosphate-P,7,124.0
train_ind,Phosphate-P,7,126.0
train_ind,Phosphate-P,7,52.0
train_ind,Phosphate-P,7,304.0
train_ind,Phosphate-P,7,77.0
train_ind,Phosphate-P,7,101.0
train_ind,Phosphate-P,7,347.0
train_ind,Phosphate-P,7,170.0
train_ind,Phosphate-P,7,14.0
train_ind,Phosphate-P,7,372.0
train_ind,Phosphate-P,7,278.0
train_ind,Phosphate-P,7,141.0
train_ind,Phosphate-P,7,341.0
train_ind,Phosphate-P,7,390.0
train_ind,Phosphate-P,7,15.0
train_ind,Phosphate-P,7,211.0
train_ind,Phosphate-P,7,168.0
train_ind,Phosphate-P,7,250.0
train_ind,Phosphate-P,7,262.0
train_ind,Phosphate-P,7,59.0
train_ind,Phosphate-P,7,8.0
train_ind,Phosphate-P,7,75.0
train_ind,Phosphate-P,7,99.0
train_ind,Phosphate-P,7,166.0
train_ind,Phosphate-P,7,333.0
train_ind,Phosphate-P,7,231.0
train_ind,Phosphate-P,7,103.0
train_ind,Phosphate-P,7,189.0
train_ind,Phosphate-P,7,332.0
train_ind,Phosphate-P,7,79.0
train_ind,Phosphate-P,7,295.0
train_ind,Phosphate-P,7,97.0
train_ind,Phosphate-P,7,311.0
train_ind,Phosphate-P,7,121.0
train_ind,Phosphate-P,7,29.0
train_ind,Phosphate-P,7,102.0
train_ind,Phosphate-P,7,41.0
train_ind,Phosphate-P,7,28.0
train_ind,Phosphate-P,7,378.0
train_ind,Phosphate-P,7,281.0
train_ind,Phosphate-P,7,165.0
train_ind,Phosphate-P,7,16.0
train_ind,Phosphate-P,7,220.0
train_ind,Phosphate-P,7,232.0
train_ind,Phosphate-P,7,391.0
train_ind,Phosphate-P,7,23.0
train_ind,Phosphate-P,7,34.0
train_ind,Phosphate-P,7,96.0
train_ind,Phosphate-P,7,120.0
train_ind,Phosphate-P,7,359.0
train_ind,Phosphate-P,7,300.0
train_ind,Phosphate-P,7,257.0
train_ind,Phosphate-P,7,42.0
train_ind,Phosphate-P,7,329.0
train_ind,Phosphate-P,7,279.0
train_ind,Phosphate-P,7,398.0
train_ind,Phosphate-P,7,144.0
train_ind,Phosphate-P,7,61.0
train_ind,Phosphate-P,7,299.0
train_ind,Phosphate-P,7,67.0
train_ind,Phosphate-P,7,298.0
train_ind,Phosphate-P,7,339.0
train_ind,Phosphate-P,7,351.0
train_ind,Phosphate-P,7,265.0
train_ind,Phosphate-P,7,392.0
train_ind,Phosphate-P,7,215.0
train_ind,Phosphate-P,7,319.0
train_ind,Phosphate-P,7,365.0
train_ind,Phosphate-P,7,123.0
train_ind,Phosphate-P,7,71.0
train_ind,Phosphate-P,7,17.0
train_ind,Phosphate-P,7,385.0
train_ind,Phosphate-P,7,142.0
train_ind,Phosphate-P,7,389.0
train_ind,Phosphate-P,7,192.0
train_ind,Phosphate-P,7,252.0
train_ind,Phosphate-P,7,305.0
train_ind,Phosphate-P,7,3.0
train_ind,Phosphate-P,7,172.0
train_ind,Phosphate-P,7,382.0
train_ind,Phosphate-P,7,186.0
train_ind,Phosphate-P,7,293.0
train_ind,Phosphate-P,7,9.0
train_ind,Phosphate-P,7,74.0
train_ind,Phosphate-P,7,346.0
train_ind,Phosphate-P,7,69.0
train_ind,Phosphate-P,7,243.0
train_ind,Phosphate-P,7,323.0
train_ind,Phosphate-P,7,118.0
train_ind,Phosphate-P,7,140.0
train_ind,Phosphate-P,7,80.0
train_ind,Phosphate-P,7,39.0
train_ind,Phosphate-P,7,12.0
train_ind,Phosphate-P,7,104.0
train_ind,Phosphate-P,7,164.0
train_ind,Phosphate-P,7,2.0
train_ind,Phosphate-P,7,361.0
train_ind,Phosphate-P,7,291.0
train_ind,Phosphate-P,7,270.0
train_ind,Phosphate-P,7,139.0
train_ind,Phosphate-P,7,349.0
train_ind,Phosphate-P,7,292.0
train_ind,Phosphate-P,7,78.0
train_ind,Phosphate-P,7,237.0
train_ind,Phosphate-P,7,188.0
train_ind,Phosphate-P,7,143.0
train_ind,Phosphate-P,7,48.0
train_ind,Phosphate-P,7,302.0
train_ind,Phosphate-P,7,191.0
train_ind,Phosphate-P,7,218.0
train_ind,Phosphate-P,7,320.0
train_ind,Phosphate-P,7,138.0
train_ind,Phosphate-P,7,51.0
train_ind,Phosphate-P,7,366.0
test_rsq,Phosphate-P,7,-0.09538957456173036
train_rsq,Phosphate-P,7,0.7285012100876953
test_rmse,Phosphate-P,7,0.22369781012804704
train_rmse,Phosphate-P,7,0.12563112787508257
test_mape,Phosphate-P,7,111.94395424895258
train_mape,Phosphate-P,7,68.37104451427226
n_comp,Phosphate-P,7,12.0
y_hat_test,Phosphate-P,8,0.249305720544862
y_hat_test,Phosphate-P,8,0.2982664238139548
y_hat_test,Phosphate-P,8,0.297460519164403
y_hat_test,Phosphate-P,8,0.12275543522801519
y_hat_test,Phosphate-P,8,0.16477044169241442
y_hat_test,Phosphate-P,8,0.17968294055280729
y_hat_test,Phosphate-P,8,0.2683898248656324
y_hat_test,Phosphate-P,8,0.23558504342105546
y_hat_test,Phosphate-P,8,0.17815090530819574
y_hat_test,Phosphate-P,8,0.16714617733044923
y_hat_test,Phosphate-P,8,0.27822481074020916
y_hat_test,Phosphate-P,8,0.13096772009676527
y_hat_test,Phosphate-P,8,0.3083265239723802
y_hat_test,Phosphate-P,8,0.2451850951654947
y_hat_test,Phosphate-P,8,0.2678628627736388
y_hat_test,Phosphate-P,8,0.27675356130807355
y_hat_test,Phosphate-P,8,0.28203513729392965
y_hat_test,Phosphate-P,8,0.21053247158506333
y_hat_test,Phosphate-P,8,0.26650746948861365
y_hat_test,Phosphate-P,8,0.24445475511229792
y_hat_test,Phosphate-P,8,0.30223966378885603
y_hat_test,Phosphate-P,8,0.17697803929438882
y_hat_test,Phosphate-P,8,0.19649843950860518
y_hat_test,Phosphate-P,8,0.17890532537728837
y_hat_test,Phosphate-P,8,0.4159365614997096
y_hat_test,Phosphate-P,8,0.2923258409070726
y_hat_test,Phosphate-P,8,-0.002864015370708295
y_hat_test,Phosphate-P,8,0.15963549960530207
y_hat_test,Phosphate-P,8,0.29715231652366314
y_hat_test,Phosphate-P,8,0.25135139424965874
y_hat_test,Phosphate-P,8,0.16871210952557747
y_hat_test,Phosphate-P,8,0.17224672023175647
y_hat_test,Phosphate-P,8,0.2983540161965408
y_hat_test,Phosphate-P,8,0.2381280842584484
y_hat_test,Phosphate-P,8,0.26406500775671526
y_hat_test,Phosphate-P,8,0.26531252259612464
y_hat_test,Phosphate-P,8,0.36135559202798917
y_hat_test,Phosphate-P,8,0.1879567861321244
y_hat_test,Phosphate-P,8,0.5846161390374075
y_hat_test,Phosphate-P,8,0.33558103773136166
y_hat_test,Phosphate-P,8,0.2995148857451187
y_hat_test,Phosphate-P,8,0.23056529675896104
y_hat_test,Phosphate-P,8,0.3244636281082032
y_hat_test,Phosphate-P,8,0.22138633125301516
y_hat_test,Phosphate-P,8,0.30333514910136494
y_hat_test,Phosphate-P,8,0.3224727795539657
y_hat_test,Phosphate-P,8,0.2737800243976256
y_hat_test,Phosphate-P,8,0.2606284280708401
y_hat_test,Phosphate-P,8,0.31972946628873145
y_hat_test,Phosphate-P,8,0.2858740075255283
y_hat_test,Phosphate-P,8,0.27350851907259716
y_hat_test,Phosphate-P,8,0.09099352869716743
y_hat_test,Phosphate-P,8,0.13943378127234093
y_hat_test,Phosphate-P,8,0.25136999290761913
y_hat_test,Phosphate-P,8,0.21895853541434215
y_hat_test,Phosphate-P,8,0.3107020866667228
y_hat_test,Phosphate-P,8,0.2967245914870424
y_hat_test,Phosphate-P,8,0.2629827963363705
y_hat_train,Phosphate-P,8,0.3386824007235104
y_hat_train,Phosphate-P,8,0.30216503663694216
y_hat_train,Phosphate-P,8,0.05752919045471322
y_hat_train,Phosphate-P,8,0.23548485441301015
y_hat_train,Phosphate-P,8,0.27335556231988295
y_hat_train,Phosphate-P,8,0.34915888052651733
y_hat_train,Phosphate-P,8,0.28619336480951824
y_hat_train,Phosphate-P,8,0.4060030036948325
y_hat_train,Phosphate-P,8,0.1415197694834897
y_hat_train,Phosphate-P,8,-0.12915598146346435
y_hat_train,Phosphate-P,8,0.3640997858780307
y_hat_train,Phosphate-P,8,0.07659129419035515
y_hat_train,Phosphate-P,8,0.5185868682731232
y_hat_train,Phosphate-P,8,0.30930390569518834
y_hat_train,Phosphate-P,8,0.2720683316968886
y_hat_train,Phosphate-P,8,0.3652734961894668
y_hat_train,Phosphate-P,8,0.19939238128176773
y_hat_train,Phosphate-P,8,0.45801089624137725
y_hat_train,Phosphate-P,8,0.3057705913867893
y_hat_train,Phosphate-P,8,0.11977296612930238
y_hat_train,Phosphate-P,8,0.14493431967350093
y_hat_train,Phosphate-P,8,0.39346454520989627
y_hat_train,Phosphate-P,8,0.30326151154734293
y_hat_train,Phosphate-P,8,0.2041781069930696
y_hat_train,Phosphate-P,8,0.37509780463699505
y_hat_train,Phosphate-P,8,0.18822745951169692
y_hat_train,Phosphate-P,8,0.06817965873860252
y_hat_train,Phosphate-P,8,0.1755141676926914
y_hat_train,Phosphate-P,8,0.31369821229248573
y_hat_train,Phosphate-P,8,0.20811240545577553
y_hat_train,Phosphate-P,8,0.012819236083949748
y_hat_train,Phosphate-P,8,0.2617083309945833
y_hat_train,Phosphate-P,8,0.3374948304921086
y_hat_train,Phosphate-P,8,0.0645810134597922
y_hat_train,Phosphate-P,8,0.033240003745247965
y_hat_train,Phosphate-P,8,0.3684109924083913
y_hat_train,Phosphate-P,8,0.0700507582620078
y_hat_train,Phosphate-P,8,0.21593112732717576
y_hat_train,Phosphate-P,8,0.24045928531651206
y_hat_train,Phosphate-P,8,0.5105297702524048
y_hat_train,Phosphate-P,8,0.21495709377460365
y_hat_train,Phosphate-P,8,0.32327699580509495
y_hat_train,Phosphate-P,8,0.24550716234755343
y_hat_train,Phosphate-P,8,0.055758105733115904
y_hat_train,Phosphate-P,8,0.08534483149839897
y_hat_train,Phosphate-P,8,0.29376537814599196
y_hat_train,Phosphate-P,8,0.40593542245670433
y_hat_train,Phosphate-P,8,0.22346756628198786
y_hat_train,Phosphate-P,8,0.3268743108184309
y_hat_train,Phosphate-P,8,0.36275333601599996
y_hat_train,Phosphate-P,8,0.16790377946290108
y_hat_train,Phosphate-P,8,0.21083393852823054
y_hat_train,Phosphate-P,8,0.4957410008081067
y_hat_train,Phosphate-P,8,0.32611464975656834
y_hat_train,Phosphate-P,8,0.2404873768806084
y_hat_train,Phosphate-P,8,0.2393248168209242
y_hat_train,Phosphate-P,8,0.2821157646014219
y_hat_train,Phosphate-P,8,0.3419674783993272
y_hat_train,Phosphate-P,8,0.03623146792903406
y_hat_train,Phosphate-P,8,0.2572906376426679
y_hat_train,Phosphate-P,8,0.20082728645426243
y_hat_train,Phosphate-P,8,0.2467310382712492
y_hat_train,Phosphate-P,8,0.3992724422579926
y_hat_train,Phosphate-P,8,0.2448090879118963
y_hat_train,Phosphate-P,8,0.19699502875358352
y_hat_train,Phosphate-P,8,0.23412733041172223
y_hat_train,Phosphate-P,8,0.39585002934405683
y_hat_train,Phosphate-P,8,0.290968539795851
y_hat_train,Phosphate-P,8,0.2613198551726516
y_hat_train,Phosphate-P,8,0.2267325436227286
y_hat_train,Phosphate-P,8,0.3413902466915018
y_hat_train,Phosphate-P,8,0.3177472092816589
y_hat_train,Phosphate-P,8,0.3141021092750825
y_hat_train,Phosphate-P,8,0.2429945227241623
y_hat_train,Phosphate-P,8,0.1975743248473505
y_hat_train,Phosphate-P,8,0.27361276927960504
y_hat_train,Phosphate-P,8,0.25794406685047044
y_hat_train,Phosphate-P,8,0.29793276330904794
y_hat_train,Phosphate-P,8,0.313936493436998
y_hat_train,Phosphate-P,8,0.3312304153959264
y_hat_train,Phosphate-P,8,0.18466475746601607
y_hat_train,Phosphate-P,8,0.07721687974985891
y_hat_train,Phosphate-P,8,0.06989276395131211
y_hat_train,Phosphate-P,8,0.28479455537161424
y_hat_train,Phosphate-P,8,0.3613819351971811
y_hat_train,Phosphate-P,8,0.17586590640001823
y_hat_train,Phosphate-P,8,0.4271412802892509
y_hat_train,Phosphate-P,8,0.15473630073649042
y_hat_train,Phosphate-P,8,0.3335685123013271
y_hat_train,Phosphate-P,8,0.19836760655270674
y_hat_train,Phosphate-P,8,0.2842695320121069
y_hat_train,Phosphate-P,8,0.31372472629886233
y_hat_train,Phosphate-P,8,0.33524201931356423
y_hat_train,Phosphate-P,8,0.08251235333086032
y_hat_train,Phosphate-P,8,0.4163511728144814
y_hat_train,Phosphate-P,8,0.06857713548670363
y_hat_train,Phosphate-P,8,0.2651320161955004
y_hat_train,Phosphate-P,8,0.2900686182957551
y_hat_train,Phosphate-P,8,0.357458795131479
y_hat_train,Phosphate-P,8,0.059056245252085415
y_hat_train,Phosphate-P,8,0.38683389560776993
y_hat_train,Phosphate-P,8,0.12289377600508639
y_hat_train,Phosphate-P,8,0.04657820048148836
y_hat_train,Phosphate-P,8,0.3230094893942612
y_hat_train,Phosphate-P,8,0.32569010226093476
y_hat_train,Phosphate-P,8,0.3036147520388987
y_hat_train,Phosphate-P,8,0.22934140078739731
y_hat_train,Phosphate-P,8,0.10478775206007204
y_hat_train,Phosphate-P,8,0.38765077225193373
y_hat_train,Phosphate-P,8,0.47201702610359864
y_hat_train,Phosphate-P,8,0.40226685823521735
y_hat_train,Phosphate-P,8,0.0037392143547812506
y_hat_train,Phosphate-P,8,0.22132551335025732
y_hat_train,Phosphate-P,8,0.221195178543853
y_hat_train,Phosphate-P,8,0.21582103318694018
y_hat_train,Phosphate-P,8,0.3608269926699692
y_hat_train,Phosphate-P,8,0.2565075785510566
y_hat_train,Phosphate-P,8,0.24478162666375064
y_hat_train,Phosphate-P,8,0.3184281637344558
y_hat_train,Phosphate-P,8,0.26273945995337067
y_hat_train,Phosphate-P,8,0.29265536287872285
y_hat_train,Phosphate-P,8,0.2798688036119605
y_hat_train,Phosphate-P,8,0.3290758585895025
y_hat_train,Phosphate-P,8,0.22474659470643765
y_hat_train,Phosphate-P,8,0.330309501948149
y_hat_train,Phosphate-P,8,0.27123873240625157
y_hat_train,Phosphate-P,8,0.31377240761089165
y_hat_train,Phosphate-P,8,0.2846037050919085
y_hat_train,Phosphate-P,8,0.40756312146763
y_hat_train,Phosphate-P,8,0.214243068406413
y_hat_train,Phosphate-P,8,0.07241647043458047
y_hat_train,Phosphate-P,8,0.2543100649275643
y_hat_train,Phosphate-P,8,0.1930446370867729
y_true_train,Phosphate-P,8,0.168488244
y_true_train,Phosphate-P,8,0.104333333
y_true_train,Phosphate-P,8,0.05293
y_true_train,Phosphate-P,8,0.22296
y_true_train,Phosphate-P,8,0.119
y_true_train,Phosphate-P,8,0.152333333
y_true_train,Phosphate-P,8,0.415
y_true_train,Phosphate-P,8,0.11929
y_true_train,Phosphate-P,8,0.0686
y_true_train,Phosphate-P,8,0.06773
y_true_train,Phosphate-P,8,0.46794
y_true_train,Phosphate-P,8,0.03695
y_true_train,Phosphate-P,8,0.336730892
y_true_train,Phosphate-P,8,0.284666667
y_true_train,Phosphate-P,8,0.05119
y_true_train,Phosphate-P,8,0.10954
y_true_train,Phosphate-P,8,0.416666667
y_true_train,Phosphate-P,8,0.470497874
y_true_train,Phosphate-P,8,0.55
y_true_train,Phosphate-P,8,0.05571
y_true_train,Phosphate-P,8,0.05799
y_true_train,Phosphate-P,8,0.728098185
y_true_train,Phosphate-P,8,0.44981
y_true_train,Phosphate-P,8,0.12965646
y_true_train,Phosphate-P,8,0.750333333
y_true_train,Phosphate-P,8,0.078333333
y_true_train,Phosphate-P,8,0.08157
y_true_train,Phosphate-P,8,0.163838414
y_true_train,Phosphate-P,8,0.34249
y_true_train,Phosphate-P,8,0.076666667
y_true_train,Phosphate-P,8,0.088
y_true_train,Phosphate-P,8,0.089
y_true_train,Phosphate-P,8,0.229333333
y_true_train,Phosphate-P,8,0.08984
y_true_train,Phosphate-P,8,0.058
y_true_train,Phosphate-P,8,0.890825762
y_true_train,Phosphate-P,8,0.061333333
y_true_train,Phosphate-P,8,0.081666667
y_true_train,Phosphate-P,8,0.03864
y_true_train,Phosphate-P,8,0.457286778
y_true_train,Phosphate-P,8,0.09725
y_true_train,Phosphate-P,8,0.554333333
y_true_train,Phosphate-P,8,0.092
y_true_train,Phosphate-P,8,0.071
y_true_train,Phosphate-P,8,0.081
y_true_train,Phosphate-P,8,0.38031
y_true_train,Phosphate-P,8,0.11770379
y_true_train,Phosphate-P,8,0.10434
y_true_train,Phosphate-P,8,0.177
y_true_train,Phosphate-P,8,0.239333333
y_true_train,Phosphate-P,8,0.082
y_true_train,Phosphate-P,8,0.1027
y_true_train,Phosphate-P,8,0.631870027
y_true_train,Phosphate-P,8,0.1692
y_true_train,Phosphate-P,8,0.08646
y_true_train,Phosphate-P,8,0.07112
y_true_train,Phosphate-P,8,0.406666667
y_true_train,Phosphate-P,8,0.153666667
y_true_train,Phosphate-P,8,0.078
y_true_train,Phosphate-P,8,0.06275
y_true_train,Phosphate-P,8,0.12965646
y_true_train,Phosphate-P,8,0.51
y_true_train,Phosphate-P,8,0.619333333
y_true_train,Phosphate-P,8,0.108666667
y_true_train,Phosphate-P,8,0.05031
y_true_train,Phosphate-P,8,0.09
y_true_train,Phosphate-P,8,0.866544347
y_true_train,Phosphate-P,8,0.48344
y_true_train,Phosphate-P,8,0.104236832
y_true_train,Phosphate-P,8,0.167
y_true_train,Phosphate-P,8,0.708
y_true_train,Phosphate-P,8,0.30041
y_true_train,Phosphate-P,8,0.495666667
y_true_train,Phosphate-P,8,0.661834245
y_true_train,Phosphate-P,8,0.089
y_true_train,Phosphate-P,8,0.191666667
y_true_train,Phosphate-P,8,0.07735
y_true_train,Phosphate-P,8,0.114
y_true_train,Phosphate-P,8,0.158
y_true_train,Phosphate-P,8,0.41883
y_true_train,Phosphate-P,8,0.086
y_true_train,Phosphate-P,8,0.10184
y_true_train,Phosphate-P,8,0.068
y_true_train,Phosphate-P,8,0.527
y_true_train,Phosphate-P,8,0.271013196
y_true_train,Phosphate-P,8,0.613333333
y_true_train,Phosphate-P,8,0.42907
y_true_train,Phosphate-P,8,0.16336
y_true_train,Phosphate-P,8,0.05276
y_true_train,Phosphate-P,8,0.0512
y_true_train,Phosphate-P,8,0.72154
y_true_train,Phosphate-P,8,0.166804647
y_true_train,Phosphate-P,8,0.271013196
y_true_train,Phosphate-P,8,0.061333333
y_true_train,Phosphate-P,8,0.53977
y_true_train,Phosphate-P,8,0.04722
y_true_train,Phosphate-P,8,0.132
y_true_train,Phosphate-P,8,0.124666667
y_true_train,Phosphate-P,8,0.098666667
y_true_train,Phosphate-P,8,0.091666667
y_true_train,Phosphate-P,8,0.67156
y_true_train,Phosphate-P,8,0.158333333
y_true_train,Phosphate-P,8,0.090333333
y_true_train,Phosphate-P,8,0.34
y_true_train,Phosphate-P,8,0.55
y_true_train,Phosphate-P,8,0.588000088
y_true_train,Phosphate-P,8,0.338333333
y_true_train,Phosphate-P,8,0.06315
y_true_train,Phosphate-P,8,0.757333333
y_true_train,Phosphate-P,8,0.150156265
y_true_train,Phosphate-P,8,0.19012
y_true_train,Phosphate-P,8,0.05315
y_true_train,Phosphate-P,8,0.264
y_true_train,Phosphate-P,8,0.08955
y_true_train,Phosphate-P,8,0.15989332
y_true_train,Phosphate-P,8,0.528
y_true_train,Phosphate-P,8,0.44946521
y_true_train,Phosphate-P,8,0.123
y_true_train,Phosphate-P,8,0.36584
y_true_train,Phosphate-P,8,0.2953
y_true_train,Phosphate-P,8,0.601333333
y_true_train,Phosphate-P,8,0.14617
y_true_train,Phosphate-P,8,0.557
y_true_train,Phosphate-P,8,0.264
y_true_train,Phosphate-P,8,0.166804647
y_true_train,Phosphate-P,8,0.6755
y_true_train,Phosphate-P,8,0.42907
y_true_train,Phosphate-P,8,0.116706814
y_true_train,Phosphate-P,8,0.205603597
y_true_train,Phosphate-P,8,0.052333333
y_true_train,Phosphate-P,8,0.187666667
y_true_train,Phosphate-P,8,0.116706814
y_true_train,Phosphate-P,8,0.200780147
y_true_test,Phosphate-P,8,0.089
y_true_test,Phosphate-P,8,0.546666667
y_true_test,Phosphate-P,8,0.686666667
y_true_test,Phosphate-P,8,0.14079
y_true_test,Phosphate-P,8,0.108
y_true_test,Phosphate-P,8,0.228333333
y_true_test,Phosphate-P,8,0.221333333
y_true_test,Phosphate-P,8,0.110666667
y_true_test,Phosphate-P,8,0.336
y_true_test,Phosphate-P,8,0.466666667
y_true_test,Phosphate-P,8,0.834333333
y_true_test,Phosphate-P,8,0.106524044
y_true_test,Phosphate-P,8,0.728666667
y_true_test,Phosphate-P,8,0.098333333
y_true_test,Phosphate-P,8,0.34749
y_true_test,Phosphate-P,8,0.817666667
y_true_test,Phosphate-P,8,0.18067
y_true_test,Phosphate-P,8,0.996333333
y_true_test,Phosphate-P,8,0.338333333
y_true_test,Phosphate-P,8,0.59085
y_true_test,Phosphate-P,8,0.107666667
y_true_test,Phosphate-P,8,0.078333333
y_true_test,Phosphate-P,8,0.08439
y_true_test,Phosphate-P,8,0.531
y_true_test,Phosphate-P,8,0.120092955
y_true_test,Phosphate-P,8,0.15785
y_true_test,Phosphate-P,8,0.16774969
y_true_test,Phosphate-P,8,0.07185
y_true_test,Phosphate-P,8,0.54935
y_true_test,Phosphate-P,8,0.131
y_true_test,Phosphate-P,8,0.09747
y_true_test,Phosphate-P,8,0.70909
y_true_test,Phosphate-P,8,0.27718
y_true_test,Phosphate-P,8,0.727666667
y_true_test,Phosphate-P,8,0.189666667
y_true_test,Phosphate-P,8,0.11203
y_true_test,Phosphate-P,8,0.36624
y_true_test,Phosphate-P,8,0.398
y_true_test,Phosphate-P,8,0.69042
y_true_test,Phosphate-P,8,0.67654
y_true_test,Phosphate-P,8,0.880333333
y_true_test,Phosphate-P,8,0.08433
y_true_test,Phosphate-P,8,0.11026
y_true_test,Phosphate-P,8,0.136666667
y_true_test,Phosphate-P,8,0.24417
y_true_test,Phosphate-P,8,0.691666667
y_true_test,Phosphate-P,8,0.33558
y_true_test,Phosphate-P,8,0.40176
y_true_test,Phosphate-P,8,0.562333333
y_true_test,Phosphate-P,8,0.07105
y_true_test,Phosphate-P,8,0.094
y_true_test,Phosphate-P,8,0.102666667
y_true_test,Phosphate-P,8,0.07329
y_true_test,Phosphate-P,8,0.073666667
y_true_test,Phosphate-P,8,0.156
y_true_test,Phosphate-P,8,0.089333333
y_true_test,Phosphate-P,8,0.132
y_true_test,Phosphate-P,8,0.06581
test_ind,Phosphate-P,8,76.0
test_ind,Phosphate-P,8,345.0
test_ind,Phosphate-P,8,390.0
test_ind,Phosphate-P,8,211.0
test_ind,Phosphate-P,8,2.0
test_ind,Phosphate-P,8,365.0
test_ind,Phosphate-P,8,382.0
test_ind,Phosphate-P,8,305.0
test_ind,Phosphate-P,8,353.0
test_ind,Phosphate-P,8,3.0
test_ind,Phosphate-P,8,298.0
test_ind,Phosphate-P,8,193.0
test_ind,Phosphate-P,8,269.0
test_ind,Phosphate-P,8,287.0
test_ind,Phosphate-P,8,247.0
test_ind,Phosphate-P,8,392.0
test_ind,Phosphate-P,8,52.0
test_ind,Phosphate-P,8,281.0
test_ind,Phosphate-P,8,101.0
test_ind,Phosphate-P,8,48.0
test_ind,Phosphate-P,8,315.0
test_ind,Phosphate-P,8,215.0
test_ind,Phosphate-P,8,249.0
test_ind,Phosphate-P,8,8.0
test_ind,Phosphate-P,8,165.0
test_ind,Phosphate-P,8,169.0
test_ind,Phosphate-P,8,80.0
test_ind,Phosphate-P,8,55.0
test_ind,Phosphate-P,8,99.0
test_ind,Phosphate-P,8,266.0
test_ind,Phosphate-P,8,51.0
test_ind,Phosphate-P,8,140.0
test_ind,Phosphate-P,8,119.0
test_ind,Phosphate-P,8,9.0
test_ind,Phosphate-P,8,378.0
test_ind,Phosphate-P,8,212.0
test_ind,Phosphate-P,8,36.0
test_ind,Phosphate-P,8,280.0
test_ind,Phosphate-P,8,138.0
test_ind,Phosphate-P,8,139.0
test_ind,Phosphate-P,8,344.0
test_ind,Phosphate-P,8,252.0
test_ind,Phosphate-P,8,168.0
test_ind,Phosphate-P,8,347.0
test_ind,Phosphate-P,8,23.0
test_ind,Phosphate-P,8,319.0
test_ind,Phosphate-P,8,61.0
test_ind,Phosphate-P,8,136.0
test_ind,Phosphate-P,8,299.0
test_ind,Phosphate-P,8,17.0
test_ind,Phosphate-P,8,311.0
test_ind,Phosphate-P,8,370.0
test_ind,Phosphate-P,8,189.0
test_ind,Phosphate-P,8,343.0
test_ind,Phosphate-P,8,398.0
test_ind,Phosphate-P,8,318.0
test_ind,Phosphate-P,8,171.0
test_ind,Phosphate-P,8,238.0
train_ind,Phosphate-P,8,218.0
train_ind,Phosphate-P,8,300.0
train_ind,Phosphate-P,8,257.0
train_ind,Phosphate-P,8,118.0
train_ind,Phosphate-P,8,381.0
train_ind,Phosphate-P,8,374.0
train_ind,Phosphate-P,8,302.0
train_ind,Phosphate-P,8,166.0
train_ind,Phosphate-P,8,59.0
train_ind,Phosphate-P,8,71.0
train_ind,Phosphate-P,8,98.0
train_ind,Phosphate-P,8,43.0
train_ind,Phosphate-P,8,94.0
train_ind,Phosphate-P,8,339.0
train_ind,Phosphate-P,8,69.0
train_ind,Phosphate-P,8,15.0
train_ind,Phosphate-P,8,279.0
train_ind,Phosphate-P,8,124.0
train_ind,Phosphate-P,8,141.0
train_ind,Phosphate-P,8,214.0
train_ind,Phosphate-P,8,67.0
train_ind,Phosphate-P,8,145.0
train_ind,Phosphate-P,8,244.0
train_ind,Phosphate-P,8,77.0
train_ind,Phosphate-P,8,373.0
train_ind,Phosphate-P,8,216.0
train_ind,Phosphate-P,8,187.0
train_ind,Phosphate-P,8,79.0
train_ind,Phosphate-P,8,120.0
train_ind,Phosphate-P,8,389.0
train_ind,Phosphate-P,8,323.0
train_ind,Phosphate-P,8,75.0
train_ind,Phosphate-P,8,351.0
train_ind,Phosphate-P,8,188.0
train_ind,Phosphate-P,8,385.0
train_ind,Phosphate-P,8,143.0
train_ind,Phosphate-P,8,191.0
train_ind,Phosphate-P,8,278.0
train_ind,Phosphate-P,8,20.0
train_ind,Phosphate-P,8,164.0
train_ind,Phosphate-P,8,250.0
train_ind,Phosphate-P,8,338.0
train_ind,Phosphate-P,8,11.0
train_ind,Phosphate-P,8,306.0
train_ind,Phosphate-P,8,270.0
train_ind,Phosphate-P,8,49.0
train_ind,Phosphate-P,8,231.0
train_ind,Phosphate-P,8,186.0
train_ind,Phosphate-P,8,366.0
train_ind,Phosphate-P,8,312.0
train_ind,Phosphate-P,8,274.0
train_ind,Phosphate-P,8,237.0
train_ind,Phosphate-P,8,104.0
train_ind,Phosphate-P,8,167.0
train_ind,Phosphate-P,8,243.0
train_ind,Phosphate-P,8,34.0
train_ind,Phosphate-P,8,260.0
train_ind,Phosphate-P,8,386.0
train_ind,Phosphate-P,8,342.0
train_ind,Phosphate-P,8,39.0
train_ind,Phosphate-P,8,78.0
train_ind,Phosphate-P,8,391.0
train_ind,Phosphate-P,8,362.0
train_ind,Phosphate-P,8,332.0
train_ind,Phosphate-P,8,14.0
train_ind,Phosphate-P,8,359.0
train_ind,Phosphate-P,8,144.0
train_ind,Phosphate-P,8,65.0
train_ind,Phosphate-P,8,194.0
train_ind,Phosphate-P,8,12.0
train_ind,Phosphate-P,8,341.0
train_ind,Phosphate-P,8,95.0
train_ind,Phosphate-P,8,262.0
train_ind,Phosphate-P,8,103.0
train_ind,Phosphate-P,8,74.0
train_ind,Phosphate-P,8,324.0
train_ind,Phosphate-P,8,73.0
train_ind,Phosphate-P,8,320.0
train_ind,Phosphate-P,8,333.0
train_ind,Phosphate-P,8,258.0
train_ind,Phosphate-P,8,265.0
train_ind,Phosphate-P,8,72.0
train_ind,Phosphate-P,8,6.0
train_ind,Phosphate-P,8,291.0
train_ind,Phosphate-P,8,126.0
train_ind,Phosphate-P,8,295.0
train_ind,Phosphate-P,8,96.0
train_ind,Phosphate-P,8,57.0
train_ind,Phosphate-P,8,42.0
train_ind,Phosphate-P,8,41.0
train_ind,Phosphate-P,8,64.0
train_ind,Phosphate-P,8,175.0
train_ind,Phosphate-P,8,125.0
train_ind,Phosphate-P,8,190.0
train_ind,Phosphate-P,8,29.0
train_ind,Phosphate-P,8,232.0
train_ind,Phosphate-P,8,170.0
train_ind,Phosphate-P,8,268.0
train_ind,Phosphate-P,8,346.0
train_ind,Phosphate-P,8,349.0
train_ind,Phosphate-P,8,137.0
train_ind,Phosphate-P,8,326.0
train_ind,Phosphate-P,8,395.0
train_ind,Phosphate-P,8,358.0
train_ind,Phosphate-P,8,142.0
train_ind,Phosphate-P,8,102.0
train_ind,Phosphate-P,8,100.0
train_ind,Phosphate-P,8,16.0
train_ind,Phosphate-P,8,361.0
train_ind,Phosphate-P,8,217.0
train_ind,Phosphate-P,8,28.0
train_ind,Phosphate-P,8,38.0
train_ind,Phosphate-P,8,121.0
train_ind,Phosphate-P,8,213.0
train_ind,Phosphate-P,8,192.0
train_ind,Phosphate-P,8,304.0
train_ind,Phosphate-P,8,123.0
train_ind,Phosphate-P,8,293.0
train_ind,Phosphate-P,8,27.0
train_ind,Phosphate-P,8,233.0
train_ind,Phosphate-P,8,329.0
train_ind,Phosphate-P,8,248.0
train_ind,Phosphate-P,8,372.0
train_ind,Phosphate-P,8,122.0
train_ind,Phosphate-P,8,174.0
train_ind,Phosphate-P,8,236.0
train_ind,Phosphate-P,8,97.0
train_ind,Phosphate-P,8,219.0
train_ind,Phosphate-P,8,172.0
train_ind,Phosphate-P,8,292.0
train_ind,Phosphate-P,8,284.0
train_ind,Phosphate-P,8,220.0
train_ind,Phosphate-P,8,173.0
test_rsq,Phosphate-P,8,0.01124375844573744
train_rsq,Phosphate-P,8,0.2858423366873565
test_rmse,Phosphate-P,8,0.2607499656143977
train_rmse,Phosphate-P,8,0.18292290991895238
test_mape,Phosphate-P,8,88.82780345310988
train_mape,Phosphate-P,8,92.701869179724
n_comp,Phosphate-P,8,6.0
y_hat_test,Phosphate-P,9,0.3820641029480696
y_hat_test,Phosphate-P,9,0.2047682737490065
y_hat_test,Phosphate-P,9,0.36584690651982665
y_hat_test,Phosphate-P,9,0.32248440848713394
y_hat_test,Phosphate-P,9,0.1184345994436026
y_hat_test,Phosphate-P,9,0.36750426582240375
y_hat_test,Phosphate-P,9,0.4258357263964027
y_hat_test,Phosphate-P,9,0.20838601514316557
y_hat_test,Phosphate-P,9,0.26682662822921777
y_hat_test,Phosphate-P,9,0.033932205701455165
y_hat_test,Phosphate-P,9,0.37933646425619516
y_hat_test,Phosphate-P,9,0.27706112216488654
y_hat_test,Phosphate-P,9,0.3660340207654946
y_hat_test,Phosphate-P,9,0.2558466943576615
y_hat_test,Phosphate-P,9,0.24745492637679906
y_hat_test,Phosphate-P,9,-0.09877626967515651
y_hat_test,Phosphate-P,9,0.26149198832368886
y_hat_test,Phosphate-P,9,0.3456098484662646
y_hat_test,Phosphate-P,9,-0.07558929039135676
y_hat_test,Phosphate-P,9,0.2887088080928745
y_hat_test,Phosphate-P,9,0.3149305022704575
y_hat_test,Phosphate-P,9,0.31275189932286257
y_hat_test,Phosphate-P,9,0.32476410738224604
y_hat_test,Phosphate-P,9,0.42871970138602583
y_hat_test,Phosphate-P,9,0.18007399101709032
y_hat_test,Phosphate-P,9,0.2572355624795901
y_hat_test,Phosphate-P,9,0.11215990782353907
y_hat_test,Phosphate-P,9,0.30094540782520507
y_hat_test,Phosphate-P,9,0.30981743102596576
y_hat_test,Phosphate-P,9,0.20077083320873845
y_hat_test,Phosphate-P,9,0.25704489413187526
y_hat_test,Phosphate-P,9,0.22773443442135666
y_hat_test,Phosphate-P,9,0.10937819820624539
y_hat_test,Phosphate-P,9,0.27789122539122507
y_hat_test,Phosphate-P,9,0.1876856278479757
y_hat_test,Phosphate-P,9,0.37150032362545166
y_hat_test,Phosphate-P,9,0.18624331157665724
y_hat_test,Phosphate-P,9,-0.0067647723979137875
y_hat_test,Phosphate-P,9,0.28259803831046304
y_hat_test,Phosphate-P,9,0.23891893263784672
y_hat_test,Phosphate-P,9,0.3227416772041992
y_hat_test,Phosphate-P,9,0.28994006297527314
y_hat_test,Phosphate-P,9,0.1353554693962573
y_hat_test,Phosphate-P,9,0.3192319332860352
y_hat_test,Phosphate-P,9,0.42448682270394733
y_hat_test,Phosphate-P,9,0.22184591508150842
y_hat_test,Phosphate-P,9,-0.028157850194638845
y_hat_test,Phosphate-P,9,0.2550069448880447
y_hat_test,Phosphate-P,9,0.3096552590087695
y_hat_test,Phosphate-P,9,-0.0073796716933295925
y_hat_test,Phosphate-P,9,0.40356505292172284
y_hat_test,Phosphate-P,9,0.09354316627799741
y_hat_test,Phosphate-P,9,0.3499563445782029
y_hat_test,Phosphate-P,9,0.14962475358623215
y_hat_test,Phosphate-P,9,0.34793792077850794
y_hat_test,Phosphate-P,9,0.40157192502360073
y_hat_test,Phosphate-P,9,0.28034350981544787
y_hat_test,Phosphate-P,9,0.14585184224859324
y_hat_train,Phosphate-P,9,0.4909721588352154
y_hat_train,Phosphate-P,9,0.13683150116196838
y_hat_train,Phosphate-P,9,0.3058789369131708
y_hat_train,Phosphate-P,9,0.2679070575244689
y_hat_train,Phosphate-P,9,0.3463883155204186
y_hat_train,Phosphate-P,9,0.007705693036108685
y_hat_train,Phosphate-P,9,0.3231348439586802
y_hat_train,Phosphate-P,9,0.5327343579516406
y_hat_train,Phosphate-P,9,-0.06330331509531006
y_hat_train,Phosphate-P,9,0.23575612473142027
y_hat_train,Phosphate-P,9,0.27854681411981724
y_hat_train,Phosphate-P,9,0.22057938560509416
y_hat_train,Phosphate-P,9,0.14088290717409446
y_hat_train,Phosphate-P,9,0.30764857614329544
y_hat_train,Phosphate-P,9,0.4361516144234806
y_hat_train,Phosphate-P,9,0.30824158238181776
y_hat_train,Phosphate-P,9,0.0912626184309824
y_hat_train,Phosphate-P,9,0.1902495441312764
y_hat_train,Phosphate-P,9,-0.09736781362327379
y_hat_train,Phosphate-P,9,0.07487663944915021
y_hat_train,Phosphate-P,9,0.2749287837632265
y_hat_train,Phosphate-P,9,0.41625355731350244
y_hat_train,Phosphate-P,9,-0.1923080992536721
y_hat_train,Phosphate-P,9,0.30395354671254704
y_hat_train,Phosphate-P,9,0.33685256310969874
y_hat_train,Phosphate-P,9,0.43458294480184223
y_hat_train,Phosphate-P,9,0.12586836094970313
y_hat_train,Phosphate-P,9,0.24534073876507775
y_hat_train,Phosphate-P,9,0.22537225781993098
y_hat_train,Phosphate-P,9,0.2623847400270184
y_hat_train,Phosphate-P,9,0.34604091903260714
y_hat_train,Phosphate-P,9,0.3841280889453027
y_hat_train,Phosphate-P,9,-0.01984089194197397
y_hat_train,Phosphate-P,9,0.30238560385677477
y_hat_train,Phosphate-P,9,0.10670301352884295
y_hat_train,Phosphate-P,9,0.061623487558957496
y_hat_train,Phosphate-P,9,0.1192308489978231
y_hat_train,Phosphate-P,9,0.31944359488921026
y_hat_train,Phosphate-P,9,0.25274081116234287
y_hat_train,Phosphate-P,9,0.31896925470936405
y_hat_train,Phosphate-P,9,0.19471076238380305
y_hat_train,Phosphate-P,9,0.18859586999350753
y_hat_train,Phosphate-P,9,0.27120623153889056
y_hat_train,Phosphate-P,9,0.2729126268171655
y_hat_train,Phosphate-P,9,0.3396079171271966
y_hat_train,Phosphate-P,9,0.39513068806310553
y_hat_train,Phosphate-P,9,0.3967342913097883
y_hat_train,Phosphate-P,9,0.24617178731855247
y_hat_train,Phosphate-P,9,0.347796890799899
y_hat_train,Phosphate-P,9,0.26669910412088466
y_hat_train,Phosphate-P,9,0.37022133628440484
y_hat_train,Phosphate-P,9,0.31052988401131626
y_hat_train,Phosphate-P,9,0.1108330483010615
y_hat_train,Phosphate-P,9,0.3922926279098191
y_hat_train,Phosphate-P,9,0.4774927153650637
y_hat_train,Phosphate-P,9,0.38748786882566627
y_hat_train,Phosphate-P,9,0.2940544744456516
y_hat_train,Phosphate-P,9,0.3260153905561647
y_hat_train,Phosphate-P,9,0.15499469965012413
y_hat_train,Phosphate-P,9,0.41312691320483524
y_hat_train,Phosphate-P,9,0.28931424076243567
y_hat_train,Phosphate-P,9,0.4156293347681594
y_hat_train,Phosphate-P,9,0.40480257660788743
y_hat_train,Phosphate-P,9,0.07514594553199633
y_hat_train,Phosphate-P,9,0.006075803215579101
y_hat_train,Phosphate-P,9,0.2664650981227813
y_hat_train,Phosphate-P,9,0.18370540029680854
y_hat_train,Phosphate-P,9,0.35199937771971324
y_hat_train,Phosphate-P,9,0.38391562423534176
y_hat_train,Phosphate-P,9,0.35618012040499414
y_hat_train,Phosphate-P,9,0.3202877680854891
y_hat_train,Phosphate-P,9,0.33031372088683625
y_hat_train,Phosphate-P,9,0.37737629375403803
y_hat_train,Phosphate-P,9,0.2227855222739513
y_hat_train,Phosphate-P,9,0.37388071826013125
y_hat_train,Phosphate-P,9,0.27580662608857004
y_hat_train,Phosphate-P,9,0.2946839302096216
y_hat_train,Phosphate-P,9,0.23345981499884821
y_hat_train,Phosphate-P,9,0.24525307727812085
y_hat_train,Phosphate-P,9,0.24291245437411688
y_hat_train,Phosphate-P,9,0.25296983337604206
y_hat_train,Phosphate-P,9,0.2715767306342068
y_hat_train,Phosphate-P,9,0.25789062801229184
y_hat_train,Phosphate-P,9,0.25671072068087586
y_hat_train,Phosphate-P,9,0.24244403997665306
y_hat_train,Phosphate-P,9,0.1679573052365139
y_hat_train,Phosphate-P,9,0.4113706282089709
y_hat_train,Phosphate-P,9,0.3509099513558267
y_hat_train,Phosphate-P,9,0.3257751909062387
y_hat_train,Phosphate-P,9,0.2922649672592452
y_hat_train,Phosphate-P,9,0.14763205560035103
y_hat_train,Phosphate-P,9,0.38238329072788885
y_hat_train,Phosphate-P,9,0.31109482162716073
y_hat_train,Phosphate-P,9,0.4239028440621355
y_hat_train,Phosphate-P,9,0.32369661744591954
y_hat_train,Phosphate-P,9,0.18610491458576153
y_hat_train,Phosphate-P,9,0.12954491216234248
y_hat_train,Phosphate-P,9,0.310125259396005
y_hat_train,Phosphate-P,9,0.33745926128795667
y_hat_train,Phosphate-P,9,0.3095755903661214
y_hat_train,Phosphate-P,9,0.3092092921976385
y_hat_train,Phosphate-P,9,0.3548817374314927
y_hat_train,Phosphate-P,9,0.38118733585542264
y_hat_train,Phosphate-P,9,0.28744761895153353
y_hat_train,Phosphate-P,9,0.35053779903760046
y_hat_train,Phosphate-P,9,0.3603395112230876
y_hat_train,Phosphate-P,9,0.2838815408002939
y_hat_train,Phosphate-P,9,0.11742531891423943
y_hat_train,Phosphate-P,9,0.30312221871443695
y_hat_train,Phosphate-P,9,0.3619437066744179
y_hat_train,Phosphate-P,9,0.4524410164202789
y_hat_train,Phosphate-P,9,0.21826536894733617
y_hat_train,Phosphate-P,9,0.04756179551869305
y_hat_train,Phosphate-P,9,0.2699748596184042
y_hat_train,Phosphate-P,9,0.34906766889395346
y_hat_train,Phosphate-P,9,0.30934473484231784
y_hat_train,Phosphate-P,9,0.4366061861136071
y_hat_train,Phosphate-P,9,0.22848610438639755
y_hat_train,Phosphate-P,9,0.028817674775878765
y_hat_train,Phosphate-P,9,-0.01833534293009559
y_hat_train,Phosphate-P,9,0.2774860025987134
y_hat_train,Phosphate-P,9,0.23819312474783205
y_hat_train,Phosphate-P,9,0.15813063594711735
y_hat_train,Phosphate-P,9,0.2405266094691758
y_hat_train,Phosphate-P,9,0.13077625523821249
y_hat_train,Phosphate-P,9,0.2351778401132402
y_hat_train,Phosphate-P,9,0.3033214047423554
y_hat_train,Phosphate-P,9,0.2964770693069295
y_hat_train,Phosphate-P,9,0.2016795994544271
y_hat_train,Phosphate-P,9,0.2587868115607753
y_hat_train,Phosphate-P,9,0.3141732877139133
y_hat_train,Phosphate-P,9,-0.020334429723849468
y_hat_train,Phosphate-P,9,0.3668890501117429
y_true_train,Phosphate-P,9,0.631870027
y_true_train,Phosphate-P,9,0.06315
y_true_train,Phosphate-P,9,0.546666667
y_true_train,Phosphate-P,9,0.06581
y_true_train,Phosphate-P,9,0.114
y_true_train,Phosphate-P,9,0.058
y_true_train,Phosphate-P,9,0.406666667
y_true_train,Phosphate-P,9,0.69042
y_true_train,Phosphate-P,9,0.068
y_true_train,Phosphate-P,9,0.073666667
y_true_train,Phosphate-P,9,0.136666667
y_true_train,Phosphate-P,9,0.076666667
y_true_train,Phosphate-P,9,0.086
y_true_train,Phosphate-P,9,0.10954
y_true_train,Phosphate-P,9,0.457286778
y_true_train,Phosphate-P,9,0.11203
y_true_train,Phosphate-P,9,0.071
y_true_train,Phosphate-P,9,0.163838414
y_true_train,Phosphate-P,9,0.07329
y_true_train,Phosphate-P,9,0.10184
y_true_train,Phosphate-P,9,0.052333333
y_true_train,Phosphate-P,9,0.562333333
y_true_train,Phosphate-P,9,0.06773
y_true_train,Phosphate-P,9,0.284666667
y_true_train,Phosphate-P,9,0.495666667
y_true_train,Phosphate-P,9,0.336730892
y_true_train,Phosphate-P,9,0.108
y_true_train,Phosphate-P,9,0.12965646
y_true_train,Phosphate-P,9,0.05031
y_true_train,Phosphate-P,9,0.132
y_true_train,Phosphate-P,9,0.094
y_true_train,Phosphate-P,9,0.239333333
y_true_train,Phosphate-P,9,0.08157
y_true_train,Phosphate-P,9,0.55
y_true_train,Phosphate-P,9,0.081
y_true_train,Phosphate-P,9,0.228333333
y_true_train,Phosphate-P,9,0.0686
y_true_train,Phosphate-P,9,0.11770379
y_true_train,Phosphate-P,9,0.07105
y_true_train,Phosphate-P,9,0.34
y_true_train,Phosphate-P,9,0.078333333
y_true_train,Phosphate-P,9,0.078333333
y_true_train,Phosphate-P,9,0.42907
y_true_train,Phosphate-P,9,0.44981
y_true_train,Phosphate-P,9,0.6755
y_true_train,Phosphate-P,9,0.817666667
y_true_train,Phosphate-P,9,0.67156
y_true_train,Phosphate-P,9,0.12965646
y_true_train,Phosphate-P,9,0.158
y_true_train,Phosphate-P,9,0.03864
y_true_train,Phosphate-P,9,0.11026
y_true_train,Phosphate-P,9,0.120092955
y_true_train,Phosphate-P,9,0.106524044
y_true_train,Phosphate-P,9,0.619333333
y_true_train,Phosphate-P,9,0.205603597
y_true_train,Phosphate-P,9,0.750333333
y_true_train,Phosphate-P,9,0.27718
y_true_train,Phosphate-P,9,0.07112
y_true_train,Phosphate-P,9,0.14079
y_true_train,Phosphate-P,9,0.166804647
y_true_train,Phosphate-P,9,0.132
y_true_train,Phosphate-P,9,0.166804647
y_true_train,Phosphate-P,9,0.153666667
y_true_train,Phosphate-P,9,0.091666667
y_true_train,Phosphate-P,9,0.05799
y_true_train,Phosphate-P,9,0.08433
y_true_train,Phosphate-P,9,0.10434
y_true_train,Phosphate-P,9,0.708
y_true_train,Phosphate-P,9,0.150156265
y_true_train,Phosphate-P,9,0.528
y_true_train,Phosphate-P,9,0.271013196
y_true_train,Phosphate-P,9,0.557
y_true_train,Phosphate-P,9,0.19012
y_true_train,Phosphate-P,9,0.08646
y_true_train,Phosphate-P,9,0.880333333
y_true_train,Phosphate-P,9,0.415
y_true_train,Phosphate-P,9,0.54935
y_true_train,Phosphate-P,9,0.1027
y_true_train,Phosphate-P,9,0.44946521
y_true_train,Phosphate-P,9,0.08955
y_true_train,Phosphate-P,9,0.30041
y_true_train,Phosphate-P,9,0.34749
y_true_train,Phosphate-P,9,0.14617
y_true_train,Phosphate-P,9,0.2953
y_true_train,Phosphate-P,9,0.05119
y_true_train,Phosphate-P,9,0.466666667
y_true_train,Phosphate-P,9,0.890825762
y_true_train,Phosphate-P,9,0.089333333
y_true_train,Phosphate-P,9,0.108666667
y_true_train,Phosphate-P,9,0.38031
y_true_train,Phosphate-P,9,0.092
y_true_train,Phosphate-P,9,0.996333333
y_true_train,Phosphate-P,9,0.110666667
y_true_train,Phosphate-P,9,0.728098185
y_true_train,Phosphate-P,9,0.177
y_true_train,Phosphate-P,9,0.338333333
y_true_train,Phosphate-P,9,0.05571
y_true_train,Phosphate-P,9,0.727666667
y_true_train,Phosphate-P,9,0.152333333
y_true_train,Phosphate-P,9,0.51
y_true_train,Phosphate-P,9,0.271013196
y_true_train,Phosphate-P,9,0.34249
y_true_train,Phosphate-P,9,0.104333333
y_true_train,Phosphate-P,9,0.116706814
y_true_train,Phosphate-P,9,0.46794
y_true_train,Phosphate-P,9,0.686666667
y_true_train,Phosphate-P,9,0.123
y_true_train,Phosphate-P,9,0.05293
y_true_train,Phosphate-P,9,0.06275
y_true_train,Phosphate-P,9,0.098666667
y_true_train,Phosphate-P,9,0.834333333
y_true_train,Phosphate-P,9,0.081666667
y_true_train,Phosphate-P,9,0.05315
y_true_train,Phosphate-P,9,0.24417
y_true_train,Phosphate-P,9,0.41883
y_true_train,Phosphate-P,9,0.131
y_true_train,Phosphate-P,9,0.470497874
y_true_train,Phosphate-P,9,0.082
y_true_train,Phosphate-P,9,0.078
y_true_train,Phosphate-P,9,0.061333333
y_true_train,Phosphate-P,9,0.09725
y_true_train,Phosphate-P,9,0.089
y_true_train,Phosphate-P,9,0.264
y_true_train,Phosphate-P,9,0.189666667
y_true_train,Phosphate-P,9,0.03695
y_true_train,Phosphate-P,9,0.40176
y_true_train,Phosphate-P,9,0.124666667
y_true_train,Phosphate-P,9,0.691666667
y_true_train,Phosphate-P,9,0.22296
y_true_train,Phosphate-P,9,0.221333333
y_true_train,Phosphate-P,9,0.156
y_true_train,Phosphate-P,9,0.061333333
y_true_train,Phosphate-P,9,0.728666667
y_true_test,Phosphate-P,9,0.107666667
y_true_test,Phosphate-P,9,0.089
y_true_test,Phosphate-P,9,0.757333333
y_true_test,Phosphate-P,9,0.67654
y_true_test,Phosphate-P,9,0.090333333
y_true_test,Phosphate-P,9,0.191666667
y_true_test,Phosphate-P,9,0.11929
y_true_test,Phosphate-P,9,0.15989332
y_true_test,Phosphate-P,9,0.07735
y_true_test,Phosphate-P,9,0.613333333
y_true_test,Phosphate-P,9,0.42907
y_true_test,Phosphate-P,9,0.18067
y_true_test,Phosphate-P,9,0.168488244
y_true_test,Phosphate-P,9,0.48344
y_true_test,Phosphate-P,9,0.09
y_true_test,Phosphate-P,9,0.088
y_true_test,Phosphate-P,9,0.200780147
y_true_test,Phosphate-P,9,0.36624
y_true_test,Phosphate-P,9,0.08984
y_true_test,Phosphate-P,9,0.59085
y_true_test,Phosphate-P,9,0.55
y_true_test,Phosphate-P,9,0.72154
y_true_test,Phosphate-P,9,0.119
y_true_test,Phosphate-P,9,0.1692
y_true_test,Phosphate-P,9,0.07185
y_true_test,Phosphate-P,9,0.33558
y_true_test,Phosphate-P,9,0.102666667
y_true_test,Phosphate-P,9,0.661834245
y_true_test,Phosphate-P,9,0.36584
y_true_test,Phosphate-P,9,0.0512
y_true_test,Phosphate-P,9,0.089
y_true_test,Phosphate-P,9,0.116706814
y_true_test,Phosphate-P,9,0.158333333
y_true_test,Phosphate-P,9,0.104236832
y_true_test,Phosphate-P,9,0.264
y_true_test,Phosphate-P,9,0.05276
y_true_test,Phosphate-P,9,0.16336
y_true_test,Phosphate-P,9,0.16774969
y_true_test,Phosphate-P,9,0.398
y_true_test,Phosphate-P,9,0.09747
y_true_test,Phosphate-P,9,0.554333333
y_true_test,Phosphate-P,9,0.70909
y_true_test,Phosphate-P,9,0.338333333
y_true_test,Phosphate-P,9,0.098333333
y_true_test,Phosphate-P,9,0.53977
y_true_test,Phosphate-P,9,0.167
y_true_test,Phosphate-P,9,0.04722
y_true_test,Phosphate-P,9,0.416666667
y_true_test,Phosphate-P,9,0.588000088
y_true_test,Phosphate-P,9,0.187666667
y_true_test,Phosphate-P,9,0.527
y_true_test,Phosphate-P,9,0.336
y_true_test,Phosphate-P,9,0.229333333
y_true_test,Phosphate-P,9,0.08439
y_true_test,Phosphate-P,9,0.15785
y_true_test,Phosphate-P,9,0.866544347
y_true_test,Phosphate-P,9,0.601333333
y_true_test,Phosphate-P,9,0.531
test_ind,Phosphate-P,9,315.0
test_ind,Phosphate-P,9,74.0
test_ind,Phosphate-P,9,361.0
test_ind,Phosphate-P,9,139.0
test_ind,Phosphate-P,9,395.0
test_ind,Phosphate-P,9,324.0
test_ind,Phosphate-P,9,166.0
test_ind,Phosphate-P,9,192.0
test_ind,Phosphate-P,9,73.0
test_ind,Phosphate-P,9,295.0
test_ind,Phosphate-P,9,96.0
test_ind,Phosphate-P,9,52.0
test_ind,Phosphate-P,9,218.0
test_ind,Phosphate-P,9,65.0
test_ind,Phosphate-P,9,359.0
test_ind,Phosphate-P,9,323.0
test_ind,Phosphate-P,9,173.0
test_ind,Phosphate-P,9,36.0
test_ind,Phosphate-P,9,188.0
test_ind,Phosphate-P,9,48.0
test_ind,Phosphate-P,9,142.0
test_ind,Phosphate-P,9,64.0
test_ind,Phosphate-P,9,381.0
test_ind,Phosphate-P,9,167.0
test_ind,Phosphate-P,9,55.0
test_ind,Phosphate-P,9,61.0
test_ind,Phosphate-P,9,370.0
test_ind,Phosphate-P,9,103.0
test_ind,Phosphate-P,9,27.0
test_ind,Phosphate-P,9,41.0
test_ind,Phosphate-P,9,75.0
test_ind,Phosphate-P,9,220.0
test_ind,Phosphate-P,9,326.0
test_ind,Phosphate-P,9,194.0
test_ind,Phosphate-P,9,122.0
test_ind,Phosphate-P,9,42.0
test_ind,Phosphate-P,9,57.0
test_ind,Phosphate-P,9,80.0
test_ind,Phosphate-P,9,280.0
test_ind,Phosphate-P,9,51.0
test_ind,Phosphate-P,9,338.0
test_ind,Phosphate-P,9,140.0
test_ind,Phosphate-P,9,100.0
test_ind,Phosphate-P,9,287.0
test_ind,Phosphate-P,9,29.0
test_ind,Phosphate-P,9,12.0
test_ind,Phosphate-P,9,232.0
test_ind,Phosphate-P,9,279.0
test_ind,Phosphate-P,9,102.0
test_ind,Phosphate-P,9,284.0
test_ind,Phosphate-P,9,291.0
test_ind,Phosphate-P,9,353.0
test_ind,Phosphate-P,9,351.0
test_ind,Phosphate-P,9,249.0
test_ind,Phosphate-P,9,169.0
test_ind,Phosphate-P,9,144.0
test_ind,Phosphate-P,9,329.0
test_ind,Phosphate-P,9,8.0
train_ind,Phosphate-P,9,104.0
train_ind,Phosphate-P,9,16.0
train_ind,Phosphate-P,9,345.0
train_ind,Phosphate-P,9,238.0
train_ind,Phosphate-P,9,320.0
train_ind,Phosphate-P,9,385.0
train_ind,Phosphate-P,9,260.0
train_ind,Phosphate-P,9,138.0
train_ind,Phosphate-P,9,6.0
train_ind,Phosphate-P,9,343.0
train_ind,Phosphate-P,9,347.0
train_ind,Phosphate-P,9,389.0
train_ind,Phosphate-P,9,265.0
train_ind,Phosphate-P,9,15.0
train_ind,Phosphate-P,9,164.0
train_ind,Phosphate-P,9,212.0
train_ind,Phosphate-P,9,306.0
train_ind,Phosphate-P,9,79.0
train_ind,Phosphate-P,9,189.0
train_ind,Phosphate-P,9,72.0
train_ind,Phosphate-P,9,292.0
train_ind,Phosphate-P,9,299.0
train_ind,Phosphate-P,9,71.0
train_ind,Phosphate-P,9,339.0
train_ind,Phosphate-P,9,262.0
train_ind,Phosphate-P,9,94.0
train_ind,Phosphate-P,9,2.0
train_ind,Phosphate-P,9,78.0
train_ind,Phosphate-P,9,14.0
train_ind,Phosphate-P,9,170.0
train_ind,Phosphate-P,9,311.0
train_ind,Phosphate-P,9,312.0
train_ind,Phosphate-P,9,187.0
train_ind,Phosphate-P,9,141.0
train_ind,Phosphate-P,9,270.0
train_ind,Phosphate-P,9,365.0
train_ind,Phosphate-P,9,59.0
train_ind,Phosphate-P,9,231.0
train_ind,Phosphate-P,9,17.0
train_ind,Phosphate-P,9,358.0
train_ind,Phosphate-P,9,216.0
train_ind,Phosphate-P,9,215.0
train_ind,Phosphate-P,9,97.0
train_ind,Phosphate-P,9,244.0
train_ind,Phosphate-P,9,236.0
train_ind,Phosphate-P,9,392.0
train_ind,Phosphate-P,9,137.0
train_ind,Phosphate-P,9,77.0
train_ind,Phosphate-P,9,333.0
train_ind,Phosphate-P,9,20.0
train_ind,Phosphate-P,9,168.0
train_ind,Phosphate-P,9,165.0
train_ind,Phosphate-P,9,193.0
train_ind,Phosphate-P,9,362.0
train_ind,Phosphate-P,9,172.0
train_ind,Phosphate-P,9,373.0
train_ind,Phosphate-P,9,119.0
train_ind,Phosphate-P,9,34.0
train_ind,Phosphate-P,9,211.0
train_ind,Phosphate-P,9,174.0
train_ind,Phosphate-P,9,171.0
train_ind,Phosphate-P,9,175.0
train_ind,Phosphate-P,9,386.0
train_ind,Phosphate-P,9,349.0
train_ind,Phosphate-P,9,67.0
train_ind,Phosphate-P,9,252.0
train_ind,Phosphate-P,9,186.0
train_ind,Phosphate-P,9,341.0
train_ind,Phosphate-P,9,217.0
train_ind,Phosphate-P,9,304.0
train_ind,Phosphate-P,9,126.0
train_ind,Phosphate-P,9,372.0
train_ind,Phosphate-P,9,28.0
train_ind,Phosphate-P,9,243.0
train_ind,Phosphate-P,9,344.0
train_ind,Phosphate-P,9,302.0
train_ind,Phosphate-P,9,99.0
train_ind,Phosphate-P,9,237.0
train_ind,Phosphate-P,9,123.0
train_ind,Phosphate-P,9,213.0
train_ind,Phosphate-P,9,95.0
train_ind,Phosphate-P,9,247.0
train_ind,Phosphate-P,9,248.0
train_ind,Phosphate-P,9,233.0
train_ind,Phosphate-P,9,69.0
train_ind,Phosphate-P,9,3.0
train_ind,Phosphate-P,9,143.0
train_ind,Phosphate-P,9,318.0
train_ind,Phosphate-P,9,332.0
train_ind,Phosphate-P,9,49.0
train_ind,Phosphate-P,9,11.0
train_ind,Phosphate-P,9,281.0
train_ind,Phosphate-P,9,305.0
train_ind,Phosphate-P,9,145.0
train_ind,Phosphate-P,9,366.0
train_ind,Phosphate-P,9,101.0
train_ind,Phosphate-P,9,214.0
train_ind,Phosphate-P,9,9.0
train_ind,Phosphate-P,9,374.0
train_ind,Phosphate-P,9,391.0
train_ind,Phosphate-P,9,125.0
train_ind,Phosphate-P,9,120.0
train_ind,Phosphate-P,9,300.0
train_ind,Phosphate-P,9,219.0
train_ind,Phosphate-P,9,98.0
train_ind,Phosphate-P,9,390.0
train_ind,Phosphate-P,9,293.0
train_ind,Phosphate-P,9,257.0
train_ind,Phosphate-P,9,39.0
train_ind,Phosphate-P,9,346.0
train_ind,Phosphate-P,9,298.0
train_ind,Phosphate-P,9,278.0
train_ind,Phosphate-P,9,38.0
train_ind,Phosphate-P,9,23.0
train_ind,Phosphate-P,9,258.0
train_ind,Phosphate-P,9,266.0
train_ind,Phosphate-P,9,124.0
train_ind,Phosphate-P,9,274.0
train_ind,Phosphate-P,9,342.0
train_ind,Phosphate-P,9,190.0
train_ind,Phosphate-P,9,250.0
train_ind,Phosphate-P,9,76.0
train_ind,Phosphate-P,9,121.0
train_ind,Phosphate-P,9,378.0
train_ind,Phosphate-P,9,43.0
train_ind,Phosphate-P,9,136.0
train_ind,Phosphate-P,9,268.0
train_ind,Phosphate-P,9,319.0
train_ind,Phosphate-P,9,118.0
train_ind,Phosphate-P,9,382.0
train_ind,Phosphate-P,9,398.0
train_ind,Phosphate-P,9,191.0
train_ind,Phosphate-P,9,269.0
test_rsq,Phosphate-P,9,-0.0009573722678006824
train_rsq,Phosphate-P,9,0.2847666168656672
test_rmse,Phosphate-P,9,0.22674820534981616
train_rmse,Phosphate-P,9,0.19895816707228026
test_mape,Phosphate-P,9,100.32042153618063
train_mape,Phosphate-P,9,108.94266656650078
n_comp,Phosphate-P,9,6.0
y_hat_test,Phosphate-P,10,0.5066119594872709
y_hat_test,Phosphate-P,10,0.24722415161497976
y_hat_test,Phosphate-P,10,0.1958115146214499
y_hat_test,Phosphate-P,10,0.4084725896027092
y_hat_test,Phosphate-P,10,0.13447845031608263
y_hat_test,Phosphate-P,10,0.14900331101831119
y_hat_test,Phosphate-P,10,0.38771223797626564
y_hat_test,Phosphate-P,10,0.6034372085692057
y_hat_test,Phosphate-P,10,-0.6103203929443404
y_hat_test,Phosphate-P,10,0.1075360436534398
y_hat_test,Phosphate-P,10,0.2777727823799986
y_hat_test,Phosphate-P,10,-0.14314144575803478
y_hat_test,Phosphate-P,10,0.15406233687543747
y_hat_test,Phosphate-P,10,0.23779105094899172
y_hat_test,Phosphate-P,10,0.07910396199889705
y_hat_test,Phosphate-P,10,0.4111850679800645
y_hat_test,Phosphate-P,10,0.032504442034729075
y_hat_test,Phosphate-P,10,0.34757113776603554
y_hat_test,Phosphate-P,10,0.051618007152819056
y_hat_test,Phosphate-P,10,0.3356356595939882
y_hat_test,Phosphate-P,10,0.3033584672963894
y_hat_test,Phosphate-P,10,0.3229276456765075
y_hat_test,Phosphate-P,10,0.36616092557093055
y_hat_test,Phosphate-P,10,0.30579977875194664
y_hat_test,Phosphate-P,10,0.5551443966598852
y_hat_test,Phosphate-P,10,-0.010902212696253855
y_hat_test,Phosphate-P,10,0.09489574618260466
y_hat_test,Phosphate-P,10,0.4271730273252853
y_hat_test,Phosphate-P,10,0.34329822995006576
y_hat_test,Phosphate-P,10,0.2755029104949487
y_hat_test,Phosphate-P,10,0.5415320372041332
y_hat_test,Phosphate-P,10,0.10271638151316131
y_hat_test,Phosphate-P,10,-0.2708128629685881
y_hat_test,Phosphate-P,10,-0.17381830680558197
y_hat_test,Phosphate-P,10,0.43339388727138795
y_hat_test,Phosphate-P,10,0.8248104103446992
y_hat_test,Phosphate-P,10,0.3220199248712733
y_hat_test,Phosphate-P,10,0.6804535347123153
y_hat_test,Phosphate-P,10,0.1288812212245022
y_hat_test,Phosphate-P,10,0.2741275096882126
y_hat_test,Phosphate-P,10,0.4844454543663902
y_hat_test,Phosphate-P,10,0.24837188807928193
y_hat_test,Phosphate-P,10,0.61504824572787
y_hat_test,Phosphate-P,10,0.6113555774527581
y_hat_test,Phosphate-P,10,0.5651514749859516
y_hat_test,Phosphate-P,10,0.5524585820280448
y_hat_test,Phosphate-P,10,0.35587641530810554
y_hat_test,Phosphate-P,10,0.46316399589855567
y_hat_test,Phosphate-P,10,0.4032032119800873
y_hat_test,Phosphate-P,10,0.25598927644662733
y_hat_test,Phosphate-P,10,0.700434764267186
y_hat_test,Phosphate-P,10,0.45181407327501244
y_hat_test,Phosphate-P,10,0.40355129758737096
y_hat_test,Phosphate-P,10,0.7047063370901854
y_hat_test,Phosphate-P,10,0.8751033452459664
y_hat_test,Phosphate-P,10,0.4026855138664004
y_hat_test,Phosphate-P,10,0.07447523222650695
y_hat_test,Phosphate-P,10,0.25319606031573366
y_hat_train,Phosphate-P,10,0.2189116047687667
y_hat_train,Phosphate-P,10,0.08458324028330685
y_hat_train,Phosphate-P,10,0.25238878914845975
y_hat_train,Phosphate-P,10,0.4467089690446828
y_hat_train,Phosphate-P,10,0.8393295006457465
y_hat_train,Phosphate-P,10,0.1601590986925343
y_hat_train,Phosphate-P,10,0.7163589986813844
y_hat_train,Phosphate-P,10,0.5191787299453545
y_hat_train,Phosphate-P,10,0.6268531375316393
y_hat_train,Phosphate-P,10,0.5858847702438735
y_hat_train,Phosphate-P,10,0.6106425718897807
y_hat_train,Phosphate-P,10,0.13315403480006255
y_hat_train,Phosphate-P,10,0.18284931213792865
y_hat_train,Phosphate-P,10,0.6605581909350507
y_hat_train,Phosphate-P,10,0.12651923001086204
y_hat_train,Phosphate-P,10,0.09913803494031781
y_hat_train,Phosphate-P,10,0.11244368882136363
y_hat_train,Phosphate-P,10,0.20232684841481458
y_hat_train,Phosphate-P,10,-0.02102749563528128
y_hat_train,Phosphate-P,10,0.23763725037833652
y_hat_train,Phosphate-P,10,0.04577765209439255
y_hat_train,Phosphate-P,10,0.3563115636571356
y_hat_train,Phosphate-P,10,0.12451740709429276
y_hat_train,Phosphate-P,10,0.4418415944579241
y_hat_train,Phosphate-P,10,0.0435755876694818
y_hat_train,Phosphate-P,10,0.5845049349368502
y_hat_train,Phosphate-P,10,0.20465987859556145
y_hat_train,Phosphate-P,10,0.39521054818271767
y_hat_train,Phosphate-P,10,0.39235226885049695
y_hat_train,Phosphate-P,10,0.333811177615308
y_hat_train,Phosphate-P,10,0.2119849086829323
y_hat_train,Phosphate-P,10,0.17849602937377168
y_hat_train,Phosphate-P,10,0.13411039364629962
y_hat_train,Phosphate-P,10,0.09720873936445279
y_hat_train,Phosphate-P,10,0.14110899545922026
y_hat_train,Phosphate-P,10,0.4640271381403449
y_hat_train,Phosphate-P,10,0.5529239511054045
y_hat_train,Phosphate-P,10,0.5771210663110735
y_hat_train,Phosphate-P,10,0.26721933800154213
y_hat_train,Phosphate-P,10,0.01855503402769243
y_hat_train,Phosphate-P,10,0.26542011424229056
y_hat_train,Phosphate-P,10,0.12054968332315952
y_hat_train,Phosphate-P,10,0.6763068565112652
y_hat_train,Phosphate-P,10,0.4307031071780012
y_hat_train,Phosphate-P,10,0.1328706262397011
y_hat_train,Phosphate-P,10,0.17161031658602893
y_hat_train,Phosphate-P,10,0.12747766428513582
y_hat_train,Phosphate-P,10,0.11679219861528278
y_hat_train,Phosphate-P,10,0.18640544015940716
y_hat_train,Phosphate-P,10,0.11938140145873238
y_hat_train,Phosphate-P,10,0.0960371971495333
y_hat_train,Phosphate-P,10,0.2080112868314946
y_hat_train,Phosphate-P,10,0.008202775820308428
y_hat_train,Phosphate-P,10,0.3215032720832701
y_hat_train,Phosphate-P,10,0.22222536435049783
y_hat_train,Phosphate-P,10,0.1779752004066371
y_hat_train,Phosphate-P,10,0.03708908945455619
y_hat_train,Phosphate-P,10,-0.011861298047426416
y_hat_train,Phosphate-P,10,0.12051604030310914
y_hat_train,Phosphate-P,10,0.1581045367074002
y_hat_train,Phosphate-P,10,0.650315216858972
y_hat_train,Phosphate-P,10,0.16867237770268606
y_hat_train,Phosphate-P,10,0.14441926161776522
y_hat_train,Phosphate-P,10,0.20418267389553238
y_hat_train,Phosphate-P,10,0.15696221870383437
y_hat_train,Phosphate-P,10,0.3389966428668084
y_hat_train,Phosphate-P,10,0.07887352533051539
y_hat_train,Phosphate-P,10,0.16869486660310568
y_hat_train,Phosphate-P,10,0.2616400493102101
y_hat_train,Phosphate-P,10,0.28409393061090427
y_hat_train,Phosphate-P,10,0.4985820195380509
y_hat_train,Phosphate-P,10,0.3994155854518767
y_hat_train,Phosphate-P,10,0.5443485532440455
y_hat_train,Phosphate-P,10,-0.039451238333253036
y_hat_train,Phosphate-P,10,0.7756901688237996
y_hat_train,Phosphate-P,10,0.19058837061167477
y_hat_train,Phosphate-P,10,0.17773222843215142
y_hat_train,Phosphate-P,10,0.12041669491992091
y_hat_train,Phosphate-P,10,0.1487091214030536
y_hat_train,Phosphate-P,10,0.5261495382957362
y_hat_train,Phosphate-P,10,0.13645273678690853
y_hat_train,Phosphate-P,10,0.4969031134686396
y_hat_train,Phosphate-P,10,0.04089804479222975
y_hat_train,Phosphate-P,10,0.14001632395391717
y_hat_train,Phosphate-P,10,0.8583691523886635
y_hat_train,Phosphate-P,10,0.07630869535403625
y_hat_train,Phosphate-P,10,0.7293372279921123
y_hat_train,Phosphate-P,10,0.6663604069941622
y_hat_train,Phosphate-P,10,0.12799747581184504
y_hat_train,Phosphate-P,10,0.49747578166313006
y_hat_train,Phosphate-P,10,0.10641565983484058
y_hat_train,Phosphate-P,10,0.03916219452648401
y_hat_train,Phosphate-P,10,0.09325073015669177
y_hat_train,Phosphate-P,10,0.06853390977268359
y_hat_train,Phosphate-P,10,0.20860481415444831
y_hat_train,Phosphate-P,10,0.665931045771884
y_hat_train,Phosphate-P,10,0.3842524917592729
y_hat_train,Phosphate-P,10,0.4836195816820208
y_hat_train,Phosphate-P,10,0.06397161677018559
y_hat_train,Phosphate-P,10,0.3819043401755155
y_hat_train,Phosphate-P,10,0.22868687807907487
y_hat_train,Phosphate-P,10,0.08736337826215076
y_hat_train,Phosphate-P,10,0.3073161618179306
y_hat_train,Phosphate-P,10,0.7069957873316963
y_hat_train,Phosphate-P,10,0.23423248606067892
y_hat_train,Phosphate-P,10,0.3614389312798876
y_hat_train,Phosphate-P,10,0.1707414168950595
y_hat_train,Phosphate-P,10,0.7298820676841706
y_hat_train,Phosphate-P,10,0.25673460845235513
y_hat_train,Phosphate-P,10,-0.020558113279925683
y_hat_train,Phosphate-P,10,0.529030170667035
y_hat_train,Phosphate-P,10,0.4266797008790093
y_hat_train,Phosphate-P,10,0.051692062838445574
y_hat_train,Phosphate-P,10,0.11574256299588098
y_hat_train,Phosphate-P,10,0.6540084406921566
y_hat_train,Phosphate-P,10,0.8097925664552413
y_hat_train,Phosphate-P,10,0.06170314148569689
y_hat_train,Phosphate-P,10,-0.009959206347302185
y_hat_train,Phosphate-P,10,0.1579673956167871
y_hat_train,Phosphate-P,10,0.46578050057723336
y_hat_train,Phosphate-P,10,-0.001838895783242478
y_hat_train,Phosphate-P,10,0.04380839466993841
y_hat_train,Phosphate-P,10,0.9066443094142701
y_hat_train,Phosphate-P,10,0.05852790581346046
y_hat_train,Phosphate-P,10,0.6036863192844371
y_hat_train,Phosphate-P,10,0.20245702081384354
y_hat_train,Phosphate-P,10,0.09126040475681041
y_hat_train,Phosphate-P,10,0.10287262533059546
y_hat_train,Phosphate-P,10,0.50148453109528
y_hat_train,Phosphate-P,10,0.292040256087968
y_hat_train,Phosphate-P,10,0.532214113487554
y_hat_train,Phosphate-P,10,0.09223889541750732
y_hat_train,Phosphate-P,10,0.0663855668669957
y_true_train,Phosphate-P,10,0.205603597
y_true_train,Phosphate-P,10,0.132
y_true_train,Phosphate-P,10,0.163838414
y_true_train,Phosphate-P,10,0.34249
y_true_train,Phosphate-P,10,0.880333333
y_true_train,Phosphate-P,10,0.078
y_true_train,Phosphate-P,10,0.67654
y_true_train,Phosphate-P,10,0.691666667
y_true_train,Phosphate-P,10,0.6755
y_true_train,Phosphate-P,10,0.69042
y_true_train,Phosphate-P,10,0.67156
y_true_train,Phosphate-P,10,0.102666667
y_true_train,Phosphate-P,10,0.089
y_true_train,Phosphate-P,10,0.51
y_true_train,Phosphate-P,10,0.073666667
y_true_train,Phosphate-P,10,0.1027
y_true_train,Phosphate-P,10,0.061333333
y_true_train,Phosphate-P,10,0.15785
y_true_train,Phosphate-P,10,0.058
y_true_train,Phosphate-P,10,0.221333333
y_true_train,Phosphate-P,10,0.12965646
y_true_train,Phosphate-P,10,0.48344
y_true_train,Phosphate-P,10,0.09725
y_true_train,Phosphate-P,10,0.42907
y_true_train,Phosphate-P,10,0.09747
y_true_train,Phosphate-P,10,0.588000088
y_true_train,Phosphate-P,10,0.150156265
y_true_train,Phosphate-P,10,0.36624
y_true_train,Phosphate-P,10,0.34
y_true_train,Phosphate-P,10,0.338333333
y_true_train,Phosphate-P,10,0.19012
y_true_train,Phosphate-P,10,0.132
y_true_train,Phosphate-P,10,0.200780147
y_true_train,Phosphate-P,10,0.177
y_true_train,Phosphate-P,10,0.0686
y_true_train,Phosphate-P,10,0.531
y_true_train,Phosphate-P,10,0.59085
y_true_train,Phosphate-P,10,0.708
y_true_train,Phosphate-P,10,0.152333333
y_true_train,Phosphate-P,10,0.07735
y_true_train,Phosphate-P,10,0.189666667
y_true_train,Phosphate-P,10,0.153666667
y_true_train,Phosphate-P,10,0.750333333
y_true_train,Phosphate-P,10,0.336730892
y_true_train,Phosphate-P,10,0.082
y_true_train,Phosphate-P,10,0.11203
y_true_train,Phosphate-P,10,0.081
y_true_train,Phosphate-P,10,0.12965646
y_true_train,Phosphate-P,10,0.131
y_true_train,Phosphate-P,10,0.11026
y_true_train,Phosphate-P,10,0.088
y_true_train,Phosphate-P,10,0.229333333
y_true_train,Phosphate-P,10,0.098333333
y_true_train,Phosphate-P,10,0.284666667
y_true_train,Phosphate-P,10,0.24417
y_true_train,Phosphate-P,10,0.08646
y_true_train,Phosphate-P,10,0.03864
y_true_train,Phosphate-P,10,0.03695
y_true_train,Phosphate-P,10,0.11770379
y_true_train,Phosphate-P,10,0.166804647
y_true_train,Phosphate-P,10,0.601333333
y_true_train,Phosphate-P,10,0.167
y_true_train,Phosphate-P,10,0.076666667
y_true_train,Phosphate-P,10,0.081666667
y_true_train,Phosphate-P,10,0.239333333
y_true_train,Phosphate-P,10,0.415
y_true_train,Phosphate-P,10,0.116706814
y_true_train,Phosphate-P,10,0.05119
y_true_train,Phosphate-P,10,0.098666667
y_true_train,Phosphate-P,10,0.2953
y_true_train,Phosphate-P,10,0.54935
y_true_train,Phosphate-P,10,0.416666667
y_true_train,Phosphate-P,10,0.613333333
y_true_train,Phosphate-P,10,0.071
y_true_train,Phosphate-P,10,0.727666667
y_true_train,Phosphate-P,10,0.16774969
y_true_train,Phosphate-P,10,0.14079
y_true_train,Phosphate-P,10,0.091666667
y_true_train,Phosphate-P,10,0.16336
y_true_train,Phosphate-P,10,0.527
y_true_train,Phosphate-P,10,0.09
y_true_train,Phosphate-P,10,0.55
y_true_train,Phosphate-P,10,0.08433
y_true_train,Phosphate-P,10,0.089333333
y_true_train,Phosphate-P,10,0.817666667
y_true_train,Phosphate-P,10,0.123
y_true_train,Phosphate-P,10,0.728098185
y_true_train,Phosphate-P,10,0.619333333
y_true_train,Phosphate-P,10,0.106524044
y_true_train,Phosphate-P,10,0.557
y_true_train,Phosphate-P,10,0.15989332
y_true_train,Phosphate-P,10,0.05315
y_true_train,Phosphate-P,10,0.07185
y_true_train,Phosphate-P,10,0.10184
y_true_train,Phosphate-P,10,0.27718
y_true_train,Phosphate-P,10,0.72154
y_true_train,Phosphate-P,10,0.40176
y_true_train,Phosphate-P,10,0.562333333
y_true_train,Phosphate-P,10,0.08984
y_true_train,Phosphate-P,10,0.33558
y_true_train,Phosphate-P,10,0.166804647
y_true_train,Phosphate-P,10,0.061333333
y_true_train,Phosphate-P,10,0.104333333
y_true_train,Phosphate-P,10,0.728666667
y_true_train,Phosphate-P,10,0.191666667
y_true_train,Phosphate-P,10,0.36584
y_true_train,Phosphate-P,10,0.11929
y_true_train,Phosphate-P,10,0.757333333
y_true_train,Phosphate-P,10,0.228333333
y_true_train,Phosphate-P,10,0.05799
y_true_train,Phosphate-P,10,0.470497874
y_true_train,Phosphate-P,10,0.495666667
y_true_train,Phosphate-P,10,0.04722
y_true_train,Phosphate-P,10,0.08157
y_true_train,Phosphate-P,10,0.661834245
y_true_train,Phosphate-P,10,0.834333333
y_true_train,Phosphate-P,10,0.078333333
y_true_train,Phosphate-P,10,0.07112
y_true_train,Phosphate-P,10,0.14617
y_true_train,Phosphate-P,10,0.546666667
y_true_train,Phosphate-P,10,0.089
y_true_train,Phosphate-P,10,0.108
y_true_train,Phosphate-P,10,0.866544347
y_true_train,Phosphate-P,10,0.10954
y_true_train,Phosphate-P,10,0.686666667
y_true_train,Phosphate-P,10,0.158
y_true_train,Phosphate-P,10,0.108666667
y_true_train,Phosphate-P,10,0.086
y_true_train,Phosphate-P,10,0.44981
y_true_train,Phosphate-P,10,0.271013196
y_true_train,Phosphate-P,10,0.53977
y_true_train,Phosphate-P,10,0.124666667
y_true_train,Phosphate-P,10,0.06315
y_true_test,Phosphate-P,10,0.104236832
y_true_test,Phosphate-P,10,0.07105
y_true_test,Phosphate-P,10,0.092
y_true_test,Phosphate-P,10,0.264
y_true_test,Phosphate-P,10,0.08439
y_true_test,Phosphate-P,10,0.06275
y_true_test,Phosphate-P,10,0.07329
y_true_test,Phosphate-P,10,0.42907
y_true_test,Phosphate-P,10,0.068
y_true_test,Phosphate-P,10,0.110666667
y_true_test,Phosphate-P,10,0.158333333
y_true_test,Phosphate-P,10,0.06773
y_true_test,Phosphate-P,10,0.05293
y_true_test,Phosphate-P,10,0.41883
y_true_test,Phosphate-P,10,0.336
y_true_test,Phosphate-P,10,0.22296
y_true_test,Phosphate-P,10,0.0512
y_true_test,Phosphate-P,10,0.107666667
y_true_test,Phosphate-P,10,0.08955
y_true_test,Phosphate-P,10,0.090333333
y_true_test,Phosphate-P,10,0.089
y_true_test,Phosphate-P,10,0.338333333
y_true_test,Phosphate-P,10,0.55
y_true_test,Phosphate-P,10,0.094
y_true_test,Phosphate-P,10,0.996333333
y_true_test,Phosphate-P,10,0.466666667
y_true_test,Phosphate-P,10,0.116706814
y_true_test,Phosphate-P,10,0.398
y_true_test,Phosphate-P,10,0.114
y_true_test,Phosphate-P,10,0.457286778
y_true_test,Phosphate-P,10,0.406666667
y_true_test,Phosphate-P,10,0.187666667
y_true_test,Phosphate-P,10,0.05571
y_true_test,Phosphate-P,10,0.120092955
y_true_test,Phosphate-P,10,0.052333333
y_true_test,Phosphate-P,10,0.1692
y_true_test,Phosphate-P,10,0.271013196
y_true_test,Phosphate-P,10,0.119
y_true_test,Phosphate-P,10,0.05031
y_true_test,Phosphate-P,10,0.18067
y_true_test,Phosphate-P,10,0.30041
y_true_test,Phosphate-P,10,0.136666667
y_true_test,Phosphate-P,10,0.156
y_true_test,Phosphate-P,10,0.44946521
y_true_test,Phosphate-P,10,0.554333333
y_true_test,Phosphate-P,10,0.38031
y_true_test,Phosphate-P,10,0.264
y_true_test,Phosphate-P,10,0.890825762
y_true_test,Phosphate-P,10,0.528
y_true_test,Phosphate-P,10,0.05276
y_true_test,Phosphate-P,10,0.631870027
y_true_test,Phosphate-P,10,0.168488244
y_true_test,Phosphate-P,10,0.70909
y_true_test,Phosphate-P,10,0.10434
y_true_test,Phosphate-P,10,0.46794
y_true_test,Phosphate-P,10,0.34749
y_true_test,Phosphate-P,10,0.078333333
y_true_test,Phosphate-P,10,0.06581
test_ind,Phosphate-P,10,194.0
test_ind,Phosphate-P,10,17.0
test_ind,Phosphate-P,10,11.0
test_ind,Phosphate-P,10,121.0
test_ind,Phosphate-P,10,249.0
test_ind,Phosphate-P,10,39.0
test_ind,Phosphate-P,10,189.0
test_ind,Phosphate-P,10,96.0
test_ind,Phosphate-P,10,6.0
test_ind,Phosphate-P,10,305.0
test_ind,Phosphate-P,10,326.0
test_ind,Phosphate-P,10,71.0
test_ind,Phosphate-P,10,257.0
test_ind,Phosphate-P,10,258.0
test_ind,Phosphate-P,10,353.0
test_ind,Phosphate-P,10,118.0
test_ind,Phosphate-P,10,41.0
test_ind,Phosphate-P,10,315.0
test_ind,Phosphate-P,10,213.0
test_ind,Phosphate-P,10,395.0
test_ind,Phosphate-P,10,75.0
test_ind,Phosphate-P,10,101.0
test_ind,Phosphate-P,10,141.0
test_ind,Phosphate-P,10,311.0
test_ind,Phosphate-P,10,281.0
test_ind,Phosphate-P,10,3.0
test_ind,Phosphate-P,10,220.0
test_ind,Phosphate-P,10,280.0
test_ind,Phosphate-P,10,320.0
test_ind,Phosphate-P,10,164.0
test_ind,Phosphate-P,10,260.0
test_ind,Phosphate-P,10,284.0
test_ind,Phosphate-P,10,214.0
test_ind,Phosphate-P,10,165.0
test_ind,Phosphate-P,10,292.0
test_ind,Phosphate-P,10,167.0
test_ind,Phosphate-P,10,125.0
test_ind,Phosphate-P,10,381.0
test_ind,Phosphate-P,10,14.0
test_ind,Phosphate-P,10,52.0
test_ind,Phosphate-P,10,95.0
test_ind,Phosphate-P,10,347.0
test_ind,Phosphate-P,10,398.0
test_ind,Phosphate-P,10,123.0
test_ind,Phosphate-P,10,338.0
test_ind,Phosphate-P,10,49.0
test_ind,Phosphate-P,10,122.0
test_ind,Phosphate-P,10,143.0
test_ind,Phosphate-P,10,304.0
test_ind,Phosphate-P,10,42.0
test_ind,Phosphate-P,10,104.0
test_ind,Phosphate-P,10,218.0
test_ind,Phosphate-P,10,140.0
test_ind,Phosphate-P,10,186.0
test_ind,Phosphate-P,10,98.0
test_ind,Phosphate-P,10,247.0
test_ind,Phosphate-P,10,216.0
test_ind,Phosphate-P,10,238.0
train_ind,Phosphate-P,10,172.0
train_ind,Phosphate-P,10,170.0
train_ind,Phosphate-P,10,79.0
train_ind,Phosphate-P,10,120.0
train_ind,Phosphate-P,10,344.0
train_ind,Phosphate-P,10,342.0
train_ind,Phosphate-P,10,139.0
train_ind,Phosphate-P,10,319.0
train_ind,Phosphate-P,10,236.0
train_ind,Phosphate-P,10,138.0
train_ind,Phosphate-P,10,137.0
train_ind,Phosphate-P,10,370.0
train_ind,Phosphate-P,10,74.0
train_ind,Phosphate-P,10,391.0
train_ind,Phosphate-P,10,343.0
train_ind,Phosphate-P,10,237.0
train_ind,Phosphate-P,10,190.0
train_ind,Phosphate-P,10,169.0
train_ind,Phosphate-P,10,385.0
train_ind,Phosphate-P,10,382.0
train_ind,Phosphate-P,10,77.0
train_ind,Phosphate-P,10,65.0
train_ind,Phosphate-P,10,250.0
train_ind,Phosphate-P,10,97.0
train_ind,Phosphate-P,10,51.0
train_ind,Phosphate-P,10,102.0
train_ind,Phosphate-P,10,217.0
train_ind,Phosphate-P,10,36.0
train_ind,Phosphate-P,10,358.0
train_ind,Phosphate-P,10,100.0
train_ind,Phosphate-P,10,28.0
train_ind,Phosphate-P,10,171.0
train_ind,Phosphate-P,10,173.0
train_ind,Phosphate-P,10,366.0
train_ind,Phosphate-P,10,59.0
train_ind,Phosphate-P,10,8.0
train_ind,Phosphate-P,10,48.0
train_ind,Phosphate-P,10,341.0
train_ind,Phosphate-P,10,374.0
train_ind,Phosphate-P,10,73.0
train_ind,Phosphate-P,10,378.0
train_ind,Phosphate-P,10,386.0
train_ind,Phosphate-P,10,373.0
train_ind,Phosphate-P,10,94.0
train_ind,Phosphate-P,10,274.0
train_ind,Phosphate-P,10,212.0
train_ind,Phosphate-P,10,270.0
train_ind,Phosphate-P,10,78.0
train_ind,Phosphate-P,10,266.0
train_ind,Phosphate-P,10,168.0
train_ind,Phosphate-P,10,323.0
train_ind,Phosphate-P,10,351.0
train_ind,Phosphate-P,10,287.0
train_ind,Phosphate-P,10,339.0
train_ind,Phosphate-P,10,23.0
train_ind,Phosphate-P,10,243.0
train_ind,Phosphate-P,10,20.0
train_ind,Phosphate-P,10,43.0
train_ind,Phosphate-P,10,231.0
train_ind,Phosphate-P,10,174.0
train_ind,Phosphate-P,10,329.0
train_ind,Phosphate-P,10,12.0
train_ind,Phosphate-P,10,389.0
train_ind,Phosphate-P,10,278.0
train_ind,Phosphate-P,10,312.0
train_ind,Phosphate-P,10,302.0
train_ind,Phosphate-P,10,219.0
train_ind,Phosphate-P,10,69.0
train_ind,Phosphate-P,10,346.0
train_ind,Phosphate-P,10,233.0
train_ind,Phosphate-P,10,99.0
train_ind,Phosphate-P,10,279.0
train_ind,Phosphate-P,10,295.0
train_ind,Phosphate-P,10,306.0
train_ind,Phosphate-P,10,9.0
train_ind,Phosphate-P,10,80.0
train_ind,Phosphate-P,10,211.0
train_ind,Phosphate-P,10,349.0
train_ind,Phosphate-P,10,57.0
train_ind,Phosphate-P,10,291.0
train_ind,Phosphate-P,10,359.0
train_ind,Phosphate-P,10,142.0
train_ind,Phosphate-P,10,252.0
train_ind,Phosphate-P,10,318.0
train_ind,Phosphate-P,10,392.0
train_ind,Phosphate-P,10,293.0
train_ind,Phosphate-P,10,145.0
train_ind,Phosphate-P,10,362.0
train_ind,Phosphate-P,10,193.0
train_ind,Phosphate-P,10,372.0
train_ind,Phosphate-P,10,192.0
train_ind,Phosphate-P,10,38.0
train_ind,Phosphate-P,10,55.0
train_ind,Phosphate-P,10,72.0
train_ind,Phosphate-P,10,119.0
train_ind,Phosphate-P,10,64.0
train_ind,Phosphate-P,10,136.0
train_ind,Phosphate-P,10,299.0
train_ind,Phosphate-P,10,188.0
train_ind,Phosphate-P,10,61.0
train_ind,Phosphate-P,10,175.0
train_ind,Phosphate-P,10,191.0
train_ind,Phosphate-P,10,300.0
train_ind,Phosphate-P,10,269.0
train_ind,Phosphate-P,10,324.0
train_ind,Phosphate-P,10,27.0
train_ind,Phosphate-P,10,166.0
train_ind,Phosphate-P,10,361.0
train_ind,Phosphate-P,10,365.0
train_ind,Phosphate-P,10,67.0
train_ind,Phosphate-P,10,124.0
train_ind,Phosphate-P,10,262.0
train_ind,Phosphate-P,10,232.0
train_ind,Phosphate-P,10,187.0
train_ind,Phosphate-P,10,103.0
train_ind,Phosphate-P,10,298.0
train_ind,Phosphate-P,10,215.0
train_ind,Phosphate-P,10,34.0
train_ind,Phosphate-P,10,248.0
train_ind,Phosphate-P,10,345.0
train_ind,Phosphate-P,10,76.0
train_ind,Phosphate-P,10,2.0
train_ind,Phosphate-P,10,144.0
train_ind,Phosphate-P,10,15.0
train_ind,Phosphate-P,10,390.0
train_ind,Phosphate-P,10,333.0
train_ind,Phosphate-P,10,332.0
train_ind,Phosphate-P,10,265.0
train_ind,Phosphate-P,10,244.0
train_ind,Phosphate-P,10,126.0
train_ind,Phosphate-P,10,29.0
train_ind,Phosphate-P,10,268.0
train_ind,Phosphate-P,10,16.0
test_rsq,Phosphate-P,10,-0.5400869874439478
train_rsq,Phosphate-P,10,0.9309053102287109
test_rmse,Phosphate-P,10,0.26945892637304086
train_rmse,Phosphate-P,10,0.06284660117299203
test_mape,Phosphate-P,10,166.6697503341072
train_mape,Phosphate-P,10,35.39093978347621
n_comp,Phosphate-P,10,16.0
y_hat_test,Phosphate-P,11,0.339809105083125
y_hat_test,Phosphate-P,11,0.46329168397856046
y_hat_test,Phosphate-P,11,0.2253286003148776
y_hat_test,Phosphate-P,11,0.39687415358849654
y_hat_test,Phosphate-P,11,0.1438672354418015
y_hat_test,Phosphate-P,11,0.21413198062860905
y_hat_test,Phosphate-P,11,0.21383703983780014
y_hat_test,Phosphate-P,11,0.2158928122859568
y_hat_test,Phosphate-P,11,0.3384688715758477
y_hat_test,Phosphate-P,11,0.3007674905581593
y_hat_test,Phosphate-P,11,0.11770818586937654
y_hat_test,Phosphate-P,11,0.2743954318130259
y_hat_test,Phosphate-P,11,0.13252541819078983
y_hat_test,Phosphate-P,11,0.17978413777341365
y_hat_test,Phosphate-P,11,0.16774872489491924
y_hat_test,Phosphate-P,11,0.2551774665265519
y_hat_test,Phosphate-P,11,0.3255498870323317
y_hat_test,Phosphate-P,11,0.37241457666851674
y_hat_test,Phosphate-P,11,0.09979700659056542
y_hat_test,Phosphate-P,11,0.287987907222539
y_hat_test,Phosphate-P,11,0.29795131027343225
y_hat_test,Phosphate-P,11,0.3189192986445763
y_hat_test,Phosphate-P,11,0.6864517508266855
y_hat_test,Phosphate-P,11,0.3517127009699147
y_hat_test,Phosphate-P,11,0.13126239433959996
y_hat_test,Phosphate-P,11,0.3317201138952597
y_hat_test,Phosphate-P,11,0.06011314824469144
y_hat_test,Phosphate-P,11,0.30156493843288157
y_hat_test,Phosphate-P,11,0.519189381325303
y_hat_test,Phosphate-P,11,0.4913457224092177
y_hat_test,Phosphate-P,11,0.4128140712980164
y_hat_test,Phosphate-P,11,0.10216661710236505
y_hat_test,Phosphate-P,11,0.49902148707351807
y_hat_test,Phosphate-P,11,0.3433608648807628
y_hat_test,Phosphate-P,11,0.4152250938333696
y_hat_test,Phosphate-P,11,0.37376516573329654
y_hat_test,Phosphate-P,11,0.21244605936318678
y_hat_test,Phosphate-P,11,0.2543002216231038
y_hat_test,Phosphate-P,11,0.244875163232239
y_hat_test,Phosphate-P,11,0.6752059122708434
y_hat_test,Phosphate-P,11,0.3140209823546618
y_hat_test,Phosphate-P,11,0.33730146429156976
y_hat_test,Phosphate-P,11,0.3683172037658292
y_hat_test,Phosphate-P,11,0.393807125765331
y_hat_test,Phosphate-P,11,0.15461086464833784
y_hat_test,Phosphate-P,11,0.48300080869359396
y_hat_test,Phosphate-P,11,-0.05502926294579441
y_hat_test,Phosphate-P,11,0.315236979429732
y_hat_test,Phosphate-P,11,0.2629026385843316
y_hat_test,Phosphate-P,11,0.19469556863617787
y_hat_test,Phosphate-P,11,0.2497657555611008
y_hat_test,Phosphate-P,11,0.29022343569018066
y_hat_test,Phosphate-P,11,0.4320302367009614
y_hat_test,Phosphate-P,11,0.26299889808634885
y_hat_test,Phosphate-P,11,0.5325890672897882
y_hat_test,Phosphate-P,11,0.3204127502904887
y_hat_test,Phosphate-P,11,0.4477187744747828
y_hat_test,Phosphate-P,11,0.18684044613624162
y_hat_train,Phosphate-P,11,0.23786608482624744
y_hat_train,Phosphate-P,11,0.02008770970100726
y_hat_train,Phosphate-P,11,0.19114001962974253
y_hat_train,Phosphate-P,11,0.28475302313415846
y_hat_train,Phosphate-P,11,0.253489505974154
y_hat_train,Phosphate-P,11,0.37059241240773166
y_hat_train,Phosphate-P,11,0.5011408292305162
y_hat_train,Phosphate-P,11,0.23153186350588972
y_hat_train,Phosphate-P,11,0.22564746072529573
y_hat_train,Phosphate-P,11,0.4272341161346547
y_hat_train,Phosphate-P,11,0.4160222413282448
y_hat_train,Phosphate-P,11,0.03112361880283182
y_hat_train,Phosphate-P,11,0.21387877542844136
y_hat_train,Phosphate-P,11,0.2572052223856173
y_hat_train,Phosphate-P,11,0.36268296114886217
y_hat_train,Phosphate-P,11,0.43273677623544804
y_hat_train,Phosphate-P,11,0.37604181412450555
y_hat_train,Phosphate-P,11,0.2264962693960716
y_hat_train,Phosphate-P,11,0.18938772625604577
y_hat_train,Phosphate-P,11,0.2980738302833411
y_hat_train,Phosphate-P,11,0.14369751336279166
y_hat_train,Phosphate-P,11,0.20110133006017666
y_hat_train,Phosphate-P,11,0.200190313628948
y_hat_train,Phosphate-P,11,0.13122711828597708
y_hat_train,Phosphate-P,11,0.2913029902769422
y_hat_train,Phosphate-P,11,0.154737441448928
y_hat_train,Phosphate-P,11,0.2498316232077081
y_hat_train,Phosphate-P,11,0.14610739381089669
y_hat_train,Phosphate-P,11,0.33599146197723123
y_hat_train,Phosphate-P,11,0.2343795318693267
y_hat_train,Phosphate-P,11,-0.09307689455398005
y_hat_train,Phosphate-P,11,0.2435125979476332
y_hat_train,Phosphate-P,11,0.186260572944987
y_hat_train,Phosphate-P,11,0.4254900531245721
y_hat_train,Phosphate-P,11,0.4759166989065564
y_hat_train,Phosphate-P,11,0.08035506841157719
y_hat_train,Phosphate-P,11,0.24594145428496983
y_hat_train,Phosphate-P,11,0.22789398582532563
y_hat_train,Phosphate-P,11,0.32065992986236236
y_hat_train,Phosphate-P,11,0.23494515409400618
y_hat_train,Phosphate-P,11,0.3825326334037227
y_hat_train,Phosphate-P,11,0.22041551319242803
y_hat_train,Phosphate-P,11,0.28255010778760914
y_hat_train,Phosphate-P,11,0.13712203014346186
y_hat_train,Phosphate-P,11,0.36950739140519057
y_hat_train,Phosphate-P,11,0.22715546024668554
y_hat_train,Phosphate-P,11,0.39628543466145233
y_hat_train,Phosphate-P,11,0.44870953023288174
y_hat_train,Phosphate-P,11,0.2679090829265788
y_hat_train,Phosphate-P,11,0.24789946101958285
y_hat_train,Phosphate-P,11,0.245499674687942
y_hat_train,Phosphate-P,11,0.2517570768425348
y_hat_train,Phosphate-P,11,0.2987185049106954
y_hat_train,Phosphate-P,11,0.2504048121869047
y_hat_train,Phosphate-P,11,0.24380588447440985
y_hat_train,Phosphate-P,11,0.40578295012679066
y_hat_train,Phosphate-P,11,0.49977752952340765
y_hat_train,Phosphate-P,11,0.47760794721380695
y_hat_train,Phosphate-P,11,0.6794686108610444
y_hat_train,Phosphate-P,11,0.4140203285436725
y_hat_train,Phosphate-P,11,0.5209824279749715
y_hat_train,Phosphate-P,11,0.34312994761433735
y_hat_train,Phosphate-P,11,0.35536059387914887
y_hat_train,Phosphate-P,11,0.4855869556004838
y_hat_train,Phosphate-P,11,0.16364507253625277
y_hat_train,Phosphate-P,11,0.1815698318313037
y_hat_train,Phosphate-P,11,0.2790087662975124
y_hat_train,Phosphate-P,11,0.2006052453602799
y_hat_train,Phosphate-P,11,0.4310206914414026
y_hat_train,Phosphate-P,11,0.2776795944713951
y_hat_train,Phosphate-P,11,0.11639386916387545
y_hat_train,Phosphate-P,11,0.5102516944688056
y_hat_train,Phosphate-P,11,0.40297838021518084
y_hat_train,Phosphate-P,11,-0.04489795712657424
y_hat_train,Phosphate-P,11,0.19035514438210893
y_hat_train,Phosphate-P,11,0.23499241043164742
y_hat_train,Phosphate-P,11,-0.054682085175935036
y_hat_train,Phosphate-P,11,0.20646990779944926
y_hat_train,Phosphate-P,11,0.137778214001721
y_hat_train,Phosphate-P,11,0.43745569213736435
y_hat_train,Phosphate-P,11,0.32084973928970556
y_hat_train,Phosphate-P,11,0.49995056034495566
y_hat_train,Phosphate-P,11,0.533196081755531
y_hat_train,Phosphate-P,11,0.3328565553943568
y_hat_train,Phosphate-P,11,0.34067958688800837
y_hat_train,Phosphate-P,11,0.1047993070088297
y_hat_train,Phosphate-P,11,0.17308572204693817
y_hat_train,Phosphate-P,11,0.20622689745936218
y_hat_train,Phosphate-P,11,0.5662385702975685
y_hat_train,Phosphate-P,11,0.45155503196508895
y_hat_train,Phosphate-P,11,0.1857246425933795
y_hat_train,Phosphate-P,11,0.3711421470291884
y_hat_train,Phosphate-P,11,-0.04520530243806009
y_hat_train,Phosphate-P,11,0.29996789518913697
y_hat_train,Phosphate-P,11,0.30654405274204366
y_hat_train,Phosphate-P,11,0.0866881901514506
y_hat_train,Phosphate-P,11,0.27779080358208236
y_hat_train,Phosphate-P,11,0.49385540792387117
y_hat_train,Phosphate-P,11,0.3407621510425208
y_hat_train,Phosphate-P,11,0.2653551230806297
y_hat_train,Phosphate-P,11,0.36724159414193824
y_hat_train,Phosphate-P,11,0.29501736595419237
y_hat_train,Phosphate-P,11,0.09426925199631983
y_hat_train,Phosphate-P,11,0.2502167054039902
y_hat_train,Phosphate-P,11,0.3664781019971304
y_hat_train,Phosphate-P,11,0.5827967406562478
y_hat_train,Phosphate-P,11,0.09649595515211726
y_hat_train,Phosphate-P,11,0.10495722821782927
y_hat_train,Phosphate-P,11,0.3987565961072066
y_hat_train,Phosphate-P,11,0.26233746465621455
y_hat_train,Phosphate-P,11,0.2476874599893407
y_hat_train,Phosphate-P,11,0.37863988778734436
y_hat_train,Phosphate-P,11,0.2998245956622195
y_hat_train,Phosphate-P,11,0.5273299126498625
y_hat_train,Phosphate-P,11,0.18644443585695664
y_hat_train,Phosphate-P,11,0.500175486559225
y_hat_train,Phosphate-P,11,0.31434740436565906
y_hat_train,Phosphate-P,11,0.4096756202858488
y_hat_train,Phosphate-P,11,0.48494880635873383
y_hat_train,Phosphate-P,11,0.0329585147064963
y_hat_train,Phosphate-P,11,0.17825190645808464
y_hat_train,Phosphate-P,11,0.3292139985890685
y_hat_train,Phosphate-P,11,0.268918188390843
y_hat_train,Phosphate-P,11,0.3897323024985682
y_hat_train,Phosphate-P,11,0.35816271833189794
y_hat_train,Phosphate-P,11,0.2349030556540187
y_hat_train,Phosphate-P,11,0.26700758525873297
y_hat_train,Phosphate-P,11,0.298284978431489
y_hat_train,Phosphate-P,11,-0.02759961684440765
y_hat_train,Phosphate-P,11,0.3475247776639183
y_hat_train,Phosphate-P,11,0.20066364308064155
y_hat_train,Phosphate-P,11,0.3408308385951287
y_hat_train,Phosphate-P,11,0.4912476419092624
y_true_train,Phosphate-P,11,0.14617
y_true_train,Phosphate-P,11,0.068
y_true_train,Phosphate-P,11,0.19012
y_true_train,Phosphate-P,11,0.098666667
y_true_train,Phosphate-P,11,0.338333333
y_true_train,Phosphate-P,11,0.495666667
y_true_train,Phosphate-P,11,0.728666667
y_true_train,Phosphate-P,11,0.106524044
y_true_train,Phosphate-P,11,0.078333333
y_true_train,Phosphate-P,11,0.70909
y_true_train,Phosphate-P,11,0.108666667
y_true_train,Phosphate-P,11,0.05293
y_true_train,Phosphate-P,11,0.136666667
y_true_train,Phosphate-P,11,0.24417
y_true_train,Phosphate-P,11,0.619333333
y_true_train,Phosphate-P,11,0.46794
y_true_train,Phosphate-P,11,0.271013196
y_true_train,Phosphate-P,11,0.07105
y_true_train,Phosphate-P,11,0.08646
y_true_train,Phosphate-P,11,0.229333333
y_true_train,Phosphate-P,11,0.092
y_true_train,Phosphate-P,11,0.2953
y_true_train,Phosphate-P,11,0.158333333
y_true_train,Phosphate-P,11,0.08955
y_true_train,Phosphate-P,11,0.34249
y_true_train,Phosphate-P,11,0.167
y_true_train,Phosphate-P,11,0.15989332
y_true_train,Phosphate-P,11,0.08157
y_true_train,Phosphate-P,11,0.880333333
y_true_train,Phosphate-P,11,0.05276
y_true_train,Phosphate-P,11,0.06773
y_true_train,Phosphate-P,11,0.11770379
y_true_train,Phosphate-P,11,0.336
y_true_train,Phosphate-P,11,0.150156265
y_true_train,Phosphate-P,11,0.470497874
y_true_train,Phosphate-P,11,0.091666667
y_true_train,Phosphate-P,11,0.546666667
y_true_train,Phosphate-P,11,0.0512
y_true_train,Phosphate-P,11,0.166804647
y_true_train,Phosphate-P,11,0.098333333
y_true_train,Phosphate-P,11,0.40176
y_true_train,Phosphate-P,11,0.27718
y_true_train,Phosphate-P,11,0.076666667
y_true_train,Phosphate-P,11,0.16336
y_true_train,Phosphate-P,11,0.727666667
y_true_train,Phosphate-P,11,0.078333333
y_true_train,Phosphate-P,11,0.72154
y_true_train,Phosphate-P,11,0.527
y_true_train,Phosphate-P,11,0.089
y_true_train,Phosphate-P,11,0.089
y_true_train,Phosphate-P,11,0.08439
y_true_train,Phosphate-P,11,0.152333333
y_true_train,Phosphate-P,11,0.264
y_true_train,Phosphate-P,11,0.119
y_true_train,Phosphate-P,11,0.54935
y_true_train,Phosphate-P,11,0.200780147
y_true_train,Phosphate-P,11,0.554333333
y_true_train,Phosphate-P,11,0.104333333
y_true_train,Phosphate-P,11,0.834333333
y_true_train,Phosphate-P,11,0.757333333
y_true_train,Phosphate-P,11,0.457286778
y_true_train,Phosphate-P,11,0.116706814
y_true_train,Phosphate-P,11,0.104236832
y_true_train,Phosphate-P,11,0.528
y_true_train,Phosphate-P,11,0.05799
y_true_train,Phosphate-P,11,0.09
y_true_train,Phosphate-P,11,0.10954
y_true_train,Phosphate-P,11,0.089
y_true_train,Phosphate-P,11,0.691666667
y_true_train,Phosphate-P,11,0.48344
y_true_train,Phosphate-P,11,0.1027
y_true_train,Phosphate-P,11,0.42907
y_true_train,Phosphate-P,11,0.42907
y_true_train,Phosphate-P,11,0.05315
y_true_train,Phosphate-P,11,0.163838414
y_true_train,Phosphate-P,11,0.36624
y_true_train,Phosphate-P,11,0.07329
y_true_train,Phosphate-P,11,0.09725
y_true_train,Phosphate-P,11,0.06275
y_true_train,Phosphate-P,11,0.1692
y_true_train,Phosphate-P,11,0.686666667
y_true_train,Phosphate-P,11,0.890825762
y_true_train,Phosphate-P,11,0.67654
y_true_train,Phosphate-P,11,0.052333333
y_true_train,Phosphate-P,11,0.398
y_true_train,Phosphate-P,11,0.466666667
y_true_train,Phosphate-P,11,0.221333333
y_true_train,Phosphate-P,11,0.187666667
y_true_train,Phosphate-P,11,0.114
y_true_train,Phosphate-P,11,0.284666667
y_true_train,Phosphate-P,11,0.05031
y_true_train,Phosphate-P,11,0.415
y_true_train,Phosphate-P,11,0.16774969
y_true_train,Phosphate-P,11,0.07185
y_true_train,Phosphate-P,11,0.613333333
y_true_train,Phosphate-P,11,0.04722
y_true_train,Phosphate-P,11,0.08984
y_true_train,Phosphate-P,11,0.073666667
y_true_train,Phosphate-P,11,0.601333333
y_true_train,Phosphate-P,11,0.59085
y_true_train,Phosphate-P,11,0.14079
y_true_train,Phosphate-P,11,0.11026
y_true_train,Phosphate-P,11,0.228333333
y_true_train,Phosphate-P,11,0.34749
y_true_train,Phosphate-P,11,0.55
y_true_train,Phosphate-P,11,0.69042
y_true_train,Phosphate-P,11,0.071
y_true_train,Phosphate-P,11,0.088
y_true_train,Phosphate-P,11,0.817666667
y_true_train,Phosphate-P,11,0.51
y_true_train,Phosphate-P,11,0.07735
y_true_train,Phosphate-P,11,0.728098185
y_true_train,Phosphate-P,11,0.081666667
y_true_train,Phosphate-P,11,0.562333333
y_true_train,Phosphate-P,11,0.05119
y_true_train,Phosphate-P,11,0.996333333
y_true_train,Phosphate-P,11,0.124666667
y_true_train,Phosphate-P,11,0.336730892
y_true_train,Phosphate-P,11,0.708
y_true_train,Phosphate-P,11,0.102666667
y_true_train,Phosphate-P,11,0.061333333
y_true_train,Phosphate-P,11,0.6755
y_true_train,Phosphate-P,11,0.38031
y_true_train,Phosphate-P,11,0.132
y_true_train,Phosphate-P,11,0.55
y_true_train,Phosphate-P,11,0.078
y_true_train,Phosphate-P,11,0.120092955
y_true_train,Phosphate-P,11,0.36584
y_true_train,Phosphate-P,11,0.058
y_true_train,Phosphate-P,11,0.132
y_true_train,Phosphate-P,11,0.061333333
y_true_train,Phosphate-P,11,0.15785
y_true_train,Phosphate-P,11,0.191666667
y_true_test,Phosphate-P,11,0.271013196
y_true_test,Phosphate-P,11,0.866544347
y_true_test,Phosphate-P,11,0.34
y_true_test,Phosphate-P,11,0.30041
y_true_test,Phosphate-P,11,0.108
y_true_test,Phosphate-P,11,0.082
y_true_test,Phosphate-P,11,0.12965646
y_true_test,Phosphate-P,11,0.12965646
y_true_test,Phosphate-P,11,0.131
y_true_test,Phosphate-P,11,0.44946521
y_true_test,Phosphate-P,11,0.07112
y_true_test,Phosphate-P,11,0.177
y_true_test,Phosphate-P,11,0.10184
y_true_test,Phosphate-P,11,0.08433
y_true_test,Phosphate-P,11,0.09747
y_true_test,Phosphate-P,11,0.18067
y_true_test,Phosphate-P,11,0.123
y_true_test,Phosphate-P,11,0.086
y_true_test,Phosphate-P,11,0.531
y_true_test,Phosphate-P,11,0.41883
y_true_test,Phosphate-P,11,0.338333333
y_true_test,Phosphate-P,11,0.264
y_true_test,Phosphate-P,11,0.116706814
y_true_test,Phosphate-P,11,0.11203
y_true_test,Phosphate-P,11,0.0686
y_true_test,Phosphate-P,11,0.406666667
y_true_test,Phosphate-P,11,0.03695
y_true_test,Phosphate-P,11,0.22296
y_true_test,Phosphate-P,11,0.67156
y_true_test,Phosphate-P,11,0.205603597
y_true_test,Phosphate-P,11,0.631870027
y_true_test,Phosphate-P,11,0.090333333
y_true_test,Phosphate-P,11,0.11929
y_true_test,Phosphate-P,11,0.588000088
y_true_test,Phosphate-P,11,0.10434
y_true_test,Phosphate-P,11,0.03864
y_true_test,Phosphate-P,11,0.557
y_true_test,Phosphate-P,11,0.156
y_true_test,Phosphate-P,11,0.44981
y_true_test,Phosphate-P,11,0.094
y_true_test,Phosphate-P,11,0.110666667
y_true_test,Phosphate-P,11,0.166804647
y_true_test,Phosphate-P,11,0.168488244
y_true_test,Phosphate-P,11,0.107666667
y_true_test,Phosphate-P,11,0.06315
y_true_test,Phosphate-P,11,0.158
y_true_test,Phosphate-P,11,0.05571
y_true_test,Phosphate-P,11,0.661834245
y_true_test,Phosphate-P,11,0.189666667
y_true_test,Phosphate-P,11,0.081
y_true_test,Phosphate-P,11,0.53977
y_true_test,Phosphate-P,11,0.750333333
y_true_test,Phosphate-P,11,0.153666667
y_true_test,Phosphate-P,11,0.33558
y_true_test,Phosphate-P,11,0.239333333
y_true_test,Phosphate-P,11,0.416666667
y_true_test,Phosphate-P,11,0.089333333
y_true_test,Phosphate-P,11,0.06581
test_ind,Phosphate-P,11,125.0
test_ind,Phosphate-P,11,144.0
test_ind,Phosphate-P,11,358.0
test_ind,Phosphate-P,11,95.0
test_ind,Phosphate-P,11,2.0
test_ind,Phosphate-P,11,274.0
test_ind,Phosphate-P,11,78.0
test_ind,Phosphate-P,11,77.0
test_ind,Phosphate-P,11,266.0
test_ind,Phosphate-P,11,123.0
test_ind,Phosphate-P,11,34.0
test_ind,Phosphate-P,11,366.0
test_ind,Phosphate-P,11,72.0
test_ind,Phosphate-P,11,252.0
test_ind,Phosphate-P,11,51.0
test_ind,Phosphate-P,11,52.0
test_ind,Phosphate-P,11,293.0
test_ind,Phosphate-P,11,265.0
test_ind,Phosphate-P,11,8.0
test_ind,Phosphate-P,11,258.0
test_ind,Phosphate-P,11,101.0
test_ind,Phosphate-P,11,122.0
test_ind,Phosphate-P,11,219.0
test_ind,Phosphate-P,11,212.0
test_ind,Phosphate-P,11,59.0
test_ind,Phosphate-P,11,260.0
test_ind,Phosphate-P,11,43.0
test_ind,Phosphate-P,11,118.0
test_ind,Phosphate-P,11,137.0
test_ind,Phosphate-P,11,172.0
test_ind,Phosphate-P,11,104.0
test_ind,Phosphate-P,11,395.0
test_ind,Phosphate-P,11,166.0
test_ind,Phosphate-P,11,102.0
test_ind,Phosphate-P,11,186.0
test_ind,Phosphate-P,11,20.0
test_ind,Phosphate-P,11,372.0
test_ind,Phosphate-P,11,398.0
test_ind,Phosphate-P,11,244.0
test_ind,Phosphate-P,11,311.0
test_ind,Phosphate-P,11,305.0
test_ind,Phosphate-P,11,175.0
test_ind,Phosphate-P,11,218.0
test_ind,Phosphate-P,11,315.0
test_ind,Phosphate-P,11,16.0
test_ind,Phosphate-P,11,333.0
test_ind,Phosphate-P,11,214.0
test_ind,Phosphate-P,11,103.0
test_ind,Phosphate-P,11,378.0
test_ind,Phosphate-P,11,270.0
test_ind,Phosphate-P,11,29.0
test_ind,Phosphate-P,11,373.0
test_ind,Phosphate-P,11,386.0
test_ind,Phosphate-P,11,61.0
test_ind,Phosphate-P,11,312.0
test_ind,Phosphate-P,11,279.0
test_ind,Phosphate-P,11,318.0
test_ind,Phosphate-P,11,238.0
train_ind,Phosphate-P,11,248.0
train_ind,Phosphate-P,11,6.0
train_ind,Phosphate-P,11,28.0
train_ind,Phosphate-P,11,346.0
train_ind,Phosphate-P,11,100.0
train_ind,Phosphate-P,11,262.0
train_ind,Phosphate-P,11,269.0
train_ind,Phosphate-P,11,193.0
train_ind,Phosphate-P,11,216.0
train_ind,Phosphate-P,11,140.0
train_ind,Phosphate-P,11,332.0
train_ind,Phosphate-P,11,257.0
train_ind,Phosphate-P,11,347.0
train_ind,Phosphate-P,11,23.0
train_ind,Phosphate-P,11,362.0
train_ind,Phosphate-P,11,98.0
train_ind,Phosphate-P,11,126.0
train_ind,Phosphate-P,11,17.0
train_ind,Phosphate-P,11,243.0
train_ind,Phosphate-P,11,351.0
train_ind,Phosphate-P,11,11.0
train_ind,Phosphate-P,11,233.0
train_ind,Phosphate-P,11,326.0
train_ind,Phosphate-P,11,213.0
train_ind,Phosphate-P,11,120.0
train_ind,Phosphate-P,11,12.0
train_ind,Phosphate-P,11,192.0
train_ind,Phosphate-P,11,187.0
train_ind,Phosphate-P,11,344.0
train_ind,Phosphate-P,11,42.0
train_ind,Phosphate-P,11,71.0
train_ind,Phosphate-P,11,231.0
train_ind,Phosphate-P,11,353.0
train_ind,Phosphate-P,11,217.0
train_ind,Phosphate-P,11,124.0
train_ind,Phosphate-P,11,349.0
train_ind,Phosphate-P,11,345.0
train_ind,Phosphate-P,11,41.0
train_ind,Phosphate-P,11,174.0
train_ind,Phosphate-P,11,287.0
train_ind,Phosphate-P,11,136.0
train_ind,Phosphate-P,11,119.0
train_ind,Phosphate-P,11,389.0
train_ind,Phosphate-P,11,57.0
train_ind,Phosphate-P,11,9.0
train_ind,Phosphate-P,11,215.0
train_ind,Phosphate-P,11,64.0
train_ind,Phosphate-P,11,291.0
train_ind,Phosphate-P,11,75.0
train_ind,Phosphate-P,11,74.0
train_ind,Phosphate-P,11,249.0
train_ind,Phosphate-P,11,374.0
train_ind,Phosphate-P,11,121.0
train_ind,Phosphate-P,11,381.0
train_ind,Phosphate-P,11,99.0
train_ind,Phosphate-P,11,173.0
train_ind,Phosphate-P,11,338.0
train_ind,Phosphate-P,11,300.0
train_ind,Phosphate-P,11,298.0
train_ind,Phosphate-P,11,361.0
train_ind,Phosphate-P,11,164.0
train_ind,Phosphate-P,11,220.0
train_ind,Phosphate-P,11,194.0
train_ind,Phosphate-P,11,304.0
train_ind,Phosphate-P,11,67.0
train_ind,Phosphate-P,11,359.0
train_ind,Phosphate-P,11,15.0
train_ind,Phosphate-P,11,76.0
train_ind,Phosphate-P,11,319.0
train_ind,Phosphate-P,11,65.0
train_ind,Phosphate-P,11,237.0
train_ind,Phosphate-P,11,96.0
train_ind,Phosphate-P,11,97.0
train_ind,Phosphate-P,11,38.0
train_ind,Phosphate-P,11,79.0
train_ind,Phosphate-P,11,36.0
train_ind,Phosphate-P,11,189.0
train_ind,Phosphate-P,11,250.0
train_ind,Phosphate-P,11,39.0
train_ind,Phosphate-P,11,167.0
train_ind,Phosphate-P,11,390.0
train_ind,Phosphate-P,11,143.0
train_ind,Phosphate-P,11,139.0
train_ind,Phosphate-P,11,292.0
train_ind,Phosphate-P,11,280.0
train_ind,Phosphate-P,11,3.0
train_ind,Phosphate-P,11,382.0
train_ind,Phosphate-P,11,284.0
train_ind,Phosphate-P,11,320.0
train_ind,Phosphate-P,11,339.0
train_ind,Phosphate-P,11,14.0
train_ind,Phosphate-P,11,302.0
train_ind,Phosphate-P,11,80.0
train_ind,Phosphate-P,11,55.0
train_ind,Phosphate-P,11,295.0
train_ind,Phosphate-P,11,232.0
train_ind,Phosphate-P,11,188.0
train_ind,Phosphate-P,11,343.0
train_ind,Phosphate-P,11,329.0
train_ind,Phosphate-P,11,48.0
train_ind,Phosphate-P,11,211.0
train_ind,Phosphate-P,11,168.0
train_ind,Phosphate-P,11,365.0
train_ind,Phosphate-P,11,247.0
train_ind,Phosphate-P,11,141.0
train_ind,Phosphate-P,11,138.0
train_ind,Phosphate-P,11,306.0
train_ind,Phosphate-P,11,323.0
train_ind,Phosphate-P,11,392.0
train_ind,Phosphate-P,11,391.0
train_ind,Phosphate-P,11,73.0
train_ind,Phosphate-P,11,145.0
train_ind,Phosphate-P,11,278.0
train_ind,Phosphate-P,11,299.0
train_ind,Phosphate-P,11,69.0
train_ind,Phosphate-P,11,281.0
train_ind,Phosphate-P,11,268.0
train_ind,Phosphate-P,11,94.0
train_ind,Phosphate-P,11,341.0
train_ind,Phosphate-P,11,370.0
train_ind,Phosphate-P,11,191.0
train_ind,Phosphate-P,11,236.0
train_ind,Phosphate-P,11,49.0
train_ind,Phosphate-P,11,171.0
train_ind,Phosphate-P,11,142.0
train_ind,Phosphate-P,11,342.0
train_ind,Phosphate-P,11,165.0
train_ind,Phosphate-P,11,27.0
train_ind,Phosphate-P,11,385.0
train_ind,Phosphate-P,11,170.0
train_ind,Phosphate-P,11,190.0
train_ind,Phosphate-P,11,169.0
train_ind,Phosphate-P,11,324.0
test_rsq,Phosphate-P,11,-0.3181224461978449
train_rsq,Phosphate-P,11,0.3419351866344922
test_rmse,Phosphate-P,11,0.23479586789134177
train_rmse,Phosphate-P,11,0.19769018811547004
test_mape,Phosphate-P,11,131.16943260686332
train_mape,Phosphate-P,11,103.76933756637374
n_comp,Phosphate-P,11,6.0
y_hat_test,Phosphate-P,12,0.39546260570585307
y_hat_test,Phosphate-P,12,0.43819809456598074
y_hat_test,Phosphate-P,12,0.43613081905769896
y_hat_test,Phosphate-P,12,0.3868205576273914
y_hat_test,Phosphate-P,12,0.15024363679989344
y_hat_test,Phosphate-P,12,0.20701757365233814
y_hat_test,Phosphate-P,12,0.3478262930667638
y_hat_test,Phosphate-P,12,0.45755858800961857
y_hat_test,Phosphate-P,12,0.2515471071670252
y_hat_test,Phosphate-P,12,0.3043195508748912
y_hat_test,Phosphate-P,12,0.16086133130288227
y_hat_test,Phosphate-P,12,0.048475583183152204
y_hat_test,Phosphate-P,12,0.22458826502476503
y_hat_test,Phosphate-P,12,0.12906161690364806
y_hat_test,Phosphate-P,12,0.45989601725760487
y_hat_test,Phosphate-P,12,0.21219624170954532
y_hat_test,Phosphate-P,12,0.4381144966534971
y_hat_test,Phosphate-P,12,0.2192706592357439
y_hat_test,Phosphate-P,12,0.5037524009716865
y_hat_test,Phosphate-P,12,0.2951742250403842
y_hat_test,Phosphate-P,12,0.16238711714275686
y_hat_test,Phosphate-P,12,0.2384142061301633
y_hat_test,Phosphate-P,12,0.1984547475244277
y_hat_test,Phosphate-P,12,0.28760018453272296
y_hat_test,Phosphate-P,12,0.11728480939110852
y_hat_test,Phosphate-P,12,0.3475259951568288
y_hat_test,Phosphate-P,12,0.408986575291245
y_hat_test,Phosphate-P,12,0.2098632330964765
y_hat_test,Phosphate-P,12,0.20624007241565398
y_hat_test,Phosphate-P,12,0.5689235639316976
y_hat_test,Phosphate-P,12,0.17594998376074703
y_hat_test,Phosphate-P,12,0.09517460919069454
y_hat_test,Phosphate-P,12,0.0585180200118659
y_hat_test,Phosphate-P,12,0.36789179651719484
y_hat_test,Phosphate-P,12,0.0025231567079302963
y_hat_test,Phosphate-P,12,0.3127020960499597
y_hat_test,Phosphate-P,12,-0.022001930159061767
y_hat_test,Phosphate-P,12,0.3307108127293199
y_hat_test,Phosphate-P,12,0.23477412933324934
y_hat_test,Phosphate-P,12,0.23179847892361655
y_hat_test,Phosphate-P,12,0.24098878951264877
y_hat_test,Phosphate-P,12,0.41577633905406364
y_hat_test,Phosphate-P,12,0.21087718644366304
y_hat_test,Phosphate-P,12,0.3487580214029752
y_hat_test,Phosphate-P,12,0.18984723850303756
y_hat_test,Phosphate-P,12,0.46682260711095236
y_hat_test,Phosphate-P,12,0.39944873793912183
y_hat_test,Phosphate-P,12,0.08793396271942239
y_hat_test,Phosphate-P,12,0.365300739594212
y_hat_test,Phosphate-P,12,0.3695355961182997
y_hat_test,Phosphate-P,12,0.21650400046197066
y_hat_test,Phosphate-P,12,0.32990643218902344
y_hat_test,Phosphate-P,12,0.19905332346456797
y_hat_test,Phosphate-P,12,0.18368423468820322
y_hat_test,Phosphate-P,12,0.2710710905757449
y_hat_test,Phosphate-P,12,0.41299061799082426
y_hat_test,Phosphate-P,12,0.28191700496120825
y_hat_test,Phosphate-P,12,0.2663362609509307
y_hat_train,Phosphate-P,12,0.5212153202832561
y_hat_train,Phosphate-P,12,0.2898073339689208
y_hat_train,Phosphate-P,12,0.21244397843741625
y_hat_train,Phosphate-P,12,0.34179409610468453
y_hat_train,Phosphate-P,12,0.3678609416258619
y_hat_train,Phosphate-P,12,0.29863143353791655
y_hat_train,Phosphate-P,12,0.24812511856813046
y_hat_train,Phosphate-P,12,0.3854168021575312
y_hat_train,Phosphate-P,12,0.28408912112189355
y_hat_train,Phosphate-P,12,0.15159376788508588
y_hat_train,Phosphate-P,12,0.49934807639783685
y_hat_train,Phosphate-P,12,0.4006460116170376
y_hat_train,Phosphate-P,12,0.3113555033075077
y_hat_train,Phosphate-P,12,0.2373689845080492
y_hat_train,Phosphate-P,12,0.6448353287182322
y_hat_train,Phosphate-P,12,0.2830205045389388
y_hat_train,Phosphate-P,12,0.0835982350645223
y_hat_train,Phosphate-P,12,0.2648641576226591
y_hat_train,Phosphate-P,12,0.01996129341197328
y_hat_train,Phosphate-P,12,0.21888540795336764
y_hat_train,Phosphate-P,12,0.3239843663781888
y_hat_train,Phosphate-P,12,0.4423288233078816
y_hat_train,Phosphate-P,12,0.12577359270117544
y_hat_train,Phosphate-P,12,0.15413375166144383
y_hat_train,Phosphate-P,12,0.6623667195128622
y_hat_train,Phosphate-P,12,0.44461554365598704
y_hat_train,Phosphate-P,12,0.18973987170419923
y_hat_train,Phosphate-P,12,0.3126907139960231
y_hat_train,Phosphate-P,12,0.3634053748128916
y_hat_train,Phosphate-P,12,0.12965512126787415
y_hat_train,Phosphate-P,12,0.20541562408800187
y_hat_train,Phosphate-P,12,0.2936994006028996
y_hat_train,Phosphate-P,12,0.15166332649450842
y_hat_train,Phosphate-P,12,0.3932864837293477
y_hat_train,Phosphate-P,12,0.09909343196164769
y_hat_train,Phosphate-P,12,0.20444063652642847
y_hat_train,Phosphate-P,12,0.23488013744407263
y_hat_train,Phosphate-P,12,0.38265251120039323
y_hat_train,Phosphate-P,12,0.3541733133025514
y_hat_train,Phosphate-P,12,0.4010218257567775
y_hat_train,Phosphate-P,12,-0.01228431006597458
y_hat_train,Phosphate-P,12,0.04739216525472162
y_hat_train,Phosphate-P,12,0.289010925408435
y_hat_train,Phosphate-P,12,0.5116695352475303
y_hat_train,Phosphate-P,12,0.19245605932941312
y_hat_train,Phosphate-P,12,0.5323015576722575
y_hat_train,Phosphate-P,12,0.06469340624444453
y_hat_train,Phosphate-P,12,0.43870568885045247
y_hat_train,Phosphate-P,12,0.2240865542640252
y_hat_train,Phosphate-P,12,0.2885453026461142
y_hat_train,Phosphate-P,12,0.39238595014841016
y_hat_train,Phosphate-P,12,0.21088300455877232
y_hat_train,Phosphate-P,12,0.404462823388259
y_hat_train,Phosphate-P,12,0.46254592062262767
y_hat_train,Phosphate-P,12,0.37091196698698303
y_hat_train,Phosphate-P,12,0.2905581411829604
y_hat_train,Phosphate-P,12,0.4605730884992767
y_hat_train,Phosphate-P,12,0.5253748281788055
y_hat_train,Phosphate-P,12,0.35744750440035233
y_hat_train,Phosphate-P,12,0.2153674416044318
y_hat_train,Phosphate-P,12,0.3934013569663405
y_hat_train,Phosphate-P,12,0.11451961537451627
y_hat_train,Phosphate-P,12,-0.028547398123880574
y_hat_train,Phosphate-P,12,0.3305182060958852
y_hat_train,Phosphate-P,12,0.27558292110891436
y_hat_train,Phosphate-P,12,0.24612251466086146
y_hat_train,Phosphate-P,12,0.2964924725618949
y_hat_train,Phosphate-P,12,0.20864165295165477
y_hat_train,Phosphate-P,12,0.38168334591962894
y_hat_train,Phosphate-P,12,0.07946878575270694
y_hat_train,Phosphate-P,12,0.14075976710042548
y_hat_train,Phosphate-P,12,0.21536090048101944
y_hat_train,Phosphate-P,12,0.1414640040899037
y_hat_train,Phosphate-P,12,0.17071445622679357
y_hat_train,Phosphate-P,12,0.038327759585492005
y_hat_train,Phosphate-P,12,0.19778677190520938
y_hat_train,Phosphate-P,12,0.3035078878794736
y_hat_train,Phosphate-P,12,0.24911680567146566
y_hat_train,Phosphate-P,12,0.26534653323596596
y_hat_train,Phosphate-P,12,0.31171006796369416
y_hat_train,Phosphate-P,12,-0.12932280089949755
y_hat_train,Phosphate-P,12,0.22315408925535313
y_hat_train,Phosphate-P,12,0.19548204861826746
y_hat_train,Phosphate-P,12,0.3195520227290782
y_hat_train,Phosphate-P,12,0.2033767635378254
y_hat_train,Phosphate-P,12,0.24750479028759648
y_hat_train,Phosphate-P,12,0.3751316885830195
y_hat_train,Phosphate-P,12,0.21746176049119334
y_hat_train,Phosphate-P,12,0.027644582628921555
y_hat_train,Phosphate-P,12,0.3876095597266688
y_hat_train,Phosphate-P,12,0.4287639812064007
y_hat_train,Phosphate-P,12,0.0722241289944281
y_hat_train,Phosphate-P,12,0.09854504872053488
y_hat_train,Phosphate-P,12,0.32551003242183163
y_hat_train,Phosphate-P,12,0.4831320682539437
y_hat_train,Phosphate-P,12,0.21183779481460455
y_hat_train,Phosphate-P,12,0.0573992598251406
y_hat_train,Phosphate-P,12,0.41312160758775673
y_hat_train,Phosphate-P,12,0.21208739703944557
y_hat_train,Phosphate-P,12,0.012356037114111595
y_hat_train,Phosphate-P,12,0.560211995767276
y_hat_train,Phosphate-P,12,0.3943708819500329
y_hat_train,Phosphate-P,12,0.15515318454347227
y_hat_train,Phosphate-P,12,0.47456221046510927
y_hat_train,Phosphate-P,12,0.34458174874980557
y_hat_train,Phosphate-P,12,0.24616644385919345
y_hat_train,Phosphate-P,12,0.17043890228456468
y_hat_train,Phosphate-P,12,0.40308619633289855
y_hat_train,Phosphate-P,12,0.15992366983323636
y_hat_train,Phosphate-P,12,0.41291458222298766
y_hat_train,Phosphate-P,12,0.17375446656287308
y_hat_train,Phosphate-P,12,0.018689098070232446
y_hat_train,Phosphate-P,12,0.05201621422092728
y_hat_train,Phosphate-P,12,0.37682643543589234
y_hat_train,Phosphate-P,12,0.400769498620244
y_hat_train,Phosphate-P,12,0.3313403956878307
y_hat_train,Phosphate-P,12,0.12275072344657478
y_hat_train,Phosphate-P,12,0.07208872771510252
y_hat_train,Phosphate-P,12,0.531420889767294
y_hat_train,Phosphate-P,12,0.08789592285961967
y_hat_train,Phosphate-P,12,0.347223093081422
y_hat_train,Phosphate-P,12,0.415108240769595
y_hat_train,Phosphate-P,12,0.006272601525944332
y_hat_train,Phosphate-P,12,0.3021375493711424
y_hat_train,Phosphate-P,12,0.4613160185384282
y_hat_train,Phosphate-P,12,0.04547531887396805
y_hat_train,Phosphate-P,12,0.05623967382995629
y_hat_train,Phosphate-P,12,0.21799895797465138
y_hat_train,Phosphate-P,12,0.19616848018718486
y_hat_train,Phosphate-P,12,0.18261583800049513
y_hat_train,Phosphate-P,12,0.18468998625496869
y_hat_train,Phosphate-P,12,0.4327877139481644
y_hat_train,Phosphate-P,12,0.3494464395460377
y_true_train,Phosphate-P,12,0.114
y_true_train,Phosphate-P,12,0.36624
y_true_train,Phosphate-P,12,0.07112
y_true_train,Phosphate-P,12,0.54935
y_true_train,Phosphate-P,12,0.166804647
y_true_train,Phosphate-P,12,0.495666667
y_true_train,Phosphate-P,12,0.124666667
y_true_train,Phosphate-P,12,0.153666667
y_true_train,Phosphate-P,12,0.557
y_true_train,Phosphate-P,12,0.089
y_true_train,Phosphate-P,12,0.11929
y_true_train,Phosphate-P,12,0.271013196
y_true_train,Phosphate-P,12,0.119
y_true_train,Phosphate-P,12,0.06275
y_true_train,Phosphate-P,12,0.834333333
y_true_train,Phosphate-P,12,0.132
y_true_train,Phosphate-P,12,0.228333333
y_true_train,Phosphate-P,12,0.613333333
y_true_train,Phosphate-P,12,0.088
y_true_train,Phosphate-P,12,0.15989332
y_true_train,Phosphate-P,12,0.158
y_true_train,Phosphate-P,12,0.619333333
y_true_train,Phosphate-P,12,0.09
y_true_train,Phosphate-P,12,0.18067
y_true_train,Phosphate-P,12,0.890825762
y_true_train,Phosphate-P,12,0.205603597
y_true_train,Phosphate-P,12,0.076666667
y_true_train,Phosphate-P,12,0.07105
y_true_train,Phosphate-P,12,0.30041
y_true_train,Phosphate-P,12,0.10184
y_true_train,Phosphate-P,12,0.221333333
y_true_train,Phosphate-P,12,0.33558
y_true_train,Phosphate-P,12,0.06581
y_true_train,Phosphate-P,12,0.55
y_true_train,Phosphate-P,12,0.336
y_true_train,Phosphate-P,12,0.2953
y_true_train,Phosphate-P,12,0.338333333
y_true_train,Phosphate-P,12,0.527
y_true_train,Phosphate-P,12,0.42907
y_true_train,Phosphate-P,12,0.750333333
y_true_train,Phosphate-P,12,0.068
y_true_train,Phosphate-P,12,0.16336
y_true_train,Phosphate-P,12,0.108666667
y_true_train,Phosphate-P,12,0.562333333
y_true_train,Phosphate-P,12,0.06315
y_true_train,Phosphate-P,12,0.70909
y_true_train,Phosphate-P,12,0.058
y_true_train,Phosphate-P,12,0.691666667
y_true_train,Phosphate-P,12,0.158333333
y_true_train,Phosphate-P,12,0.107666667
y_true_train,Phosphate-P,12,0.11203
y_true_train,Phosphate-P,12,0.131
y_true_train,Phosphate-P,12,0.191666667
y_true_train,Phosphate-P,12,0.661834245
y_true_train,Phosphate-P,12,0.27718
y_true_train,Phosphate-P,12,0.10434
y_true_train,Phosphate-P,12,0.528
y_true_train,Phosphate-P,12,0.69042
y_true_train,Phosphate-P,12,0.15785
y_true_train,Phosphate-P,12,0.052333333
y_true_train,Phosphate-P,12,0.07735
y_true_train,Phosphate-P,12,0.08646
y_true_train,Phosphate-P,12,0.108
y_true_train,Phosphate-P,12,0.152333333
y_true_train,Phosphate-P,12,0.239333333
y_true_train,Phosphate-P,12,0.229333333
y_true_train,Phosphate-P,12,0.150156265
y_true_train,Phosphate-P,12,0.05119
y_true_train,Phosphate-P,12,0.089333333
y_true_train,Phosphate-P,12,0.061333333
y_true_train,Phosphate-P,12,0.34749
y_true_train,Phosphate-P,12,0.110666667
y_true_train,Phosphate-P,12,0.08439
y_true_train,Phosphate-P,12,0.123
y_true_train,Phosphate-P,12,0.05315
y_true_train,Phosphate-P,12,0.136666667
y_true_train,Phosphate-P,12,0.163838414
y_true_train,Phosphate-P,12,0.116706814
y_true_train,Phosphate-P,12,0.0512
y_true_train,Phosphate-P,12,0.406666667
y_true_train,Phosphate-P,12,0.05571
y_true_train,Phosphate-P,12,0.200780147
y_true_train,Phosphate-P,12,0.264
y_true_train,Phosphate-P,12,0.34249
y_true_train,Phosphate-P,12,0.51
y_true_train,Phosphate-P,12,0.284666667
y_true_train,Phosphate-P,12,0.55
y_true_train,Phosphate-P,12,0.264
y_true_train,Phosphate-P,12,0.04722
y_true_train,Phosphate-P,12,0.588000088
y_true_train,Phosphate-P,12,0.67654
y_true_train,Phosphate-P,12,0.14617
y_true_train,Phosphate-P,12,0.16774969
y_true_train,Phosphate-P,12,0.40176
y_true_train,Phosphate-P,12,0.727666667
y_true_train,Phosphate-P,12,0.22296
y_true_train,Phosphate-P,12,0.09747
y_true_train,Phosphate-P,12,0.11026
y_true_train,Phosphate-P,12,0.07185
y_true_train,Phosphate-P,12,0.1027
y_true_train,Phosphate-P,12,0.866544347
y_true_train,Phosphate-P,12,0.6755
y_true_train,Phosphate-P,12,0.086
y_true_train,Phosphate-P,12,0.817666667
y_true_train,Phosphate-P,12,0.094
y_true_train,Phosphate-P,12,0.14079
y_true_train,Phosphate-P,12,0.05293
y_true_train,Phosphate-P,12,0.554333333
y_true_train,Phosphate-P,12,0.078
y_true_train,Phosphate-P,12,0.880333333
y_true_train,Phosphate-P,12,0.078333333
y_true_train,Phosphate-P,12,0.06773
y_true_train,Phosphate-P,12,0.08984
y_true_train,Phosphate-P,12,0.132
y_true_train,Phosphate-P,12,0.36584
y_true_train,Phosphate-P,12,0.116706814
y_true_train,Phosphate-P,12,0.09725
y_true_train,Phosphate-P,12,0.082
y_true_train,Phosphate-P,12,0.728098185
y_true_train,Phosphate-P,12,0.08433
y_true_train,Phosphate-P,12,0.073666667
y_true_train,Phosphate-P,12,0.104333333
y_true_train,Phosphate-P,12,0.187666667
y_true_train,Phosphate-P,12,0.189666667
y_true_train,Phosphate-P,12,0.46794
y_true_train,Phosphate-P,12,0.03695
y_true_train,Phosphate-P,12,0.102666667
y_true_train,Phosphate-P,12,0.120092955
y_true_train,Phosphate-P,12,0.531
y_true_train,Phosphate-P,12,0.416666667
y_true_train,Phosphate-P,12,0.098333333
y_true_train,Phosphate-P,12,0.601333333
y_true_train,Phosphate-P,12,0.457286778
y_true_test,Phosphate-P,12,0.470497874
y_true_test,Phosphate-P,12,0.03864
y_true_test,Phosphate-P,12,0.757333333
y_true_test,Phosphate-P,12,0.166804647
y_true_test,Phosphate-P,12,0.071
y_true_test,Phosphate-P,12,0.106524044
y_true_test,Phosphate-P,12,0.05276
y_true_test,Phosphate-P,12,0.67156
y_true_test,Phosphate-P,12,0.59085
y_true_test,Phosphate-P,12,0.44946521
y_true_test,Phosphate-P,12,0.081666667
y_true_test,Phosphate-P,12,0.091666667
y_true_test,Phosphate-P,12,0.415
y_true_test,Phosphate-P,12,0.05031
y_true_test,Phosphate-P,12,0.168488244
y_true_test,Phosphate-P,12,0.546666667
y_true_test,Phosphate-P,12,0.72154
y_true_test,Phosphate-P,12,0.177
y_true_test,Phosphate-P,12,0.631870027
y_true_test,Phosphate-P,12,0.48344
y_true_test,Phosphate-P,12,0.0686
y_true_test,Phosphate-P,12,0.156
y_true_test,Phosphate-P,12,0.08955
y_true_test,Phosphate-P,12,0.11770379
y_true_test,Phosphate-P,12,0.338333333
y_true_test,Phosphate-P,12,0.708
y_true_test,Phosphate-P,12,0.996333333
y_true_test,Phosphate-P,12,0.44981
y_true_test,Phosphate-P,12,0.090333333
y_true_test,Phosphate-P,12,0.42907
y_true_test,Phosphate-P,12,0.466666667
y_true_test,Phosphate-P,12,0.092
y_true_test,Phosphate-P,12,0.061333333
y_true_test,Phosphate-P,12,0.728666667
y_true_test,Phosphate-P,12,0.07329
y_true_test,Phosphate-P,12,0.19012
y_true_test,Phosphate-P,12,0.081
y_true_test,Phosphate-P,12,0.24417
y_true_test,Phosphate-P,12,0.08157
y_true_test,Phosphate-P,12,0.12965646
y_true_test,Phosphate-P,12,0.38031
y_true_test,Phosphate-P,12,0.10954
y_true_test,Phosphate-P,12,0.089
y_true_test,Phosphate-P,12,0.098666667
y_true_test,Phosphate-P,12,0.398
y_true_test,Phosphate-P,12,0.336730892
y_true_test,Phosphate-P,12,0.104236832
y_true_test,Phosphate-P,12,0.05799
y_true_test,Phosphate-P,12,0.41883
y_true_test,Phosphate-P,12,0.53977
y_true_test,Phosphate-P,12,0.686666667
y_true_test,Phosphate-P,12,0.271013196
y_true_test,Phosphate-P,12,0.167
y_true_test,Phosphate-P,12,0.078333333
y_true_test,Phosphate-P,12,0.34
y_true_test,Phosphate-P,12,0.1692
y_true_test,Phosphate-P,12,0.089
y_true_test,Phosphate-P,12,0.12965646
test_ind,Phosphate-P,12,124.0
test_ind,Phosphate-P,12,20.0
test_ind,Phosphate-P,12,361.0
test_ind,Phosphate-P,12,175.0
test_ind,Phosphate-P,12,306.0
test_ind,Phosphate-P,12,193.0
test_ind,Phosphate-P,12,42.0
test_ind,Phosphate-P,12,137.0
test_ind,Phosphate-P,12,48.0
test_ind,Phosphate-P,12,123.0
test_ind,Phosphate-P,12,278.0
test_ind,Phosphate-P,12,349.0
test_ind,Phosphate-P,12,302.0
test_ind,Phosphate-P,12,14.0
test_ind,Phosphate-P,12,218.0
test_ind,Phosphate-P,12,345.0
test_ind,Phosphate-P,12,64.0
test_ind,Phosphate-P,12,366.0
test_ind,Phosphate-P,12,104.0
test_ind,Phosphate-P,12,65.0
test_ind,Phosphate-P,12,59.0
test_ind,Phosphate-P,12,398.0
test_ind,Phosphate-P,12,213.0
test_ind,Phosphate-P,12,231.0
test_ind,Phosphate-P,12,100.0
test_ind,Phosphate-P,12,341.0
test_ind,Phosphate-P,12,281.0
test_ind,Phosphate-P,12,244.0
test_ind,Phosphate-P,12,395.0
test_ind,Phosphate-P,12,96.0
test_ind,Phosphate-P,12,3.0
test_ind,Phosphate-P,12,11.0
test_ind,Phosphate-P,12,191.0
test_ind,Phosphate-P,12,269.0
test_ind,Phosphate-P,12,189.0
test_ind,Phosphate-P,12,28.0
test_ind,Phosphate-P,12,270.0
test_ind,Phosphate-P,12,23.0
test_ind,Phosphate-P,12,187.0
test_ind,Phosphate-P,12,77.0
test_ind,Phosphate-P,12,49.0
test_ind,Phosphate-P,12,15.0
test_ind,Phosphate-P,12,76.0
test_ind,Phosphate-P,12,346.0
test_ind,Phosphate-P,12,280.0
test_ind,Phosphate-P,12,94.0
test_ind,Phosphate-P,12,194.0
test_ind,Phosphate-P,12,67.0
test_ind,Phosphate-P,12,258.0
test_ind,Phosphate-P,12,29.0
test_ind,Phosphate-P,12,390.0
test_ind,Phosphate-P,12,125.0
test_ind,Phosphate-P,12,12.0
test_ind,Phosphate-P,12,216.0
test_ind,Phosphate-P,12,358.0
test_ind,Phosphate-P,12,167.0
test_ind,Phosphate-P,12,75.0
test_ind,Phosphate-P,12,78.0
train_ind,Phosphate-P,12,320.0
train_ind,Phosphate-P,12,36.0
train_ind,Phosphate-P,12,34.0
train_ind,Phosphate-P,12,99.0
train_ind,Phosphate-P,12,174.0
train_ind,Phosphate-P,12,262.0
train_ind,Phosphate-P,12,268.0
train_ind,Phosphate-P,12,386.0
train_ind,Phosphate-P,12,372.0
train_ind,Phosphate-P,12,74.0
train_ind,Phosphate-P,12,166.0
train_ind,Phosphate-P,12,126.0
train_ind,Phosphate-P,12,381.0
train_ind,Phosphate-P,12,39.0
train_ind,Phosphate-P,12,298.0
train_ind,Phosphate-P,12,170.0
train_ind,Phosphate-P,12,365.0
train_ind,Phosphate-P,12,295.0
train_ind,Phosphate-P,12,323.0
train_ind,Phosphate-P,12,192.0
train_ind,Phosphate-P,12,333.0
train_ind,Phosphate-P,12,362.0
train_ind,Phosphate-P,12,359.0
train_ind,Phosphate-P,12,52.0
train_ind,Phosphate-P,12,143.0
train_ind,Phosphate-P,12,172.0
train_ind,Phosphate-P,12,389.0
train_ind,Phosphate-P,12,17.0
train_ind,Phosphate-P,12,95.0
train_ind,Phosphate-P,12,72.0
train_ind,Phosphate-P,12,382.0
train_ind,Phosphate-P,12,61.0
train_ind,Phosphate-P,12,238.0
train_ind,Phosphate-P,12,142.0
train_ind,Phosphate-P,12,353.0
train_ind,Phosphate-P,12,233.0
train_ind,Phosphate-P,12,101.0
train_ind,Phosphate-P,12,291.0
train_ind,Phosphate-P,12,97.0
train_ind,Phosphate-P,12,373.0
train_ind,Phosphate-P,12,6.0
train_ind,Phosphate-P,12,57.0
train_ind,Phosphate-P,12,332.0
train_ind,Phosphate-P,12,299.0
train_ind,Phosphate-P,12,16.0
train_ind,Phosphate-P,12,140.0
train_ind,Phosphate-P,12,385.0
train_ind,Phosphate-P,12,319.0
train_ind,Phosphate-P,12,326.0
train_ind,Phosphate-P,12,315.0
train_ind,Phosphate-P,12,212.0
train_ind,Phosphate-P,12,266.0
train_ind,Phosphate-P,12,324.0
train_ind,Phosphate-P,12,103.0
train_ind,Phosphate-P,12,119.0
train_ind,Phosphate-P,12,186.0
train_ind,Phosphate-P,12,304.0
train_ind,Phosphate-P,12,138.0
train_ind,Phosphate-P,12,169.0
train_ind,Phosphate-P,12,292.0
train_ind,Phosphate-P,12,73.0
train_ind,Phosphate-P,12,243.0
train_ind,Phosphate-P,12,2.0
train_ind,Phosphate-P,12,374.0
train_ind,Phosphate-P,12,312.0
train_ind,Phosphate-P,12,351.0
train_ind,Phosphate-P,12,217.0
train_ind,Phosphate-P,12,69.0
train_ind,Phosphate-P,12,318.0
train_ind,Phosphate-P,12,190.0
train_ind,Phosphate-P,12,247.0
train_ind,Phosphate-P,12,305.0
train_ind,Phosphate-P,12,249.0
train_ind,Phosphate-P,12,293.0
train_ind,Phosphate-P,12,38.0
train_ind,Phosphate-P,12,347.0
train_ind,Phosphate-P,12,79.0
train_ind,Phosphate-P,12,220.0
train_ind,Phosphate-P,12,41.0
train_ind,Phosphate-P,12,260.0
train_ind,Phosphate-P,12,214.0
train_ind,Phosphate-P,12,173.0
train_ind,Phosphate-P,12,121.0
train_ind,Phosphate-P,12,120.0
train_ind,Phosphate-P,12,391.0
train_ind,Phosphate-P,12,339.0
train_ind,Phosphate-P,12,141.0
train_ind,Phosphate-P,12,122.0
train_ind,Phosphate-P,12,232.0
train_ind,Phosphate-P,12,102.0
train_ind,Phosphate-P,12,139.0
train_ind,Phosphate-P,12,248.0
train_ind,Phosphate-P,12,80.0
train_ind,Phosphate-P,12,136.0
train_ind,Phosphate-P,12,9.0
train_ind,Phosphate-P,12,118.0
train_ind,Phosphate-P,12,51.0
train_ind,Phosphate-P,12,168.0
train_ind,Phosphate-P,12,55.0
train_ind,Phosphate-P,12,237.0
train_ind,Phosphate-P,12,144.0
train_ind,Phosphate-P,12,236.0
train_ind,Phosphate-P,12,265.0
train_ind,Phosphate-P,12,392.0
train_ind,Phosphate-P,12,311.0
train_ind,Phosphate-P,12,211.0
train_ind,Phosphate-P,12,257.0
train_ind,Phosphate-P,12,338.0
train_ind,Phosphate-P,12,342.0
train_ind,Phosphate-P,12,344.0
train_ind,Phosphate-P,12,215.0
train_ind,Phosphate-P,12,71.0
train_ind,Phosphate-P,12,188.0
train_ind,Phosphate-P,12,171.0
train_ind,Phosphate-P,12,27.0
train_ind,Phosphate-P,12,219.0
train_ind,Phosphate-P,12,250.0
train_ind,Phosphate-P,12,274.0
train_ind,Phosphate-P,12,145.0
train_ind,Phosphate-P,12,252.0
train_ind,Phosphate-P,12,343.0
train_ind,Phosphate-P,12,300.0
train_ind,Phosphate-P,12,284.0
train_ind,Phosphate-P,12,378.0
train_ind,Phosphate-P,12,98.0
train_ind,Phosphate-P,12,43.0
train_ind,Phosphate-P,12,370.0
train_ind,Phosphate-P,12,165.0
train_ind,Phosphate-P,12,8.0
train_ind,Phosphate-P,12,279.0
train_ind,Phosphate-P,12,287.0
train_ind,Phosphate-P,12,329.0
train_ind,Phosphate-P,12,164.0
test_rsq,Phosphate-P,12,0.19205088026304828
train_rsq,Phosphate-P,12,0.4255040224905414
test_rmse,Phosphate-P,12,0.2144963645500232
train_rmse,Phosphate-P,12,0.17470614994523267
test_mape,Phosphate-P,12,108.21213387270166
train_mape,Phosphate-P,12,92.10231158840256
n_comp,Phosphate-P,12,8.0
y_hat_test,Phosphate-P,13,0.36809250385265113
y_hat_test,Phosphate-P,13,0.3355975394983056
y_hat_test,Phosphate-P,13,0.06470249122003247
y_hat_test,Phosphate-P,13,0.11663976033432807
y_hat_test,Phosphate-P,13,0.23595531755146537
y_hat_test,Phosphate-P,13,0.07208038463662106
y_hat_test,Phosphate-P,13,0.21984540870192615
y_hat_test,Phosphate-P,13,0.10332856729513826
y_hat_test,Phosphate-P,13,0.3696848999222463
y_hat_test,Phosphate-P,13,0.2720234216174488
y_hat_test,Phosphate-P,13,0.37650484705446724
y_hat_test,Phosphate-P,13,0.21299849454764533
y_hat_test,Phosphate-P,13,0.3002064328785003
y_hat_test,Phosphate-P,13,-0.01613478260497181
y_hat_test,Phosphate-P,13,0.26516200503505266
y_hat_test,Phosphate-P,13,0.3887229995655536
y_hat_test,Phosphate-P,13,0.2540541947308408
y_hat_test,Phosphate-P,13,0.21286764854640647
y_hat_test,Phosphate-P,13,0.43001541372972063
y_hat_test,Phosphate-P,13,0.17978965942925185
y_hat_test,Phosphate-P,13,0.44090095593719625
y_hat_test,Phosphate-P,13,0.5124012703306873
y_hat_test,Phosphate-P,13,0.41966037846886217
y_hat_test,Phosphate-P,13,0.25432254837443363
y_hat_test,Phosphate-P,13,0.17670079827932017
y_hat_test,Phosphate-P,13,0.5529793880650209
y_hat_test,Phosphate-P,13,0.32827283332987084
y_hat_test,Phosphate-P,13,0.5997020734939029
y_hat_test,Phosphate-P,13,0.28123858026222015
y_hat_test,Phosphate-P,13,0.10394692905699851
y_hat_test,Phosphate-P,13,0.31793090823093983
y_hat_test,Phosphate-P,13,0.37341232997236207
y_hat_test,Phosphate-P,13,0.28977033913579947
y_hat_test,Phosphate-P,13,0.2871286707983121
y_hat_test,Phosphate-P,13,0.31859033110218304
y_hat_test,Phosphate-P,13,0.14313924292148955
y_hat_test,Phosphate-P,13,0.2240399962843022
y_hat_test,Phosphate-P,13,0.262550098561317
y_hat_test,Phosphate-P,13,0.2441984948283688
y_hat_test,Phosphate-P,13,0.3293246711238079
y_hat_test,Phosphate-P,13,0.35512808086347314
y_hat_test,Phosphate-P,13,0.000595070871984793
y_hat_test,Phosphate-P,13,0.37340776623591965
y_hat_test,Phosphate-P,13,0.32860002596068794
y_hat_test,Phosphate-P,13,0.20322365912832943
y_hat_test,Phosphate-P,13,0.21501744665376307
y_hat_test,Phosphate-P,13,0.4076738704595193
y_hat_test,Phosphate-P,13,0.5238053892271725
y_hat_test,Phosphate-P,13,0.5317526564551687
y_hat_test,Phosphate-P,13,0.07378797693760392
y_hat_test,Phosphate-P,13,0.5437510430649727
y_hat_test,Phosphate-P,13,0.34586635906292246
y_hat_test,Phosphate-P,13,0.4289866708429793
y_hat_test,Phosphate-P,13,0.32070528327357245
y_hat_test,Phosphate-P,13,-0.13184210025104082
y_hat_test,Phosphate-P,13,0.35006961606030695
y_hat_test,Phosphate-P,13,0.49397450651227215
y_hat_test,Phosphate-P,13,0.30314407177924196
y_hat_train,Phosphate-P,13,0.3555570328170419
y_hat_train,Phosphate-P,13,0.09585305478194905
y_hat_train,Phosphate-P,13,0.22075386175014752
y_hat_train,Phosphate-P,13,0.31077548174628394
y_hat_train,Phosphate-P,13,0.47100153624739743
y_hat_train,Phosphate-P,13,0.15132674172256505
y_hat_train,Phosphate-P,13,0.33031465295418605
y_hat_train,Phosphate-P,13,0.05053788925359179
y_hat_train,Phosphate-P,13,0.32118963081523266
y_hat_train,Phosphate-P,13,0.37919816568109743
y_hat_train,Phosphate-P,13,0.23289500134047705
y_hat_train,Phosphate-P,13,0.21339536927821426
y_hat_train,Phosphate-P,13,0.43112462052686995
y_hat_train,Phosphate-P,13,0.22650975069733442
y_hat_train,Phosphate-P,13,0.5021439713060086
y_hat_train,Phosphate-P,13,0.1657833230721143
y_hat_train,Phosphate-P,13,0.4340565714487525
y_hat_train,Phosphate-P,13,0.39742796774186134
y_hat_train,Phosphate-P,13,0.30263147021561654
y_hat_train,Phosphate-P,13,0.3368127134906217
y_hat_train,Phosphate-P,13,0.1624136763460133
y_hat_train,Phosphate-P,13,0.22043481929567718
y_hat_train,Phosphate-P,13,0.5450356561783964
y_hat_train,Phosphate-P,13,0.26938539174173187
y_hat_train,Phosphate-P,13,0.5459286352252233
y_hat_train,Phosphate-P,13,0.07609658912881598
y_hat_train,Phosphate-P,13,0.3066503641714891
y_hat_train,Phosphate-P,13,0.33721999000895997
y_hat_train,Phosphate-P,13,0.1391873923068523
y_hat_train,Phosphate-P,13,0.2336076682094105
y_hat_train,Phosphate-P,13,0.1415899948672568
y_hat_train,Phosphate-P,13,0.22549374702434122
y_hat_train,Phosphate-P,13,0.28538742904985726
y_hat_train,Phosphate-P,13,0.5598044305611298
y_hat_train,Phosphate-P,13,0.22905720254546197
y_hat_train,Phosphate-P,13,0.12125306494743243
y_hat_train,Phosphate-P,13,0.31680393455813394
y_hat_train,Phosphate-P,13,0.11551421415214311
y_hat_train,Phosphate-P,13,0.33922255081240815
y_hat_train,Phosphate-P,13,0.24376824315989581
y_hat_train,Phosphate-P,13,0.2929234375690961
y_hat_train,Phosphate-P,13,0.18110053972802154
y_hat_train,Phosphate-P,13,0.20054463889338917
y_hat_train,Phosphate-P,13,0.4911808692932199
y_hat_train,Phosphate-P,13,0.32737900023933586
y_hat_train,Phosphate-P,13,0.15480570810091168
y_hat_train,Phosphate-P,13,0.06520712249022714
y_hat_train,Phosphate-P,13,0.4639104315881756
y_hat_train,Phosphate-P,13,0.47270149103552067
y_hat_train,Phosphate-P,13,0.011951974246747155
y_hat_train,Phosphate-P,13,0.2918474906418251
y_hat_train,Phosphate-P,13,0.4706452789856746
y_hat_train,Phosphate-P,13,0.38421082204827794
y_hat_train,Phosphate-P,13,0.1954765681179071
y_hat_train,Phosphate-P,13,-0.0934598833713281
y_hat_train,Phosphate-P,13,0.23037671996934767
y_hat_train,Phosphate-P,13,0.2481247199284139
y_hat_train,Phosphate-P,13,0.28497183485941724
y_hat_train,Phosphate-P,13,0.522468339663352
y_hat_train,Phosphate-P,13,0.37465504328104154
y_hat_train,Phosphate-P,13,0.44009169239522294
y_hat_train,Phosphate-P,13,0.31556300868411696
y_hat_train,Phosphate-P,13,0.13782457978530988
y_hat_train,Phosphate-P,13,0.22227043911105615
y_hat_train,Phosphate-P,13,0.3697889130438309
y_hat_train,Phosphate-P,13,0.4053408877679864
y_hat_train,Phosphate-P,13,0.1828301448109905
y_hat_train,Phosphate-P,13,0.1994677560013045
y_hat_train,Phosphate-P,13,0.32875722791997825
y_hat_train,Phosphate-P,13,0.08456993480468433
y_hat_train,Phosphate-P,13,0.14371772550587672
y_hat_train,Phosphate-P,13,0.26413110088962727
y_hat_train,Phosphate-P,13,0.1425815953389677
y_hat_train,Phosphate-P,13,0.2812028457910267
y_hat_train,Phosphate-P,13,0.5478863162751424
y_hat_train,Phosphate-P,13,0.6276193723117269
y_hat_train,Phosphate-P,13,0.2970930263118514
y_hat_train,Phosphate-P,13,0.36243894603223104
y_hat_train,Phosphate-P,13,0.30446531348987566
y_hat_train,Phosphate-P,13,-0.03684527877109739
y_hat_train,Phosphate-P,13,0.20106340872562262
y_hat_train,Phosphate-P,13,0.37106203965503753
y_hat_train,Phosphate-P,13,0.03839518663832714
y_hat_train,Phosphate-P,13,0.07851480909442862
y_hat_train,Phosphate-P,13,0.28189832520386776
y_hat_train,Phosphate-P,13,0.39463181156072313
y_hat_train,Phosphate-P,13,0.44771837670317344
y_hat_train,Phosphate-P,13,0.40818912472076674
y_hat_train,Phosphate-P,13,0.21892416493334504
y_hat_train,Phosphate-P,13,0.159436788495434
y_hat_train,Phosphate-P,13,0.3910968686284737
y_hat_train,Phosphate-P,13,0.19511461134712793
y_hat_train,Phosphate-P,13,0.2745557040124202
y_hat_train,Phosphate-P,13,0.5001023788413685
y_hat_train,Phosphate-P,13,0.3997689771169134
y_hat_train,Phosphate-P,13,0.287499793220808
y_hat_train,Phosphate-P,13,0.2717778077454551
y_hat_train,Phosphate-P,13,0.4730665647454098
y_hat_train,Phosphate-P,13,0.1652345759991386
y_hat_train,Phosphate-P,13,0.35765520952199265
y_hat_train,Phosphate-P,13,0.3102105819555575
y_hat_train,Phosphate-P,13,0.0715421863520363
y_hat_train,Phosphate-P,13,0.26518598043202724
y_hat_train,Phosphate-P,13,0.22646037746166658
y_hat_train,Phosphate-P,13,0.10006581407753651
y_hat_train,Phosphate-P,13,0.30499346544841494
y_hat_train,Phosphate-P,13,0.244275614865805
y_hat_train,Phosphate-P,13,0.14707095996703878
y_hat_train,Phosphate-P,13,0.4329552730432175
y_hat_train,Phosphate-P,13,0.430019902852639
y_hat_train,Phosphate-P,13,0.2604661346251146
y_hat_train,Phosphate-P,13,0.5533912907794163
y_hat_train,Phosphate-P,13,0.17573728095710317
y_hat_train,Phosphate-P,13,0.21885312831414322
y_hat_train,Phosphate-P,13,0.7576523250088933
y_hat_train,Phosphate-P,13,0.2294259515701939
y_hat_train,Phosphate-P,13,0.4572272313112621
y_hat_train,Phosphate-P,13,0.45052130393038586
y_hat_train,Phosphate-P,13,0.4468680934227829
y_hat_train,Phosphate-P,13,-0.047797600032958965
y_hat_train,Phosphate-P,13,0.28738027932011395
y_hat_train,Phosphate-P,13,0.394494798991885
y_hat_train,Phosphate-P,13,0.556180554834073
y_hat_train,Phosphate-P,13,0.4454696220058744
y_hat_train,Phosphate-P,13,0.0018900708013167566
y_hat_train,Phosphate-P,13,0.5423068373473519
y_hat_train,Phosphate-P,13,0.23153011473253324
y_hat_train,Phosphate-P,13,0.5281216864686661
y_hat_train,Phosphate-P,13,0.16335266029436413
y_hat_train,Phosphate-P,13,0.17691488574372718
y_hat_train,Phosphate-P,13,0.43126737974926793
y_hat_train,Phosphate-P,13,0.036071051877324956
y_hat_train,Phosphate-P,13,0.4185380005950897
y_true_train,Phosphate-P,13,0.880333333
y_true_train,Phosphate-P,13,0.081
y_true_train,Phosphate-P,13,0.557
y_true_train,Phosphate-P,13,0.05276
y_true_train,Phosphate-P,13,0.757333333
y_true_train,Phosphate-P,13,0.089
y_true_train,Phosphate-P,13,0.10954
y_true_train,Phosphate-P,13,0.061333333
y_true_train,Phosphate-P,13,0.11770379
y_true_train,Phosphate-P,13,0.601333333
y_true_train,Phosphate-P,13,0.09
y_true_train,Phosphate-P,13,0.19012
y_true_train,Phosphate-P,13,0.1692
y_true_train,Phosphate-P,13,0.34
y_true_train,Phosphate-P,13,0.72154
y_true_train,Phosphate-P,13,0.07185
y_true_train,Phosphate-P,13,0.661834245
y_true_train,Phosphate-P,13,0.336730892
y_true_train,Phosphate-P,13,0.116706814
y_true_train,Phosphate-P,13,0.124666667
y_true_train,Phosphate-P,13,0.1027
y_true_train,Phosphate-P,13,0.546666667
y_true_train,Phosphate-P,13,0.996333333
y_true_train,Phosphate-P,13,0.22296
y_true_train,Phosphate-P,13,0.631870027
y_true_train,Phosphate-P,13,0.091666667
y_true_train,Phosphate-P,13,0.119
y_true_train,Phosphate-P,13,0.271013196
y_true_train,Phosphate-P,13,0.071
y_true_train,Phosphate-P,13,0.089
y_true_train,Phosphate-P,13,0.16336
y_true_train,Phosphate-P,13,0.189666667
y_true_train,Phosphate-P,13,0.156
y_true_train,Phosphate-P,13,0.67156
y_true_train,Phosphate-P,13,0.34749
y_true_train,Phosphate-P,13,0.06315
y_true_train,Phosphate-P,13,0.686666667
y_true_train,Phosphate-P,13,0.0686
y_true_train,Phosphate-P,13,0.110666667
y_true_train,Phosphate-P,13,0.51
y_true_train,Phosphate-P,13,0.052333333
y_true_train,Phosphate-P,13,0.531
y_true_train,Phosphate-P,13,0.163838414
y_true_train,Phosphate-P,13,0.205603597
y_true_train,Phosphate-P,13,0.415
y_true_train,Phosphate-P,13,0.221333333
y_true_train,Phosphate-P,13,0.061333333
y_true_train,Phosphate-P,13,0.727666667
y_true_train,Phosphate-P,13,0.470497874
y_true_train,Phosphate-P,13,0.04722
y_true_train,Phosphate-P,13,0.264
y_true_train,Phosphate-P,13,0.554333333
y_true_train,Phosphate-P,13,0.42907
y_true_train,Phosphate-P,13,0.0512
y_true_train,Phosphate-P,13,0.06773
y_true_train,Phosphate-P,13,0.081666667
y_true_train,Phosphate-P,13,0.54935
y_true_train,Phosphate-P,13,0.27718
y_true_train,Phosphate-P,13,0.69042
y_true_train,Phosphate-P,13,0.11203
y_true_train,Phosphate-P,13,0.528
y_true_train,Phosphate-P,13,0.123
y_true_train,Phosphate-P,13,0.10184
y_true_train,Phosphate-P,13,0.06581
y_true_train,Phosphate-P,13,0.406666667
y_true_train,Phosphate-P,13,0.588000088
y_true_train,Phosphate-P,13,0.082
y_true_train,Phosphate-P,13,0.08439
y_true_train,Phosphate-P,13,0.398
y_true_train,Phosphate-P,13,0.088
y_true_train,Phosphate-P,13,0.18067
y_true_train,Phosphate-P,13,0.076666667
y_true_train,Phosphate-P,13,0.09747
y_true_train,Phosphate-P,13,0.098333333
y_true_train,Phosphate-P,13,0.42907
y_true_train,Phosphate-P,13,0.890825762
y_true_train,Phosphate-P,13,0.264
y_true_train,Phosphate-P,13,0.132
y_true_train,Phosphate-P,13,0.416666667
y_true_train,Phosphate-P,13,0.05571
y_true_train,Phosphate-P,13,0.12965646
y_true_train,Phosphate-P,13,0.166804647
y_true_train,Phosphate-P,13,0.108
y_true_train,Phosphate-P,13,0.092
y_true_train,Phosphate-P,13,0.44946521
y_true_train,Phosphate-P,13,0.073666667
y_true_train,Phosphate-P,13,0.6755
y_true_train,Phosphate-P,13,0.153666667
y_true_train,Phosphate-P,13,0.613333333
y_true_train,Phosphate-P,13,0.08646
y_true_train,Phosphate-P,13,0.166804647
y_true_train,Phosphate-P,13,0.167
y_true_train,Phosphate-P,13,0.086
y_true_train,Phosphate-P,13,0.527
y_true_train,Phosphate-P,13,0.55
y_true_train,Phosphate-P,13,0.44981
y_true_train,Phosphate-P,13,0.229333333
y_true_train,Phosphate-P,13,0.46794
y_true_train,Phosphate-P,13,0.08157
y_true_train,Phosphate-P,13,0.495666667
y_true_train,Phosphate-P,13,0.41883
y_true_train,Phosphate-P,13,0.187666667
y_true_train,Phosphate-P,13,0.09725
y_true_train,Phosphate-P,13,0.05119
y_true_train,Phosphate-P,13,0.03695
y_true_train,Phosphate-P,13,0.34249
y_true_train,Phosphate-P,13,0.120092955
y_true_train,Phosphate-P,13,0.089
y_true_train,Phosphate-P,13,0.03864
y_true_train,Phosphate-P,13,0.108666667
y_true_train,Phosphate-P,13,0.38031
y_true_train,Phosphate-P,13,0.094
y_true_train,Phosphate-P,13,0.466666667
y_true_train,Phosphate-P,13,0.152333333
y_true_train,Phosphate-P,13,0.834333333
y_true_train,Phosphate-P,13,0.177
y_true_train,Phosphate-P,13,0.089333333
y_true_train,Phosphate-P,13,0.239333333
y_true_train,Phosphate-P,13,0.708
y_true_train,Phosphate-P,13,0.068
y_true_train,Phosphate-P,13,0.338333333
y_true_train,Phosphate-P,13,0.457286778
y_true_train,Phosphate-P,13,0.866544347
y_true_train,Phosphate-P,13,0.817666667
y_true_train,Phosphate-P,13,0.228333333
y_true_train,Phosphate-P,13,0.728666667
y_true_train,Phosphate-P,13,0.158333333
y_true_train,Phosphate-P,13,0.191666667
y_true_train,Phosphate-P,13,0.08955
y_true_train,Phosphate-P,13,0.07112
y_true_train,Phosphate-P,13,0.728098185
y_true_train,Phosphate-P,13,0.102666667
y_true_train,Phosphate-P,13,0.132
y_true_test,Phosphate-P,13,0.11026
y_true_test,Phosphate-P,13,0.150156265
y_true_test,Phosphate-P,13,0.336
y_true_test,Phosphate-P,13,0.05293
y_true_test,Phosphate-P,13,0.078
y_true_test,Phosphate-P,13,0.08984
y_true_test,Phosphate-P,13,0.2953
y_true_test,Phosphate-P,13,0.106524044
y_true_test,Phosphate-P,13,0.10434
y_true_test,Phosphate-P,13,0.59085
y_true_test,Phosphate-P,13,0.55
y_true_test,Phosphate-P,13,0.15989332
y_true_test,Phosphate-P,13,0.200780147
y_true_test,Phosphate-P,13,0.058
y_true_test,Phosphate-P,13,0.136666667
y_true_test,Phosphate-P,13,0.619333333
y_true_test,Phosphate-P,13,0.08433
y_true_test,Phosphate-P,13,0.05031
y_true_test,Phosphate-P,13,0.107666667
y_true_test,Phosphate-P,13,0.338333333
y_true_test,Phosphate-P,13,0.158
y_true_test,Phosphate-P,13,0.70909
y_true_test,Phosphate-P,13,0.104236832
y_true_test,Phosphate-P,13,0.07105
y_true_test,Phosphate-P,13,0.14617
y_true_test,Phosphate-P,13,0.114
y_true_test,Phosphate-P,13,0.36584
y_true_test,Phosphate-P,13,0.562333333
y_true_test,Phosphate-P,13,0.33558
y_true_test,Phosphate-P,13,0.05799
y_true_test,Phosphate-P,13,0.53977
y_true_test,Phosphate-P,13,0.14079
y_true_test,Phosphate-P,13,0.078333333
y_true_test,Phosphate-P,13,0.078333333
y_true_test,Phosphate-P,13,0.40176
y_true_test,Phosphate-P,13,0.090333333
y_true_test,Phosphate-P,13,0.12965646
y_true_test,Phosphate-P,13,0.750333333
y_true_test,Phosphate-P,13,0.24417
y_true_test,Phosphate-P,13,0.15785
y_true_test,Phosphate-P,13,0.131
y_true_test,Phosphate-P,13,0.05315
y_true_test,Phosphate-P,13,0.271013196
y_true_test,Phosphate-P,13,0.48344
y_true_test,Phosphate-P,13,0.06275
y_true_test,Phosphate-P,13,0.36624
y_true_test,Phosphate-P,13,0.691666667
y_true_test,Phosphate-P,13,0.11929
y_true_test,Phosphate-P,13,0.116706814
y_true_test,Phosphate-P,13,0.16774969
y_true_test,Phosphate-P,13,0.104333333
y_true_test,Phosphate-P,13,0.30041
y_true_test,Phosphate-P,13,0.67654
y_true_test,Phosphate-P,13,0.098666667
y_true_test,Phosphate-P,13,0.07329
y_true_test,Phosphate-P,13,0.284666667
y_true_test,Phosphate-P,13,0.168488244
y_true_test,Phosphate-P,13,0.07735
test_ind,Phosphate-P,13,168.0
test_ind,Phosphate-P,13,217.0
test_ind,Phosphate-P,13,353.0
test_ind,Phosphate-P,13,257.0
test_ind,Phosphate-P,13,342.0
test_ind,Phosphate-P,13,188.0
test_ind,Phosphate-P,13,233.0
test_ind,Phosphate-P,13,193.0
test_ind,Phosphate-P,13,186.0
test_ind,Phosphate-P,13,48.0
test_ind,Phosphate-P,13,141.0
test_ind,Phosphate-P,13,192.0
test_ind,Phosphate-P,13,173.0
test_ind,Phosphate-P,13,385.0
test_ind,Phosphate-P,13,347.0
test_ind,Phosphate-P,13,362.0
test_ind,Phosphate-P,13,252.0
test_ind,Phosphate-P,13,14.0
test_ind,Phosphate-P,13,315.0
test_ind,Phosphate-P,13,100.0
test_ind,Phosphate-P,13,333.0
test_ind,Phosphate-P,13,140.0
test_ind,Phosphate-P,13,194.0
test_ind,Phosphate-P,13,17.0
test_ind,Phosphate-P,13,248.0
test_ind,Phosphate-P,13,320.0
test_ind,Phosphate-P,13,27.0
test_ind,Phosphate-P,13,299.0
test_ind,Phosphate-P,13,61.0
test_ind,Phosphate-P,13,67.0
test_ind,Phosphate-P,13,29.0
test_ind,Phosphate-P,13,211.0
test_ind,Phosphate-P,13,216.0
test_ind,Phosphate-P,13,215.0
test_ind,Phosphate-P,13,136.0
test_ind,Phosphate-P,13,395.0
test_ind,Phosphate-P,13,78.0
test_ind,Phosphate-P,13,373.0
test_ind,Phosphate-P,13,23.0
test_ind,Phosphate-P,13,169.0
test_ind,Phosphate-P,13,266.0
test_ind,Phosphate-P,13,38.0
test_ind,Phosphate-P,13,126.0
test_ind,Phosphate-P,13,65.0
test_ind,Phosphate-P,13,39.0
test_ind,Phosphate-P,13,36.0
test_ind,Phosphate-P,13,319.0
test_ind,Phosphate-P,13,166.0
test_ind,Phosphate-P,13,219.0
test_ind,Phosphate-P,13,80.0
test_ind,Phosphate-P,13,300.0
test_ind,Phosphate-P,13,95.0
test_ind,Phosphate-P,13,139.0
test_ind,Phosphate-P,13,346.0
test_ind,Phosphate-P,13,189.0
test_ind,Phosphate-P,13,339.0
test_ind,Phosphate-P,13,218.0
test_ind,Phosphate-P,13,73.0
train_ind,Phosphate-P,13,344.0
train_ind,Phosphate-P,13,270.0
train_ind,Phosphate-P,13,372.0
train_ind,Phosphate-P,13,42.0
train_ind,Phosphate-P,13,361.0
train_ind,Phosphate-P,13,74.0
train_ind,Phosphate-P,13,15.0
train_ind,Phosphate-P,13,191.0
train_ind,Phosphate-P,13,231.0
train_ind,Phosphate-P,13,329.0
train_ind,Phosphate-P,13,359.0
train_ind,Phosphate-P,13,28.0
train_ind,Phosphate-P,13,167.0
train_ind,Phosphate-P,13,358.0
train_ind,Phosphate-P,13,64.0
train_ind,Phosphate-P,13,55.0
train_ind,Phosphate-P,13,103.0
train_ind,Phosphate-P,13,94.0
train_ind,Phosphate-P,13,220.0
train_ind,Phosphate-P,13,268.0
train_ind,Phosphate-P,13,237.0
train_ind,Phosphate-P,13,345.0
train_ind,Phosphate-P,13,281.0
train_ind,Phosphate-P,13,118.0
train_ind,Phosphate-P,13,104.0
train_ind,Phosphate-P,13,349.0
train_ind,Phosphate-P,13,381.0
train_ind,Phosphate-P,13,125.0
train_ind,Phosphate-P,13,306.0
train_ind,Phosphate-P,13,75.0
train_ind,Phosphate-P,13,57.0
train_ind,Phosphate-P,13,378.0
train_ind,Phosphate-P,13,398.0
train_ind,Phosphate-P,13,137.0
train_ind,Phosphate-P,13,247.0
train_ind,Phosphate-P,13,16.0
train_ind,Phosphate-P,13,390.0
train_ind,Phosphate-P,13,59.0
train_ind,Phosphate-P,13,305.0
train_ind,Phosphate-P,13,391.0
train_ind,Phosphate-P,13,292.0
train_ind,Phosphate-P,13,8.0
train_ind,Phosphate-P,13,79.0
train_ind,Phosphate-P,13,172.0
train_ind,Phosphate-P,13,302.0
train_ind,Phosphate-P,13,382.0
train_ind,Phosphate-P,13,190.0
train_ind,Phosphate-P,13,9.0
train_ind,Phosphate-P,13,124.0
train_ind,Phosphate-P,13,232.0
train_ind,Phosphate-P,13,122.0
train_ind,Phosphate-P,13,338.0
train_ind,Phosphate-P,13,97.0
train_ind,Phosphate-P,13,41.0
train_ind,Phosphate-P,13,71.0
train_ind,Phosphate-P,13,278.0
train_ind,Phosphate-P,13,99.0
train_ind,Phosphate-P,13,119.0
train_ind,Phosphate-P,13,138.0
train_ind,Phosphate-P,13,212.0
train_ind,Phosphate-P,13,304.0
train_ind,Phosphate-P,13,293.0
train_ind,Phosphate-P,13,72.0
train_ind,Phosphate-P,13,238.0
train_ind,Phosphate-P,13,260.0
train_ind,Phosphate-P,13,102.0
train_ind,Phosphate-P,13,274.0
train_ind,Phosphate-P,13,249.0
train_ind,Phosphate-P,13,280.0
train_ind,Phosphate-P,13,323.0
train_ind,Phosphate-P,13,52.0
train_ind,Phosphate-P,13,389.0
train_ind,Phosphate-P,13,51.0
train_ind,Phosphate-P,13,287.0
train_ind,Phosphate-P,13,96.0
train_ind,Phosphate-P,13,143.0
train_ind,Phosphate-P,13,121.0
train_ind,Phosphate-P,13,170.0
train_ind,Phosphate-P,13,279.0
train_ind,Phosphate-P,13,214.0
train_ind,Phosphate-P,13,77.0
train_ind,Phosphate-P,13,174.0
train_ind,Phosphate-P,13,2.0
train_ind,Phosphate-P,13,11.0
train_ind,Phosphate-P,13,123.0
train_ind,Phosphate-P,13,343.0
train_ind,Phosphate-P,13,236.0
train_ind,Phosphate-P,13,386.0
train_ind,Phosphate-P,13,295.0
train_ind,Phosphate-P,13,243.0
train_ind,Phosphate-P,13,175.0
train_ind,Phosphate-P,13,12.0
train_ind,Phosphate-P,13,265.0
train_ind,Phosphate-P,13,291.0
train_ind,Phosphate-P,13,142.0
train_ind,Phosphate-P,13,244.0
train_ind,Phosphate-P,13,351.0
train_ind,Phosphate-P,13,98.0
train_ind,Phosphate-P,13,187.0
train_ind,Phosphate-P,13,262.0
train_ind,Phosphate-P,13,258.0
train_ind,Phosphate-P,13,284.0
train_ind,Phosphate-P,13,250.0
train_ind,Phosphate-P,13,69.0
train_ind,Phosphate-P,13,43.0
train_ind,Phosphate-P,13,120.0
train_ind,Phosphate-P,13,165.0
train_ind,Phosphate-P,13,76.0
train_ind,Phosphate-P,13,20.0
train_ind,Phosphate-P,13,332.0
train_ind,Phosphate-P,13,49.0
train_ind,Phosphate-P,13,311.0
train_ind,Phosphate-P,13,3.0
train_ind,Phosphate-P,13,374.0
train_ind,Phosphate-P,13,298.0
train_ind,Phosphate-P,13,366.0
train_ind,Phosphate-P,13,318.0
train_ind,Phosphate-P,13,312.0
train_ind,Phosphate-P,13,341.0
train_ind,Phosphate-P,13,6.0
train_ind,Phosphate-P,13,101.0
train_ind,Phosphate-P,13,164.0
train_ind,Phosphate-P,13,144.0
train_ind,Phosphate-P,13,392.0
train_ind,Phosphate-P,13,365.0
train_ind,Phosphate-P,13,269.0
train_ind,Phosphate-P,13,326.0
train_ind,Phosphate-P,13,324.0
train_ind,Phosphate-P,13,213.0
train_ind,Phosphate-P,13,34.0
train_ind,Phosphate-P,13,145.0
train_ind,Phosphate-P,13,370.0
train_ind,Phosphate-P,13,171.0
test_rsq,Phosphate-P,13,-0.17184449255840262
train_rsq,Phosphate-P,13,0.3904189204902634
test_rmse,Phosphate-P,13,0.21492428338251746
train_rmse,Phosphate-P,13,0.19125921691703554
test_mape,Phosphate-P,13,131.0035397783813
train_mape,Phosphate-P,13,99.93512646476475
n_comp,Phosphate-P,13,7.0
y_hat_test,Phosphate-P,14,0.09168895319578754
y_hat_test,Phosphate-P,14,0.33309761364483875
y_hat_test,Phosphate-P,14,0.09684406765702214
y_hat_test,Phosphate-P,14,0.3234235925195883
y_hat_test,Phosphate-P,14,0.19610585572826147
y_hat_test,Phosphate-P,14,0.2892163629922593
y_hat_test,Phosphate-P,14,0.3689403682969846
y_hat_test,Phosphate-P,14,0.02372138559856396
y_hat_test,Phosphate-P,14,0.19232645663887588
y_hat_test,Phosphate-P,14,0.4667845578797928
y_hat_test,Phosphate-P,14,0.21609074324951633
y_hat_test,Phosphate-P,14,0.3569979711286312
y_hat_test,Phosphate-P,14,0.3204387731225198
y_hat_test,Phosphate-P,14,0.23877636376891143
y_hat_test,Phosphate-P,14,0.28214851062364166
y_hat_test,Phosphate-P,14,0.5193522311412164
y_hat_test,Phosphate-P,14,0.27860034159914365
y_hat_test,Phosphate-P,14,0.2513918693472173
y_hat_test,Phosphate-P,14,0.21188582069270653
y_hat_test,Phosphate-P,14,0.36092351971376946
y_hat_test,Phosphate-P,14,0.48103686467297235
y_hat_test,Phosphate-P,14,0.37881670989725386
y_hat_test,Phosphate-P,14,0.28268377531749916
y_hat_test,Phosphate-P,14,0.20252310010933486
y_hat_test,Phosphate-P,14,-0.0007224747012281041
y_hat_test,Phosphate-P,14,0.1663565379959434
y_hat_test,Phosphate-P,14,0.47226413415663815
y_hat_test,Phosphate-P,14,0.47408992184077037
y_hat_test,Phosphate-P,14,0.24789546927747325
y_hat_test,Phosphate-P,14,0.24381929688441803
y_hat_test,Phosphate-P,14,0.2482602882956249
y_hat_test,Phosphate-P,14,0.3768981534578804
y_hat_test,Phosphate-P,14,0.30046229400212615
y_hat_test,Phosphate-P,14,0.4819357088041484
y_hat_test,Phosphate-P,14,0.35631615632964864
y_hat_test,Phosphate-P,14,0.44407961832150544
y_hat_test,Phosphate-P,14,0.32665021115500587
y_hat_test,Phosphate-P,14,0.2814024348231479
y_hat_test,Phosphate-P,14,0.21021018782214956
y_hat_test,Phosphate-P,14,0.2790045484852933
y_hat_test,Phosphate-P,14,0.3154917994467384
y_hat_test,Phosphate-P,14,0.22453863030871188
y_hat_test,Phosphate-P,14,0.5069992208662777
y_hat_test,Phosphate-P,14,0.2129285897441595
y_hat_test,Phosphate-P,14,0.21840450858448282
y_hat_test,Phosphate-P,14,0.3100386799785766
y_hat_test,Phosphate-P,14,0.4976986476142019
y_hat_test,Phosphate-P,14,0.34235849716899197
y_hat_test,Phosphate-P,14,0.3495824230496463
y_hat_test,Phosphate-P,14,0.42059040740020226
y_hat_test,Phosphate-P,14,0.42038937670720244
y_hat_test,Phosphate-P,14,0.6027282765447739
y_hat_test,Phosphate-P,14,0.2964855207391989
y_hat_test,Phosphate-P,14,0.2467131815606886
y_hat_test,Phosphate-P,14,0.35735699625583733
y_hat_test,Phosphate-P,14,0.2977191715733511
y_hat_test,Phosphate-P,14,0.4098917009009375
y_hat_test,Phosphate-P,14,0.2810920184246528
y_hat_train,Phosphate-P,14,0.48280441417829334
y_hat_train,Phosphate-P,14,0.2524655698479598
y_hat_train,Phosphate-P,14,0.142698672950712
y_hat_train,Phosphate-P,14,0.28295585413366003
y_hat_train,Phosphate-P,14,0.283669961702571
y_hat_train,Phosphate-P,14,0.044541485920990026
y_hat_train,Phosphate-P,14,0.7100759757878087
y_hat_train,Phosphate-P,14,0.35007802747634137
y_hat_train,Phosphate-P,14,0.07493830898619491
y_hat_train,Phosphate-P,14,0.07185419172194868
y_hat_train,Phosphate-P,14,0.27498209939134804
y_hat_train,Phosphate-P,14,0.09126711728525247
y_hat_train,Phosphate-P,14,0.4186186231150034
y_hat_train,Phosphate-P,14,0.38725325777889696
y_hat_train,Phosphate-P,14,0.22586524727649232
y_hat_train,Phosphate-P,14,0.08125968437751291
y_hat_train,Phosphate-P,14,0.29964832985913464
y_hat_train,Phosphate-P,14,0.12461355401418628
y_hat_train,Phosphate-P,14,0.49713198929690494
y_hat_train,Phosphate-P,14,0.23093369498247265
y_hat_train,Phosphate-P,14,0.3256737376798223
y_hat_train,Phosphate-P,14,0.29511430059708715
y_hat_train,Phosphate-P,14,0.4551667469502919
y_hat_train,Phosphate-P,14,0.4915304681221624
y_hat_train,Phosphate-P,14,0.18408754106696135
y_hat_train,Phosphate-P,14,0.0993271511569088
y_hat_train,Phosphate-P,14,0.20284115500689226
y_hat_train,Phosphate-P,14,0.3316495745249486
y_hat_train,Phosphate-P,14,0.244548795947279
y_hat_train,Phosphate-P,14,0.0018086943684174628
y_hat_train,Phosphate-P,14,0.305189625618385
y_hat_train,Phosphate-P,14,0.20005439423155202
y_hat_train,Phosphate-P,14,0.16280131406977977
y_hat_train,Phosphate-P,14,0.4339758026908663
y_hat_train,Phosphate-P,14,0.2340861720673547
y_hat_train,Phosphate-P,14,0.4419151901927586
y_hat_train,Phosphate-P,14,0.4087851260840404
y_hat_train,Phosphate-P,14,0.2464271149518003
y_hat_train,Phosphate-P,14,0.3225390372296175
y_hat_train,Phosphate-P,14,0.3032932099746019
y_hat_train,Phosphate-P,14,0.08598937704397427
y_hat_train,Phosphate-P,14,0.48877760306282403
y_hat_train,Phosphate-P,14,0.30483834095082085
y_hat_train,Phosphate-P,14,0.26593559896185653
y_hat_train,Phosphate-P,14,0.24748056640146543
y_hat_train,Phosphate-P,14,0.19961774306733177
y_hat_train,Phosphate-P,14,0.19176014423652005
y_hat_train,Phosphate-P,14,0.37621230802006167
y_hat_train,Phosphate-P,14,0.3363784788534406
y_hat_train,Phosphate-P,14,-0.013169934187004018
y_hat_train,Phosphate-P,14,0.2948992866400663
y_hat_train,Phosphate-P,14,0.5523893924930512
y_hat_train,Phosphate-P,14,0.3229141236076499
y_hat_train,Phosphate-P,14,0.2757603548287443
y_hat_train,Phosphate-P,14,0.25869667058755624
y_hat_train,Phosphate-P,14,0.5672557165304913
y_hat_train,Phosphate-P,14,0.28830645453503895
y_hat_train,Phosphate-P,14,0.37516322355419063
y_hat_train,Phosphate-P,14,0.44483145368125065
y_hat_train,Phosphate-P,14,0.4259673423281942
y_hat_train,Phosphate-P,14,0.24043322005398426
y_hat_train,Phosphate-P,14,0.582292131822497
y_hat_train,Phosphate-P,14,0.42406522931000457
y_hat_train,Phosphate-P,14,0.3596743233995622
y_hat_train,Phosphate-P,14,-0.10656898616714106
y_hat_train,Phosphate-P,14,0.38249778851878824
y_hat_train,Phosphate-P,14,0.10946056217313102
y_hat_train,Phosphate-P,14,0.4815680061052313
y_hat_train,Phosphate-P,14,0.23389912341948907
y_hat_train,Phosphate-P,14,0.3527076513907923
y_hat_train,Phosphate-P,14,0.33546922941630697
y_hat_train,Phosphate-P,14,0.4126641831117477
y_hat_train,Phosphate-P,14,0.3399399607401699
y_hat_train,Phosphate-P,14,0.2937166575758764
y_hat_train,Phosphate-P,14,0.486954338511307
y_hat_train,Phosphate-P,14,0.27496753515093786
y_hat_train,Phosphate-P,14,0.49356589583752697
y_hat_train,Phosphate-P,14,0.42702009446546574
y_hat_train,Phosphate-P,14,0.20013163527210615
y_hat_train,Phosphate-P,14,0.16477682745498307
y_hat_train,Phosphate-P,14,0.44445130014467926
y_hat_train,Phosphate-P,14,0.19524851760010825
y_hat_train,Phosphate-P,14,0.04563457630318174
y_hat_train,Phosphate-P,14,0.14323059259209395
y_hat_train,Phosphate-P,14,0.29644381567036937
y_hat_train,Phosphate-P,14,0.08985988504528006
y_hat_train,Phosphate-P,14,0.34638456522432837
y_hat_train,Phosphate-P,14,0.31841858487258345
y_hat_train,Phosphate-P,14,0.15134331418384048
y_hat_train,Phosphate-P,14,0.3503275208906075
y_hat_train,Phosphate-P,14,0.3755665728269204
y_hat_train,Phosphate-P,14,0.2608222713436332
y_hat_train,Phosphate-P,14,0.34147165847972377
y_hat_train,Phosphate-P,14,0.4872855509586133
y_hat_train,Phosphate-P,14,0.24982287764886238
y_hat_train,Phosphate-P,14,0.4356910219909745
y_hat_train,Phosphate-P,14,0.25459687349318305
y_hat_train,Phosphate-P,14,0.3241098490662361
y_hat_train,Phosphate-P,14,0.3263898215351705
y_hat_train,Phosphate-P,14,0.33548787323796864
y_hat_train,Phosphate-P,14,0.1790707137840773
y_hat_train,Phosphate-P,14,0.20479209090765602
y_hat_train,Phosphate-P,14,0.2533503134661147
y_hat_train,Phosphate-P,14,0.10212539536871149
y_hat_train,Phosphate-P,14,0.42323287278000143
y_hat_train,Phosphate-P,14,0.22975861900688807
y_hat_train,Phosphate-P,14,0.2636869602869194
y_hat_train,Phosphate-P,14,0.273602209245492
y_hat_train,Phosphate-P,14,0.39175396925147327
y_hat_train,Phosphate-P,14,0.5049431018642465
y_hat_train,Phosphate-P,14,0.21453692845149736
y_hat_train,Phosphate-P,14,0.24170044729685325
y_hat_train,Phosphate-P,14,0.3276789396283701
y_hat_train,Phosphate-P,14,0.2745288710743266
y_hat_train,Phosphate-P,14,0.1405546028264921
y_hat_train,Phosphate-P,14,0.26410029767097143
y_hat_train,Phosphate-P,14,0.08271274294934208
y_hat_train,Phosphate-P,14,0.0259785308601872
y_hat_train,Phosphate-P,14,0.024832032784411817
y_hat_train,Phosphate-P,14,0.38385401334005437
y_hat_train,Phosphate-P,14,0.24879181859532185
y_hat_train,Phosphate-P,14,0.17461504220159427
y_hat_train,Phosphate-P,14,0.20781038267881413
y_hat_train,Phosphate-P,14,0.42196582580573144
y_hat_train,Phosphate-P,14,0.2969466207922558
y_hat_train,Phosphate-P,14,0.31088071096211234
y_hat_train,Phosphate-P,14,0.42623078249841334
y_hat_train,Phosphate-P,14,0.3687488276835551
y_hat_train,Phosphate-P,14,0.3687120470733278
y_hat_train,Phosphate-P,14,0.4417303360006207
y_hat_train,Phosphate-P,14,0.24967617662296326
y_hat_train,Phosphate-P,14,0.21101755232790553
y_hat_train,Phosphate-P,14,0.10558934642943268
y_true_train,Phosphate-P,14,0.70909
y_true_train,Phosphate-P,14,0.078333333
y_true_train,Phosphate-P,14,0.531
y_true_train,Phosphate-P,14,0.264
y_true_train,Phosphate-P,14,0.229333333
y_true_train,Phosphate-P,14,0.068
y_true_train,Phosphate-P,14,0.834333333
y_true_train,Phosphate-P,14,0.415
y_true_train,Phosphate-P,14,0.088
y_true_train,Phosphate-P,14,0.03695
y_true_train,Phosphate-P,14,0.089
y_true_train,Phosphate-P,14,0.10184
y_true_train,Phosphate-P,14,0.153666667
y_true_train,Phosphate-P,14,0.619333333
y_true_train,Phosphate-P,14,0.12965646
y_true_train,Phosphate-P,14,0.0686
y_true_train,Phosphate-P,14,0.189666667
y_true_train,Phosphate-P,14,0.08984
y_true_train,Phosphate-P,14,0.11929
y_true_train,Phosphate-P,14,0.06275
y_true_train,Phosphate-P,14,0.398
y_true_train,Phosphate-P,14,0.416666667
y_true_train,Phosphate-P,14,0.073666667
y_true_train,Phosphate-P,14,0.708
y_true_train,Phosphate-P,14,0.1027
y_true_train,Phosphate-P,14,0.228333333
y_true_train,Phosphate-P,14,0.05119
y_true_train,Phosphate-P,14,0.110666667
y_true_train,Phosphate-P,14,0.51
y_true_train,Phosphate-P,14,0.07329
y_true_train,Phosphate-P,14,0.10954
y_true_train,Phosphate-P,14,0.089
y_true_train,Phosphate-P,14,0.16336
y_true_train,Phosphate-P,14,0.46794
y_true_train,Phosphate-P,14,0.18067
y_true_train,Phosphate-P,14,0.528
y_true_train,Phosphate-P,14,0.107666667
y_true_train,Phosphate-P,14,0.557
y_true_train,Phosphate-P,14,0.271013196
y_true_train,Phosphate-P,14,0.15785
y_true_train,Phosphate-P,14,0.05799
y_true_train,Phosphate-P,14,0.631870027
y_true_train,Phosphate-P,14,0.120092955
y_true_train,Phosphate-P,14,0.264
y_true_train,Phosphate-P,14,0.54935
y_true_train,Phosphate-P,14,0.081666667
y_true_train,Phosphate-P,14,0.08646
y_true_train,Phosphate-P,14,0.11770379
y_true_train,Phosphate-P,14,0.166804647
y_true_train,Phosphate-P,14,0.05571
y_true_train,Phosphate-P,14,0.34749
y_true_train,Phosphate-P,14,0.890825762
y_true_train,Phosphate-P,14,0.098666667
y_true_train,Phosphate-P,14,0.076666667
y_true_train,Phosphate-P,14,0.22296
y_true_train,Phosphate-P,14,0.562333333
y_true_train,Phosphate-P,14,0.09725
y_true_train,Phosphate-P,14,0.880333333
y_true_train,Phosphate-P,14,0.470497874
y_true_train,Phosphate-P,14,0.757333333
y_true_train,Phosphate-P,14,0.07105
y_true_train,Phosphate-P,14,0.114
y_true_train,Phosphate-P,14,0.168488244
y_true_train,Phosphate-P,14,0.750333333
y_true_train,Phosphate-P,14,0.06773
y_true_train,Phosphate-P,14,0.42907
y_true_train,Phosphate-P,14,0.05293
y_true_train,Phosphate-P,14,0.205603597
y_true_train,Phosphate-P,14,0.546666667
y_true_train,Phosphate-P,14,0.601333333
y_true_train,Phosphate-P,14,0.166804647
y_true_train,Phosphate-P,14,0.817666667
y_true_train,Phosphate-P,14,0.11203
y_true_train,Phosphate-P,14,0.44981
y_true_train,Phosphate-P,14,0.554333333
y_true_train,Phosphate-P,14,0.338333333
y_true_train,Phosphate-P,14,0.996333333
y_true_train,Phosphate-P,14,0.1692
y_true_train,Phosphate-P,14,0.078
y_true_train,Phosphate-P,14,0.061333333
y_true_train,Phosphate-P,14,0.728098185
y_true_train,Phosphate-P,14,0.221333333
y_true_train,Phosphate-P,14,0.091666667
y_true_train,Phosphate-P,14,0.071
y_true_train,Phosphate-P,14,0.05276
y_true_train,Phosphate-P,14,0.081
y_true_train,Phosphate-P,14,0.11026
y_true_train,Phosphate-P,14,0.36584
y_true_train,Phosphate-P,14,0.336
y_true_train,Phosphate-P,14,0.132
y_true_train,Phosphate-P,14,0.457286778
y_true_train,Phosphate-P,14,0.27718
y_true_train,Phosphate-P,14,0.40176
y_true_train,Phosphate-P,14,0.239333333
y_true_train,Phosphate-P,14,0.33558
y_true_train,Phosphate-P,14,0.336730892
y_true_train,Phosphate-P,14,0.177
y_true_train,Phosphate-P,14,0.116706814
y_true_train,Phosphate-P,14,0.686666667
y_true_train,Phosphate-P,14,0.131
y_true_train,Phosphate-P,14,0.466666667
y_true_train,Phosphate-P,14,0.163838414
y_true_train,Phosphate-P,14,0.07185
y_true_train,Phosphate-P,14,0.06315
y_true_train,Phosphate-P,14,0.284666667
y_true_train,Phosphate-P,14,0.082
y_true_train,Phosphate-P,14,0.36624
y_true_train,Phosphate-P,14,0.086
y_true_train,Phosphate-P,14,0.67654
y_true_train,Phosphate-P,14,0.69042
y_true_train,Phosphate-P,14,0.12965646
y_true_train,Phosphate-P,14,0.078333333
y_true_train,Phosphate-P,14,0.41883
y_true_train,Phosphate-P,14,0.07735
y_true_train,Phosphate-P,14,0.187666667
y_true_train,Phosphate-P,14,0.200780147
y_true_train,Phosphate-P,14,0.108
y_true_train,Phosphate-P,14,0.102666667
y_true_train,Phosphate-P,14,0.058
y_true_train,Phosphate-P,14,0.727666667
y_true_train,Phosphate-P,14,0.48344
y_true_train,Phosphate-P,14,0.09747
y_true_train,Phosphate-P,14,0.158333333
y_true_train,Phosphate-P,14,0.6755
y_true_train,Phosphate-P,14,0.44946521
y_true_train,Phosphate-P,14,0.613333333
y_true_train,Phosphate-P,14,0.108666667
y_true_train,Phosphate-P,14,0.150156265
y_true_train,Phosphate-P,14,0.55
y_true_train,Phosphate-P,14,0.691666667
y_true_train,Phosphate-P,14,0.24417
y_true_train,Phosphate-P,14,0.08157
y_true_train,Phosphate-P,14,0.04722
y_true_test,Phosphate-P,14,0.090333333
y_true_test,Phosphate-P,14,0.53977
y_true_test,Phosphate-P,14,0.092
y_true_test,Phosphate-P,14,0.123
y_true_test,Phosphate-P,14,0.106524044
y_true_test,Phosphate-P,14,0.59085
y_true_test,Phosphate-P,14,0.661834245
y_true_test,Phosphate-P,14,0.16774969
y_true_test,Phosphate-P,14,0.167
y_true_test,Phosphate-P,14,0.089333333
y_true_test,Phosphate-P,14,0.089
y_true_test,Phosphate-P,14,0.55
y_true_test,Phosphate-P,14,0.119
y_true_test,Phosphate-P,14,0.116706814
y_true_test,Phosphate-P,14,0.15989332
y_true_test,Phosphate-P,14,0.104333333
y_true_test,Phosphate-P,14,0.38031
y_true_test,Phosphate-P,14,0.08433
y_true_test,Phosphate-P,14,0.07112
y_true_test,Phosphate-P,14,0.14079
y_true_test,Phosphate-P,14,0.42907
y_true_test,Phosphate-P,14,0.03864
y_true_test,Phosphate-P,14,0.098333333
y_true_test,Phosphate-P,14,0.338333333
y_true_test,Phosphate-P,14,0.05315
y_true_test,Phosphate-P,14,0.08955
y_true_test,Phosphate-P,14,0.158
y_true_test,Phosphate-P,14,0.527
y_true_test,Phosphate-P,14,0.34
y_true_test,Phosphate-P,14,0.2953
y_true_test,Phosphate-P,14,0.14617
y_true_test,Phosphate-P,14,0.72154
y_true_test,Phosphate-P,14,0.08439
y_true_test,Phosphate-P,14,0.67156
y_true_test,Phosphate-P,14,0.406666667
y_true_test,Phosphate-P,14,0.728666667
y_true_test,Phosphate-P,14,0.30041
y_true_test,Phosphate-P,14,0.19012
y_true_test,Phosphate-P,14,0.061333333
y_true_test,Phosphate-P,14,0.0512
y_true_test,Phosphate-P,14,0.124666667
y_true_test,Phosphate-P,14,0.05031
y_true_test,Phosphate-P,14,0.866544347
y_true_test,Phosphate-P,14,0.09
y_true_test,Phosphate-P,14,0.06581
y_true_test,Phosphate-P,14,0.152333333
y_true_test,Phosphate-P,14,0.191666667
y_true_test,Phosphate-P,14,0.495666667
y_true_test,Phosphate-P,14,0.271013196
y_true_test,Phosphate-P,14,0.104236832
y_true_test,Phosphate-P,14,0.10434
y_true_test,Phosphate-P,14,0.094
y_true_test,Phosphate-P,14,0.052333333
y_true_test,Phosphate-P,14,0.136666667
y_true_test,Phosphate-P,14,0.588000088
y_true_test,Phosphate-P,14,0.34249
y_true_test,Phosphate-P,14,0.132
y_true_test,Phosphate-P,14,0.156
test_ind,Phosphate-P,14,395.0
test_ind,Phosphate-P,14,29.0
test_ind,Phosphate-P,14,11.0
test_ind,Phosphate-P,14,293.0
test_ind,Phosphate-P,14,193.0
test_ind,Phosphate-P,14,48.0
test_ind,Phosphate-P,14,103.0
test_ind,Phosphate-P,14,80.0
test_ind,Phosphate-P,14,12.0
test_ind,Phosphate-P,14,318.0
test_ind,Phosphate-P,14,76.0
test_ind,Phosphate-P,14,141.0
test_ind,Phosphate-P,14,381.0
test_ind,Phosphate-P,14,220.0
test_ind,Phosphate-P,14,192.0
test_ind,Phosphate-P,14,300.0
test_ind,Phosphate-P,14,49.0
test_ind,Phosphate-P,14,252.0
test_ind,Phosphate-P,14,34.0
test_ind,Phosphate-P,14,211.0
test_ind,Phosphate-P,14,96.0
test_ind,Phosphate-P,14,20.0
test_ind,Phosphate-P,14,287.0
test_ind,Phosphate-P,14,100.0
test_ind,Phosphate-P,14,38.0
test_ind,Phosphate-P,14,213.0
test_ind,Phosphate-P,14,333.0
test_ind,Phosphate-P,14,291.0
test_ind,Phosphate-P,14,358.0
test_ind,Phosphate-P,14,233.0
test_ind,Phosphate-P,14,248.0
test_ind,Phosphate-P,14,64.0
test_ind,Phosphate-P,14,249.0
test_ind,Phosphate-P,14,137.0
test_ind,Phosphate-P,14,260.0
test_ind,Phosphate-P,14,269.0
test_ind,Phosphate-P,14,95.0
test_ind,Phosphate-P,14,28.0
test_ind,Phosphate-P,14,190.0
test_ind,Phosphate-P,14,41.0
test_ind,Phosphate-P,14,268.0
test_ind,Phosphate-P,14,14.0
test_ind,Phosphate-P,14,144.0
test_ind,Phosphate-P,14,359.0
test_ind,Phosphate-P,14,238.0
test_ind,Phosphate-P,14,374.0
test_ind,Phosphate-P,14,324.0
test_ind,Phosphate-P,14,262.0
test_ind,Phosphate-P,14,126.0
test_ind,Phosphate-P,14,194.0
test_ind,Phosphate-P,14,186.0
test_ind,Phosphate-P,14,311.0
test_ind,Phosphate-P,14,292.0
test_ind,Phosphate-P,14,347.0
test_ind,Phosphate-P,14,102.0
test_ind,Phosphate-P,14,120.0
test_ind,Phosphate-P,14,171.0
test_ind,Phosphate-P,14,398.0
train_ind,Phosphate-P,14,140.0
train_ind,Phosphate-P,14,215.0
train_ind,Phosphate-P,14,8.0
train_ind,Phosphate-P,14,122.0
train_ind,Phosphate-P,14,351.0
train_ind,Phosphate-P,14,6.0
train_ind,Phosphate-P,14,298.0
train_ind,Phosphate-P,14,302.0
train_ind,Phosphate-P,14,323.0
train_ind,Phosphate-P,14,43.0
train_ind,Phosphate-P,14,75.0
train_ind,Phosphate-P,14,72.0
train_ind,Phosphate-P,14,386.0
train_ind,Phosphate-P,14,362.0
train_ind,Phosphate-P,14,78.0
train_ind,Phosphate-P,14,59.0
train_ind,Phosphate-P,14,378.0
train_ind,Phosphate-P,14,188.0
train_ind,Phosphate-P,14,166.0
train_ind,Phosphate-P,14,39.0
train_ind,Phosphate-P,14,280.0
train_ind,Phosphate-P,14,279.0
train_ind,Phosphate-P,14,343.0
train_ind,Phosphate-P,14,341.0
train_ind,Phosphate-P,14,237.0
train_ind,Phosphate-P,14,365.0
train_ind,Phosphate-P,14,69.0
train_ind,Phosphate-P,14,305.0
train_ind,Phosphate-P,14,391.0
train_ind,Phosphate-P,14,189.0
train_ind,Phosphate-P,14,15.0
train_ind,Phosphate-P,14,74.0
train_ind,Phosphate-P,14,57.0
train_ind,Phosphate-P,14,98.0
train_ind,Phosphate-P,14,52.0
train_ind,Phosphate-P,14,304.0
train_ind,Phosphate-P,14,315.0
train_ind,Phosphate-P,14,372.0
train_ind,Phosphate-P,14,125.0
train_ind,Phosphate-P,14,169.0
train_ind,Phosphate-P,14,67.0
train_ind,Phosphate-P,14,104.0
train_ind,Phosphate-P,14,165.0
train_ind,Phosphate-P,14,121.0
train_ind,Phosphate-P,14,99.0
train_ind,Phosphate-P,14,278.0
train_ind,Phosphate-P,14,243.0
train_ind,Phosphate-P,14,231.0
train_ind,Phosphate-P,14,175.0
train_ind,Phosphate-P,14,214.0
train_ind,Phosphate-P,14,247.0
train_ind,Phosphate-P,14,143.0
train_ind,Phosphate-P,14,346.0
train_ind,Phosphate-P,14,389.0
train_ind,Phosphate-P,14,118.0
train_ind,Phosphate-P,14,299.0
train_ind,Phosphate-P,14,250.0
train_ind,Phosphate-P,14,344.0
train_ind,Phosphate-P,14,124.0
train_ind,Phosphate-P,14,361.0
train_ind,Phosphate-P,14,17.0
train_ind,Phosphate-P,14,320.0
train_ind,Phosphate-P,14,218.0
train_ind,Phosphate-P,14,373.0
train_ind,Phosphate-P,14,71.0
train_ind,Phosphate-P,14,97.0
train_ind,Phosphate-P,14,257.0
train_ind,Phosphate-P,14,172.0
train_ind,Phosphate-P,14,345.0
train_ind,Phosphate-P,14,329.0
train_ind,Phosphate-P,14,174.0
train_ind,Phosphate-P,14,392.0
train_ind,Phosphate-P,14,212.0
train_ind,Phosphate-P,14,244.0
train_ind,Phosphate-P,14,338.0
train_ind,Phosphate-P,14,101.0
train_ind,Phosphate-P,14,281.0
train_ind,Phosphate-P,14,167.0
train_ind,Phosphate-P,14,342.0
train_ind,Phosphate-P,14,191.0
train_ind,Phosphate-P,14,145.0
train_ind,Phosphate-P,14,382.0
train_ind,Phosphate-P,14,349.0
train_ind,Phosphate-P,14,306.0
train_ind,Phosphate-P,14,42.0
train_ind,Phosphate-P,14,270.0
train_ind,Phosphate-P,14,168.0
train_ind,Phosphate-P,14,27.0
train_ind,Phosphate-P,14,353.0
train_ind,Phosphate-P,14,170.0
train_ind,Phosphate-P,14,164.0
train_ind,Phosphate-P,14,119.0
train_ind,Phosphate-P,14,136.0
train_ind,Phosphate-P,14,312.0
train_ind,Phosphate-P,14,61.0
train_ind,Phosphate-P,14,94.0
train_ind,Phosphate-P,14,366.0
train_ind,Phosphate-P,14,219.0
train_ind,Phosphate-P,14,390.0
train_ind,Phosphate-P,14,266.0
train_ind,Phosphate-P,14,3.0
train_ind,Phosphate-P,14,79.0
train_ind,Phosphate-P,14,55.0
train_ind,Phosphate-P,14,16.0
train_ind,Phosphate-P,14,339.0
train_ind,Phosphate-P,14,274.0
train_ind,Phosphate-P,14,36.0
train_ind,Phosphate-P,14,265.0
train_ind,Phosphate-P,14,139.0
train_ind,Phosphate-P,14,138.0
train_ind,Phosphate-P,14,77.0
train_ind,Phosphate-P,14,216.0
train_ind,Phosphate-P,14,258.0
train_ind,Phosphate-P,14,73.0
train_ind,Phosphate-P,14,284.0
train_ind,Phosphate-P,14,173.0
train_ind,Phosphate-P,14,2.0
train_ind,Phosphate-P,14,370.0
train_ind,Phosphate-P,14,385.0
train_ind,Phosphate-P,14,9.0
train_ind,Phosphate-P,14,65.0
train_ind,Phosphate-P,14,51.0
train_ind,Phosphate-P,14,326.0
train_ind,Phosphate-P,14,236.0
train_ind,Phosphate-P,14,123.0
train_ind,Phosphate-P,14,295.0
train_ind,Phosphate-P,14,332.0
train_ind,Phosphate-P,14,217.0
train_ind,Phosphate-P,14,142.0
train_ind,Phosphate-P,14,319.0
train_ind,Phosphate-P,14,23.0
train_ind,Phosphate-P,14,187.0
train_ind,Phosphate-P,14,232.0
test_rsq,Phosphate-P,14,0.02690211721242708
train_rsq,Phosphate-P,14,0.3297150068593713
test_rmse,Phosphate-P,14,0.21034278327501743
train_rmse,Phosphate-P,14,0.1967102864090283
test_mape,Phosphate-P,14,145.59686214663873
train_mape,Phosphate-P,14,95.88665807292338
n_comp,Phosphate-P,14,7.0
y_hat_test,Phosphate-P,15,0.4318987479587557
y_hat_test,Phosphate-P,15,0.3567492384654175
y_hat_test,Phosphate-P,15,0.24420526371529122
y_hat_test,Phosphate-P,15,0.21667283670661214
y_hat_test,Phosphate-P,15,0.4074287785732507
y_hat_test,Phosphate-P,15,0.28647783051501313
y_hat_test,Phosphate-P,15,0.2858941083827267
y_hat_test,Phosphate-P,15,0.21876233990525276
y_hat_test,Phosphate-P,15,0.14152572525778598
y_hat_test,Phosphate-P,15,0.22665126762209897
y_hat_test,Phosphate-P,15,0.2751566651588998
y_hat_test,Phosphate-P,15,0.2969077999597596
y_hat_test,Phosphate-P,15,0.11886743347253054
y_hat_test,Phosphate-P,15,0.11010272859308542
y_hat_test,Phosphate-P,15,0.48101701927717755
y_hat_test,Phosphate-P,15,0.14680557412720677
y_hat_test,Phosphate-P,15,-0.006589586200544784
y_hat_test,Phosphate-P,15,0.21250816899123703
y_hat_test,Phosphate-P,15,0.2916902587869033
y_hat_test,Phosphate-P,15,0.20633374748222275
y_hat_test,Phosphate-P,15,0.26309814913162716
y_hat_test,Phosphate-P,15,0.06692547124013423
y_hat_test,Phosphate-P,15,0.32130377696705725
y_hat_test,Phosphate-P,15,0.18169043761128809
y_hat_test,Phosphate-P,15,0.369516227273884
y_hat_test,Phosphate-P,15,0.23686519779189452
y_hat_test,Phosphate-P,15,0.30585962604134986
y_hat_test,Phosphate-P,15,0.2565360642045393
y_hat_test,Phosphate-P,15,0.16729814051728248
y_hat_test,Phosphate-P,15,0.21635159244055058
y_hat_test,Phosphate-P,15,0.29339455121647506
y_hat_test,Phosphate-P,15,0.3455682175321516
y_hat_test,Phosphate-P,15,0.0032495761573914095
y_hat_test,Phosphate-P,15,0.13471608897985732
y_hat_test,Phosphate-P,15,0.42006178228630486
y_hat_test,Phosphate-P,15,0.3957957415714903
y_hat_test,Phosphate-P,15,0.29125804184892545
y_hat_test,Phosphate-P,15,0.4571319878349788
y_hat_test,Phosphate-P,15,0.5218614516617988
y_hat_test,Phosphate-P,15,0.3305458001659719
y_hat_test,Phosphate-P,15,0.2840811192746752
y_hat_test,Phosphate-P,15,0.18754922369345955
y_hat_test,Phosphate-P,15,0.4674075586493266
y_hat_test,Phosphate-P,15,0.17868794391728865
y_hat_test,Phosphate-P,15,0.5012697726713389
y_hat_test,Phosphate-P,15,0.19446619427455297
y_hat_test,Phosphate-P,15,0.19981504758946303
y_hat_test,Phosphate-P,15,0.27265483621513936
y_hat_test,Phosphate-P,15,0.406526304641157
y_hat_test,Phosphate-P,15,0.3589031941627149
y_hat_test,Phosphate-P,15,0.4501689820554485
y_hat_test,Phosphate-P,15,0.11152650555045046
y_hat_test,Phosphate-P,15,0.21807144838049808
y_hat_test,Phosphate-P,15,0.0066754661457824604
y_hat_test,Phosphate-P,15,0.2190739076739678
y_hat_test,Phosphate-P,15,0.291406943545272
y_hat_test,Phosphate-P,15,0.38188996678318166
y_hat_test,Phosphate-P,15,0.34628334608523104
y_hat_train,Phosphate-P,15,0.05361782457483785
y_hat_train,Phosphate-P,15,0.3378939751214205
y_hat_train,Phosphate-P,15,0.5596238558893534
y_hat_train,Phosphate-P,15,0.3507174632256044
y_hat_train,Phosphate-P,15,0.3521174765939895
y_hat_train,Phosphate-P,15,0.3663662192033277
y_hat_train,Phosphate-P,15,0.5071382188458886
y_hat_train,Phosphate-P,15,0.16518323341067565
y_hat_train,Phosphate-P,15,0.2300445560870429
y_hat_train,Phosphate-P,15,0.13121966949982147
y_hat_train,Phosphate-P,15,0.30570579836355116
y_hat_train,Phosphate-P,15,0.3479822573953858
y_hat_train,Phosphate-P,15,0.0816452824744395
y_hat_train,Phosphate-P,15,0.1905816175494714
y_hat_train,Phosphate-P,15,0.305519201086405
y_hat_train,Phosphate-P,15,0.19461284647981597
y_hat_train,Phosphate-P,15,0.32362884834813654
y_hat_train,Phosphate-P,15,0.2520787294977793
y_hat_train,Phosphate-P,15,0.30745058406740733
y_hat_train,Phosphate-P,15,0.32705525008723846
y_hat_train,Phosphate-P,15,0.4503657713170126
y_hat_train,Phosphate-P,15,0.302684367526635
y_hat_train,Phosphate-P,15,0.2080376459418366
y_hat_train,Phosphate-P,15,0.20964348325005763
y_hat_train,Phosphate-P,15,0.40324924756419345
y_hat_train,Phosphate-P,15,0.05503278629321942
y_hat_train,Phosphate-P,15,0.33150982603884593
y_hat_train,Phosphate-P,15,0.26289970942865454
y_hat_train,Phosphate-P,15,0.267327675669021
y_hat_train,Phosphate-P,15,0.017874750280029883
y_hat_train,Phosphate-P,15,0.22161056109904048
y_hat_train,Phosphate-P,15,0.27567601028942273
y_hat_train,Phosphate-P,15,0.2296529943785775
y_hat_train,Phosphate-P,15,0.3449276172819601
y_hat_train,Phosphate-P,15,0.2606681668324985
y_hat_train,Phosphate-P,15,0.2802531847199268
y_hat_train,Phosphate-P,15,0.20054075946505667
y_hat_train,Phosphate-P,15,0.5656075712656896
y_hat_train,Phosphate-P,15,0.1717008314879765
y_hat_train,Phosphate-P,15,0.23453438684261985
y_hat_train,Phosphate-P,15,0.07095625094381791
y_hat_train,Phosphate-P,15,0.27373865937130315
y_hat_train,Phosphate-P,15,0.3472825711056464
y_hat_train,Phosphate-P,15,0.10084275213997246
y_hat_train,Phosphate-P,15,0.36257027424744465
y_hat_train,Phosphate-P,15,0.30536618102609353
y_hat_train,Phosphate-P,15,0.2067547809814504
y_hat_train,Phosphate-P,15,0.19037440246842477
y_hat_train,Phosphate-P,15,0.26061739337822154
y_hat_train,Phosphate-P,15,0.097305983840201
y_hat_train,Phosphate-P,15,0.20536279382514286
y_hat_train,Phosphate-P,15,0.497791979667715
y_hat_train,Phosphate-P,15,0.3555980878619018
y_hat_train,Phosphate-P,15,0.38343245161670775
y_hat_train,Phosphate-P,15,0.44945443031991744
y_hat_train,Phosphate-P,15,0.2725191995255862
y_hat_train,Phosphate-P,15,0.43293561145232434
y_hat_train,Phosphate-P,15,-0.01690302979952013
y_hat_train,Phosphate-P,15,0.2755248968926376
y_hat_train,Phosphate-P,15,0.1716107723485823
y_hat_train,Phosphate-P,15,0.41029476921022967
y_hat_train,Phosphate-P,15,0.34745665340376675
y_hat_train,Phosphate-P,15,0.3061900123204678
y_hat_train,Phosphate-P,15,0.23181570855581335
y_hat_train,Phosphate-P,15,0.3005672558573947
y_hat_train,Phosphate-P,15,0.5241296523147194
y_hat_train,Phosphate-P,15,0.2212419803351653
y_hat_train,Phosphate-P,15,0.30556949847520604
y_hat_train,Phosphate-P,15,-0.11496173808845217
y_hat_train,Phosphate-P,15,0.03271826403024308
y_hat_train,Phosphate-P,15,0.31235364826329814
y_hat_train,Phosphate-P,15,0.22619052401667408
y_hat_train,Phosphate-P,15,0.18472763623780078
y_hat_train,Phosphate-P,15,0.3147044536738129
y_hat_train,Phosphate-P,15,0.21862520787626016
y_hat_train,Phosphate-P,15,0.2474108725297826
y_hat_train,Phosphate-P,15,0.023427967468753585
y_hat_train,Phosphate-P,15,0.6334311655592362
y_hat_train,Phosphate-P,15,0.4332288782747522
y_hat_train,Phosphate-P,15,0.19575329401031974
y_hat_train,Phosphate-P,15,0.1395467517097248
y_hat_train,Phosphate-P,15,0.3785559939449231
y_hat_train,Phosphate-P,15,0.10857368505016568
y_hat_train,Phosphate-P,15,0.32470325199254507
y_hat_train,Phosphate-P,15,0.3840211009719101
y_hat_train,Phosphate-P,15,0.5025060881414586
y_hat_train,Phosphate-P,15,0.42407644893097274
y_hat_train,Phosphate-P,15,0.49084835065783483
y_hat_train,Phosphate-P,15,0.29854004615063123
y_hat_train,Phosphate-P,15,0.4651912719374363
y_hat_train,Phosphate-P,15,0.48278185132800605
y_hat_train,Phosphate-P,15,0.24254159576305098
y_hat_train,Phosphate-P,15,0.4119769310587414
y_hat_train,Phosphate-P,15,0.02117806170588654
y_hat_train,Phosphate-P,15,0.2999222079997953
y_hat_train,Phosphate-P,15,0.13879876918974748
y_hat_train,Phosphate-P,15,0.11949201700785031
y_hat_train,Phosphate-P,15,0.2151238758842264
y_hat_train,Phosphate-P,15,0.3481156928986173
y_hat_train,Phosphate-P,15,0.23106970894309029
y_hat_train,Phosphate-P,15,0.4441039927629807
y_hat_train,Phosphate-P,15,0.22886827353251576
y_hat_train,Phosphate-P,15,0.3961358663632015
y_hat_train,Phosphate-P,15,0.32839948964253196
y_hat_train,Phosphate-P,15,0.2206112830795693
y_hat_train,Phosphate-P,15,0.1931254099616495
y_hat_train,Phosphate-P,15,0.2812462103790025
y_hat_train,Phosphate-P,15,0.26563346321088427
y_hat_train,Phosphate-P,15,0.3369554097075402
y_hat_train,Phosphate-P,15,0.3915469346908378
y_hat_train,Phosphate-P,15,0.3522331552851472
y_hat_train,Phosphate-P,15,0.39574714876436323
y_hat_train,Phosphate-P,15,0.016276743451938358
y_hat_train,Phosphate-P,15,0.22391767628342218
y_hat_train,Phosphate-P,15,0.297320595098488
y_hat_train,Phosphate-P,15,0.2821732215514516
y_hat_train,Phosphate-P,15,0.17291491011232735
y_hat_train,Phosphate-P,15,0.39657864188067965
y_hat_train,Phosphate-P,15,0.21670126357810632
y_hat_train,Phosphate-P,15,0.45492115602275746
y_hat_train,Phosphate-P,15,0.4305555612370223
y_hat_train,Phosphate-P,15,0.2986940140211549
y_hat_train,Phosphate-P,15,0.33333123991719205
y_hat_train,Phosphate-P,15,0.2422820653997941
y_hat_train,Phosphate-P,15,0.20595460842083188
y_hat_train,Phosphate-P,15,0.23106562472756767
y_hat_train,Phosphate-P,15,0.34177355816033195
y_hat_train,Phosphate-P,15,0.39097668046529144
y_hat_train,Phosphate-P,15,0.3730839273574248
y_hat_train,Phosphate-P,15,0.19878643509990104
y_hat_train,Phosphate-P,15,0.11607522385052654
y_hat_train,Phosphate-P,15,0.023522248747920138
y_hat_train,Phosphate-P,15,0.5456874596563497
y_true_train,Phosphate-P,15,0.058
y_true_train,Phosphate-P,15,0.110666667
y_true_train,Phosphate-P,15,0.890825762
y_true_train,Phosphate-P,15,0.880333333
y_true_train,Phosphate-P,15,0.03864
y_true_train,Phosphate-P,15,0.42907
y_true_train,Phosphate-P,15,0.114
y_true_train,Phosphate-P,15,0.531
y_true_train,Phosphate-P,15,0.264
y_true_train,Phosphate-P,15,0.092
y_true_train,Phosphate-P,15,0.36584
y_true_train,Phosphate-P,15,0.67654
y_true_train,Phosphate-P,15,0.108
y_true_train,Phosphate-P,15,0.081666667
y_true_train,Phosphate-P,15,0.11203
y_true_train,Phosphate-P,15,0.07185
y_true_train,Phosphate-P,15,0.750333333
y_true_train,Phosphate-P,15,0.34
y_true_train,Phosphate-P,15,0.104236832
y_true_train,Phosphate-P,15,0.271013196
y_true_train,Phosphate-P,15,0.239333333
y_true_train,Phosphate-P,15,0.44946521
y_true_train,Phosphate-P,15,0.086
y_true_train,Phosphate-P,15,0.163838414
y_true_train,Phosphate-P,15,0.554333333
y_true_train,Phosphate-P,15,0.102666667
y_true_train,Phosphate-P,15,0.10954
y_true_train,Phosphate-P,15,0.264
y_true_train,Phosphate-P,15,0.44981
y_true_train,Phosphate-P,15,0.08984
y_true_train,Phosphate-P,15,0.05119
y_true_train,Phosphate-P,15,0.098333333
y_true_train,Phosphate-P,15,0.06581
y_true_train,Phosphate-P,15,0.406666667
y_true_train,Phosphate-P,15,0.15785
y_true_train,Phosphate-P,15,0.229333333
y_true_train,Phosphate-P,15,0.09
y_true_train,Phosphate-P,15,0.69042
y_true_train,Phosphate-P,15,0.221333333
y_true_train,Phosphate-P,15,0.076666667
y_true_train,Phosphate-P,15,0.091666667
y_true_train,Phosphate-P,15,0.338333333
y_true_train,Phosphate-P,15,0.495666667
y_true_train,Phosphate-P,15,0.061333333
y_true_train,Phosphate-P,15,0.132
y_true_train,Phosphate-P,15,0.19012
y_true_train,Phosphate-P,15,0.14617
y_true_train,Phosphate-P,15,0.089
y_true_train,Phosphate-P,15,0.30041
y_true_train,Phosphate-P,15,0.088
y_true_train,Phosphate-P,15,0.08439
y_true_train,Phosphate-P,15,0.866544347
y_true_train,Phosphate-P,15,0.271013196
y_true_train,Phosphate-P,15,0.661834245
y_true_train,Phosphate-P,15,0.70909
y_true_train,Phosphate-P,15,0.09725
y_true_train,Phosphate-P,15,0.168488244
y_true_train,Phosphate-P,15,0.06773
y_true_train,Phosphate-P,15,0.200780147
y_true_train,Phosphate-P,15,0.16336
y_true_train,Phosphate-P,15,0.691666667
y_true_train,Phosphate-P,15,0.55
y_true_train,Phosphate-P,15,0.415
y_true_train,Phosphate-P,15,0.48344
y_true_train,Phosphate-P,15,0.124666667
y_true_train,Phosphate-P,15,0.11929
y_true_train,Phosphate-P,15,0.07112
y_true_train,Phosphate-P,15,0.052333333
y_true_train,Phosphate-P,15,0.07329
y_true_train,Phosphate-P,15,0.05315
y_true_train,Phosphate-P,15,0.10434
y_true_train,Phosphate-P,15,0.557
y_true_train,Phosphate-P,15,0.338333333
y_true_train,Phosphate-P,15,0.132
y_true_train,Phosphate-P,15,0.12965646
y_true_train,Phosphate-P,15,0.416666667
y_true_train,Phosphate-P,15,0.05799
y_true_train,Phosphate-P,15,0.834333333
y_true_train,Phosphate-P,15,0.728666667
y_true_train,Phosphate-P,15,0.1027
y_true_train,Phosphate-P,15,0.08157
y_true_train,Phosphate-P,15,0.120092955
y_true_train,Phosphate-P,15,0.0686
y_true_train,Phosphate-P,15,0.686666667
y_true_train,Phosphate-P,15,0.817666667
y_true_train,Phosphate-P,15,0.191666667
y_true_train,Phosphate-P,15,0.205603597
y_true_train,Phosphate-P,15,0.336730892
y_true_train,Phosphate-P,15,0.38031
y_true_train,Phosphate-P,15,0.527
y_true_train,Phosphate-P,15,0.67156
y_true_train,Phosphate-P,15,0.05031
y_true_train,Phosphate-P,15,0.727666667
y_true_train,Phosphate-P,15,0.05571
y_true_train,Phosphate-P,15,0.098666667
y_true_train,Phosphate-P,15,0.116706814
y_true_train,Phosphate-P,15,0.03695
y_true_train,Phosphate-P,15,0.12965646
y_true_train,Phosphate-P,15,0.588000088
y_true_train,Phosphate-P,15,0.54935
y_true_train,Phosphate-P,15,0.457286778
y_true_train,Phosphate-P,15,0.158333333
y_true_train,Phosphate-P,15,0.153666667
y_true_train,Phosphate-P,15,0.14079
y_true_train,Phosphate-P,15,0.189666667
y_true_train,Phosphate-P,15,0.466666667
y_true_train,Phosphate-P,15,0.34749
y_true_train,Phosphate-P,15,0.22296
y_true_train,Phosphate-P,15,0.53977
y_true_train,Phosphate-P,15,0.150156265
y_true_train,Phosphate-P,15,0.11026
y_true_train,Phosphate-P,15,0.158
y_true_train,Phosphate-P,15,0.16774969
y_true_train,Phosphate-P,15,0.06275
y_true_train,Phosphate-P,15,0.07735
y_true_train,Phosphate-P,15,0.089
y_true_train,Phosphate-P,15,0.116706814
y_true_train,Phosphate-P,15,0.528
y_true_train,Phosphate-P,15,0.07105
y_true_train,Phosphate-P,15,0.470497874
y_true_train,Phosphate-P,15,0.708
y_true_train,Phosphate-P,15,0.59085
y_true_train,Phosphate-P,15,0.284666667
y_true_train,Phosphate-P,15,0.36624
y_true_train,Phosphate-P,15,0.177
y_true_train,Phosphate-P,15,0.08433
y_true_train,Phosphate-P,15,0.166804647
y_true_train,Phosphate-P,15,0.601333333
y_true_train,Phosphate-P,15,0.108666667
y_true_train,Phosphate-P,15,0.082
y_true_train,Phosphate-P,15,0.05293
y_true_train,Phosphate-P,15,0.187666667
y_true_train,Phosphate-P,15,0.562333333
y_true_test,Phosphate-P,15,0.996333333
y_true_test,Phosphate-P,15,0.166804647
y_true_test,Phosphate-P,15,0.24417
y_true_test,Phosphate-P,15,0.15989332
y_true_test,Phosphate-P,15,0.1692
y_true_test,Phosphate-P,15,0.078333333
y_true_test,Phosphate-P,15,0.27718
y_true_test,Phosphate-P,15,0.089
y_true_test,Phosphate-P,15,0.061333333
y_true_test,Phosphate-P,15,0.18067
y_true_test,Phosphate-P,15,0.136666667
y_true_test,Phosphate-P,15,0.40176
y_true_test,Phosphate-P,15,0.081
y_true_test,Phosphate-P,15,0.090333333
y_true_test,Phosphate-P,15,0.104333333
y_true_test,Phosphate-P,15,0.06315
y_true_test,Phosphate-P,15,0.228333333
y_true_test,Phosphate-P,15,0.546666667
y_true_test,Phosphate-P,15,0.41883
y_true_test,Phosphate-P,15,0.51
y_true_test,Phosphate-P,15,0.156
y_true_test,Phosphate-P,15,0.336
y_true_test,Phosphate-P,15,0.073666667
y_true_test,Phosphate-P,15,0.613333333
y_true_test,Phosphate-P,15,0.55
y_true_test,Phosphate-P,15,0.33558
y_true_test,Phosphate-P,15,0.05276
y_true_test,Phosphate-P,15,0.152333333
y_true_test,Phosphate-P,15,0.08955
y_true_test,Phosphate-P,15,0.08646
y_true_test,Phosphate-P,15,0.123
y_true_test,Phosphate-P,15,0.131
y_true_test,Phosphate-P,15,0.068
y_true_test,Phosphate-P,15,0.10184
y_true_test,Phosphate-P,15,0.107666667
y_true_test,Phosphate-P,15,0.728098185
y_true_test,Phosphate-P,15,0.34249
y_true_test,Phosphate-P,15,0.11770379
y_true_test,Phosphate-P,15,0.094
y_true_test,Phosphate-P,15,0.619333333
y_true_test,Phosphate-P,15,0.078333333
y_true_test,Phosphate-P,15,0.09747
y_true_test,Phosphate-P,15,0.089333333
y_true_test,Phosphate-P,15,0.167
y_true_test,Phosphate-P,15,0.42907
y_true_test,Phosphate-P,15,0.078
y_true_test,Phosphate-P,15,0.071
y_true_test,Phosphate-P,15,0.119
y_true_test,Phosphate-P,15,0.46794
y_true_test,Phosphate-P,15,0.72154
y_true_test,Phosphate-P,15,0.631870027
y_true_test,Phosphate-P,15,0.106524044
y_true_test,Phosphate-P,15,0.2953
y_true_test,Phosphate-P,15,0.04722
y_true_test,Phosphate-P,15,0.0512
y_true_test,Phosphate-P,15,0.398
y_true_test,Phosphate-P,15,0.6755
y_true_test,Phosphate-P,15,0.757333333
test_ind,Phosphate-P,15,281.0
test_ind,Phosphate-P,15,175.0
test_ind,Phosphate-P,15,23.0
test_ind,Phosphate-P,15,192.0
test_ind,Phosphate-P,15,167.0
test_ind,Phosphate-P,15,215.0
test_ind,Phosphate-P,15,119.0
test_ind,Phosphate-P,15,76.0
test_ind,Phosphate-P,15,190.0
test_ind,Phosphate-P,15,52.0
test_ind,Phosphate-P,15,347.0
test_ind,Phosphate-P,15,136.0
test_ind,Phosphate-P,15,270.0
test_ind,Phosphate-P,15,395.0
test_ind,Phosphate-P,15,300.0
test_ind,Phosphate-P,15,16.0
test_ind,Phosphate-P,15,365.0
test_ind,Phosphate-P,15,345.0
test_ind,Phosphate-P,15,258.0
test_ind,Phosphate-P,15,391.0
test_ind,Phosphate-P,15,398.0
test_ind,Phosphate-P,15,353.0
test_ind,Phosphate-P,15,343.0
test_ind,Phosphate-P,15,295.0
test_ind,Phosphate-P,15,142.0
test_ind,Phosphate-P,15,61.0
test_ind,Phosphate-P,15,42.0
test_ind,Phosphate-P,15,374.0
test_ind,Phosphate-P,15,213.0
test_ind,Phosphate-P,15,243.0
test_ind,Phosphate-P,15,293.0
test_ind,Phosphate-P,15,266.0
test_ind,Phosphate-P,15,6.0
test_ind,Phosphate-P,15,72.0
test_ind,Phosphate-P,15,315.0
test_ind,Phosphate-P,15,145.0
test_ind,Phosphate-P,15,120.0
test_ind,Phosphate-P,15,231.0
test_ind,Phosphate-P,15,311.0
test_ind,Phosphate-P,15,362.0
test_ind,Phosphate-P,15,216.0
test_ind,Phosphate-P,15,51.0
test_ind,Phosphate-P,15,318.0
test_ind,Phosphate-P,15,12.0
test_ind,Phosphate-P,15,96.0
test_ind,Phosphate-P,15,342.0
test_ind,Phosphate-P,15,306.0
test_ind,Phosphate-P,15,381.0
test_ind,Phosphate-P,15,98.0
test_ind,Phosphate-P,15,64.0
test_ind,Phosphate-P,15,104.0
test_ind,Phosphate-P,15,193.0
test_ind,Phosphate-P,15,233.0
test_ind,Phosphate-P,15,232.0
test_ind,Phosphate-P,15,41.0
test_ind,Phosphate-P,15,280.0
test_ind,Phosphate-P,15,236.0
test_ind,Phosphate-P,15,361.0
train_ind,Phosphate-P,15,385.0
train_ind,Phosphate-P,15,305.0
train_ind,Phosphate-P,15,143.0
train_ind,Phosphate-P,15,344.0
train_ind,Phosphate-P,15,20.0
train_ind,Phosphate-P,15,97.0
train_ind,Phosphate-P,15,320.0
train_ind,Phosphate-P,15,8.0
train_ind,Phosphate-P,15,121.0
train_ind,Phosphate-P,15,11.0
train_ind,Phosphate-P,15,27.0
train_ind,Phosphate-P,15,139.0
train_ind,Phosphate-P,15,2.0
train_ind,Phosphate-P,15,278.0
train_ind,Phosphate-P,15,212.0
train_ind,Phosphate-P,15,55.0
train_ind,Phosphate-P,15,373.0
train_ind,Phosphate-P,15,358.0
train_ind,Phosphate-P,15,194.0
train_ind,Phosphate-P,15,125.0
train_ind,Phosphate-P,15,312.0
train_ind,Phosphate-P,15,123.0
train_ind,Phosphate-P,15,265.0
train_ind,Phosphate-P,15,79.0
train_ind,Phosphate-P,15,338.0
train_ind,Phosphate-P,15,370.0
train_ind,Phosphate-P,15,15.0
train_ind,Phosphate-P,15,122.0
train_ind,Phosphate-P,15,244.0
train_ind,Phosphate-P,15,188.0
train_ind,Phosphate-P,15,69.0
train_ind,Phosphate-P,15,287.0
train_ind,Phosphate-P,15,238.0
train_ind,Phosphate-P,15,260.0
train_ind,Phosphate-P,15,169.0
train_ind,Phosphate-P,15,351.0
train_ind,Phosphate-P,15,359.0
train_ind,Phosphate-P,15,138.0
train_ind,Phosphate-P,15,382.0
train_ind,Phosphate-P,15,389.0
train_ind,Phosphate-P,15,349.0
train_ind,Phosphate-P,15,101.0
train_ind,Phosphate-P,15,262.0
train_ind,Phosphate-P,15,191.0
train_ind,Phosphate-P,15,171.0
train_ind,Phosphate-P,15,28.0
train_ind,Phosphate-P,15,248.0
train_ind,Phosphate-P,15,74.0
train_ind,Phosphate-P,15,95.0
train_ind,Phosphate-P,15,323.0
train_ind,Phosphate-P,15,249.0
train_ind,Phosphate-P,15,144.0
train_ind,Phosphate-P,15,126.0
train_ind,Phosphate-P,15,103.0
train_ind,Phosphate-P,15,140.0
train_ind,Phosphate-P,15,250.0
train_ind,Phosphate-P,15,218.0
train_ind,Phosphate-P,15,71.0
train_ind,Phosphate-P,15,173.0
train_ind,Phosphate-P,15,57.0
train_ind,Phosphate-P,15,319.0
train_ind,Phosphate-P,15,141.0
train_ind,Phosphate-P,15,302.0
train_ind,Phosphate-P,15,65.0
train_ind,Phosphate-P,15,268.0
train_ind,Phosphate-P,15,166.0
train_ind,Phosphate-P,15,34.0
train_ind,Phosphate-P,15,292.0
train_ind,Phosphate-P,15,189.0
train_ind,Phosphate-P,15,38.0
train_ind,Phosphate-P,15,186.0
train_ind,Phosphate-P,15,372.0
train_ind,Phosphate-P,15,100.0
train_ind,Phosphate-P,15,170.0
train_ind,Phosphate-P,15,78.0
train_ind,Phosphate-P,15,279.0
train_ind,Phosphate-P,15,67.0
train_ind,Phosphate-P,15,298.0
train_ind,Phosphate-P,15,269.0
train_ind,Phosphate-P,15,237.0
train_ind,Phosphate-P,15,187.0
train_ind,Phosphate-P,15,165.0
train_ind,Phosphate-P,15,59.0
train_ind,Phosphate-P,15,390.0
train_ind,Phosphate-P,15,392.0
train_ind,Phosphate-P,15,324.0
train_ind,Phosphate-P,15,172.0
train_ind,Phosphate-P,15,94.0
train_ind,Phosphate-P,15,49.0
train_ind,Phosphate-P,15,291.0
train_ind,Phosphate-P,15,137.0
train_ind,Phosphate-P,15,14.0
train_ind,Phosphate-P,15,9.0
train_ind,Phosphate-P,15,214.0
train_ind,Phosphate-P,15,346.0
train_ind,Phosphate-P,15,219.0
train_ind,Phosphate-P,15,43.0
train_ind,Phosphate-P,15,77.0
train_ind,Phosphate-P,15,102.0
train_ind,Phosphate-P,15,99.0
train_ind,Phosphate-P,15,164.0
train_ind,Phosphate-P,15,326.0
train_ind,Phosphate-P,15,386.0
train_ind,Phosphate-P,15,211.0
train_ind,Phosphate-P,15,378.0
train_ind,Phosphate-P,15,3.0
train_ind,Phosphate-P,15,247.0
train_ind,Phosphate-P,15,118.0
train_ind,Phosphate-P,15,29.0
train_ind,Phosphate-P,15,217.0
train_ind,Phosphate-P,15,168.0
train_ind,Phosphate-P,15,333.0
train_ind,Phosphate-P,15,80.0
train_ind,Phosphate-P,15,39.0
train_ind,Phosphate-P,15,73.0
train_ind,Phosphate-P,15,75.0
train_ind,Phosphate-P,15,220.0
train_ind,Phosphate-P,15,304.0
train_ind,Phosphate-P,15,17.0
train_ind,Phosphate-P,15,124.0
train_ind,Phosphate-P,15,341.0
train_ind,Phosphate-P,15,48.0
train_ind,Phosphate-P,15,339.0
train_ind,Phosphate-P,15,36.0
train_ind,Phosphate-P,15,366.0
train_ind,Phosphate-P,15,252.0
train_ind,Phosphate-P,15,174.0
train_ind,Phosphate-P,15,329.0
train_ind,Phosphate-P,15,332.0
train_ind,Phosphate-P,15,274.0
train_ind,Phosphate-P,15,257.0
train_ind,Phosphate-P,15,284.0
train_ind,Phosphate-P,15,299.0
test_rsq,Phosphate-P,15,0.08636643502891417
train_rsq,Phosphate-P,15,0.3227707812180832
test_rmse,Phosphate-P,15,0.2199925388250334
train_rmse,Phosphate-P,15,0.19282739779210967
test_mape,Phosphate-P,15,116.51486037788314
train_mape,Phosphate-P,15,99.81465041800769
n_comp,Phosphate-P,15,7.0
y_hat_test,Phosphate-P,16,0.35073984606481473
y_hat_test,Phosphate-P,16,0.21692101341869707
y_hat_test,Phosphate-P,16,0.3077773061136962
y_hat_test,Phosphate-P,16,0.29636719740145884
y_hat_test,Phosphate-P,16,0.4147034357174117
y_hat_test,Phosphate-P,16,0.5460047571846269
y_hat_test,Phosphate-P,16,0.29752439684729026
y_hat_test,Phosphate-P,16,0.575400194249998
y_hat_test,Phosphate-P,16,0.4046807093212769
y_hat_test,Phosphate-P,16,0.3231980995586195
y_hat_test,Phosphate-P,16,0.31314900732762
y_hat_test,Phosphate-P,16,0.3885848571933651
y_hat_test,Phosphate-P,16,0.017916463632394075
y_hat_test,Phosphate-P,16,0.2851804821881073
y_hat_test,Phosphate-P,16,0.039399076014103834
y_hat_test,Phosphate-P,16,0.3443301604163358
y_hat_test,Phosphate-P,16,0.2852139496042746
y_hat_test,Phosphate-P,16,0.25462382543699213
y_hat_test,Phosphate-P,16,0.08003153881391045
y_hat_test,Phosphate-P,16,0.33417451332359416
y_hat_test,Phosphate-P,16,0.22979375528188792
y_hat_test,Phosphate-P,16,0.12456519932417479
y_hat_test,Phosphate-P,16,0.2654928851496011
y_hat_test,Phosphate-P,16,0.26407799742157834
y_hat_test,Phosphate-P,16,0.16308966613871104
y_hat_test,Phosphate-P,16,0.46023773745207874
y_hat_test,Phosphate-P,16,0.1328807750622973
y_hat_test,Phosphate-P,16,0.15707593982186993
y_hat_test,Phosphate-P,16,0.12081742681186883
y_hat_test,Phosphate-P,16,0.29251764963373555
y_hat_test,Phosphate-P,16,0.27038198773150895
y_hat_test,Phosphate-P,16,0.22507589630801605
y_hat_test,Phosphate-P,16,0.37793412183011155
y_hat_test,Phosphate-P,16,0.37265021956238453
y_hat_test,Phosphate-P,16,0.19667302275559084
y_hat_test,Phosphate-P,16,0.4152931259002628
y_hat_test,Phosphate-P,16,0.2645272551267616
y_hat_test,Phosphate-P,16,0.2146278209390933
y_hat_test,Phosphate-P,16,0.07910683898955467
y_hat_test,Phosphate-P,16,0.32260481778634215
y_hat_test,Phosphate-P,16,0.4842187634417774
y_hat_test,Phosphate-P,16,0.31271464821523987
y_hat_test,Phosphate-P,16,0.2729953431803949
y_hat_test,Phosphate-P,16,0.3163418787755502
y_hat_test,Phosphate-P,16,0.21948822926380868
y_hat_test,Phosphate-P,16,0.24355916816920145
y_hat_test,Phosphate-P,16,0.16672803347569706
y_hat_test,Phosphate-P,16,0.2390320979126675
y_hat_test,Phosphate-P,16,0.4341255688175567
y_hat_test,Phosphate-P,16,0.318446275967285
y_hat_test,Phosphate-P,16,0.3701985426309976
y_hat_test,Phosphate-P,16,0.3312116739046348
y_hat_test,Phosphate-P,16,0.09006206261621677
y_hat_test,Phosphate-P,16,0.2830212391420266
y_hat_test,Phosphate-P,16,0.3676149835141203
y_hat_test,Phosphate-P,16,0.31709390308596636
y_hat_test,Phosphate-P,16,0.2446262673553755
y_hat_test,Phosphate-P,16,0.30414829429890117
y_hat_train,Phosphate-P,16,0.3477989567534591
y_hat_train,Phosphate-P,16,0.4386408142802142
y_hat_train,Phosphate-P,16,0.35729068663590335
y_hat_train,Phosphate-P,16,0.36240912256281704
y_hat_train,Phosphate-P,16,0.2405690733750256
y_hat_train,Phosphate-P,16,0.36234087823351513
y_hat_train,Phosphate-P,16,0.23604778863353598
y_hat_train,Phosphate-P,16,0.2430920990346643
y_hat_train,Phosphate-P,16,0.4423366951354611
y_hat_train,Phosphate-P,16,0.3518562125357958
y_hat_train,Phosphate-P,16,-0.030597297247976774
y_hat_train,Phosphate-P,16,0.2727715248183662
y_hat_train,Phosphate-P,16,0.32750073074930175
y_hat_train,Phosphate-P,16,0.33632927405935925
y_hat_train,Phosphate-P,16,0.14541690654632375
y_hat_train,Phosphate-P,16,0.3034929254530941
y_hat_train,Phosphate-P,16,0.6315901308309639
y_hat_train,Phosphate-P,16,0.28428720336525365
y_hat_train,Phosphate-P,16,0.2635554955423332
y_hat_train,Phosphate-P,16,0.3556123034453273
y_hat_train,Phosphate-P,16,0.10633308915244571
y_hat_train,Phosphate-P,16,0.12182595357747622
y_hat_train,Phosphate-P,16,0.09713006252739237
y_hat_train,Phosphate-P,16,0.6925661766142845
y_hat_train,Phosphate-P,16,0.19639669548871155
y_hat_train,Phosphate-P,16,0.35730498120549875
y_hat_train,Phosphate-P,16,0.422576547920336
y_hat_train,Phosphate-P,16,0.3401505737094736
y_hat_train,Phosphate-P,16,0.19431318880508147
y_hat_train,Phosphate-P,16,0.38274312925870535
y_hat_train,Phosphate-P,16,0.1281917713318799
y_hat_train,Phosphate-P,16,0.2553382650165894
y_hat_train,Phosphate-P,16,-0.08848980490607117
y_hat_train,Phosphate-P,16,0.27958665438113844
y_hat_train,Phosphate-P,16,0.17829338352042023
y_hat_train,Phosphate-P,16,0.2676811385654956
y_hat_train,Phosphate-P,16,0.11440206468679792
y_hat_train,Phosphate-P,16,0.24118369378395887
y_hat_train,Phosphate-P,16,0.2885168783844423
y_hat_train,Phosphate-P,16,0.10271312860795773
y_hat_train,Phosphate-P,16,0.21121090454472394
y_hat_train,Phosphate-P,16,0.2856262266446775
y_hat_train,Phosphate-P,16,0.2595819488115235
y_hat_train,Phosphate-P,16,0.20674369717850072
y_hat_train,Phosphate-P,16,0.20232299381465677
y_hat_train,Phosphate-P,16,0.39305517046322097
y_hat_train,Phosphate-P,16,0.1799111873815914
y_hat_train,Phosphate-P,16,0.1400991029081469
y_hat_train,Phosphate-P,16,0.4393518221303187
y_hat_train,Phosphate-P,16,0.060333934442320686
y_hat_train,Phosphate-P,16,0.28710847278464796
y_hat_train,Phosphate-P,16,0.09620633895326342
y_hat_train,Phosphate-P,16,0.24135160947310294
y_hat_train,Phosphate-P,16,0.33414110018612037
y_hat_train,Phosphate-P,16,0.2492329219641609
y_hat_train,Phosphate-P,16,0.35673008168234066
y_hat_train,Phosphate-P,16,0.40004402679819867
y_hat_train,Phosphate-P,16,0.2619749257702586
y_hat_train,Phosphate-P,16,0.46079653491615435
y_hat_train,Phosphate-P,16,0.3549227749925472
y_hat_train,Phosphate-P,16,0.02435960438959442
y_hat_train,Phosphate-P,16,0.2367882301332183
y_hat_train,Phosphate-P,16,0.08710777852241214
y_hat_train,Phosphate-P,16,0.2077516045574751
y_hat_train,Phosphate-P,16,0.26409492093049847
y_hat_train,Phosphate-P,16,0.2926727179550832
y_hat_train,Phosphate-P,16,0.3312042504119861
y_hat_train,Phosphate-P,16,-0.007542328647611507
y_hat_train,Phosphate-P,16,-0.0015990658764852839
y_hat_train,Phosphate-P,16,0.46000745937494714
y_hat_train,Phosphate-P,16,0.06438414911982293
y_hat_train,Phosphate-P,16,0.246789912443424
y_hat_train,Phosphate-P,16,0.23579494555751027
y_hat_train,Phosphate-P,16,0.19138618963483853
y_hat_train,Phosphate-P,16,0.21413388540664635
y_hat_train,Phosphate-P,16,0.24883528347356776
y_hat_train,Phosphate-P,16,0.3293822331805746
y_hat_train,Phosphate-P,16,0.09728150299656668
y_hat_train,Phosphate-P,16,0.494454540473185
y_hat_train,Phosphate-P,16,0.27999183027697205
y_hat_train,Phosphate-P,16,0.17514636546807688
y_hat_train,Phosphate-P,16,0.2648918917831803
y_hat_train,Phosphate-P,16,0.23494597292370245
y_hat_train,Phosphate-P,16,0.24682453777688507
y_hat_train,Phosphate-P,16,0.17191226964213968
y_hat_train,Phosphate-P,16,0.07535223668893601
y_hat_train,Phosphate-P,16,0.07535185912140355
y_hat_train,Phosphate-P,16,0.09022022937003807
y_hat_train,Phosphate-P,16,0.05184023784069286
y_hat_train,Phosphate-P,16,0.0884590797235022
y_hat_train,Phosphate-P,16,0.34258624634313484
y_hat_train,Phosphate-P,16,0.02566967992713942
y_hat_train,Phosphate-P,16,0.30831391685709375
y_hat_train,Phosphate-P,16,0.24707229430885097
y_hat_train,Phosphate-P,16,0.12032354677072982
y_hat_train,Phosphate-P,16,0.2970809629664372
y_hat_train,Phosphate-P,16,0.42722632631502777
y_hat_train,Phosphate-P,16,0.430070501149727
y_hat_train,Phosphate-P,16,0.2724671749715364
y_hat_train,Phosphate-P,16,0.3500823954945304
y_hat_train,Phosphate-P,16,0.25778674329145895
y_hat_train,Phosphate-P,16,0.053843628413754896
y_hat_train,Phosphate-P,16,0.17125684922153642
y_hat_train,Phosphate-P,16,0.17430171908102773
y_hat_train,Phosphate-P,16,0.3164329603456422
y_hat_train,Phosphate-P,16,0.19232406978699612
y_hat_train,Phosphate-P,16,0.21219746300676995
y_hat_train,Phosphate-P,16,0.24362941813957822
y_hat_train,Phosphate-P,16,0.1831384427258727
y_hat_train,Phosphate-P,16,0.1988823936753168
y_hat_train,Phosphate-P,16,0.18902817528723803
y_hat_train,Phosphate-P,16,0.23694040068571218
y_hat_train,Phosphate-P,16,0.2596951593001558
y_hat_train,Phosphate-P,16,0.5037735938262957
y_hat_train,Phosphate-P,16,0.38685972164895427
y_hat_train,Phosphate-P,16,0.24038771180294877
y_hat_train,Phosphate-P,16,0.3326072210190714
y_hat_train,Phosphate-P,16,0.19518552987678156
y_hat_train,Phosphate-P,16,0.4615887560969396
y_hat_train,Phosphate-P,16,0.1999922906707347
y_hat_train,Phosphate-P,16,0.35871302427955054
y_hat_train,Phosphate-P,16,0.31113548155962456
y_hat_train,Phosphate-P,16,0.27784407924156107
y_hat_train,Phosphate-P,16,0.2688221984011348
y_hat_train,Phosphate-P,16,0.23085949209221937
y_hat_train,Phosphate-P,16,0.4102406455120395
y_hat_train,Phosphate-P,16,0.19716048544044182
y_hat_train,Phosphate-P,16,0.217477500652293
y_hat_train,Phosphate-P,16,0.22496093168735176
y_hat_train,Phosphate-P,16,0.1880375066134334
y_hat_train,Phosphate-P,16,0.28762354048180067
y_hat_train,Phosphate-P,16,0.3087243983469248
y_hat_train,Phosphate-P,16,0.18925415381661376
y_true_train,Phosphate-P,16,0.089333333
y_true_train,Phosphate-P,16,0.42907
y_true_train,Phosphate-P,16,0.114
y_true_train,Phosphate-P,16,0.527
y_true_train,Phosphate-P,16,0.10434
y_true_train,Phosphate-P,16,0.191666667
y_true_train,Phosphate-P,16,0.104333333
y_true_train,Phosphate-P,16,0.18067
y_true_train,Phosphate-P,16,0.457286778
y_true_train,Phosphate-P,16,0.55
y_true_train,Phosphate-P,16,0.06773
y_true_train,Phosphate-P,16,0.44981
y_true_train,Phosphate-P,16,0.36584
y_true_train,Phosphate-P,16,0.271013196
y_true_train,Phosphate-P,16,0.092
y_true_train,Phosphate-P,16,0.55
y_true_train,Phosphate-P,16,0.631870027
y_true_train,Phosphate-P,16,0.54935
y_true_train,Phosphate-P,16,0.098333333
y_true_train,Phosphate-P,16,0.601333333
y_true_train,Phosphate-P,16,0.187666667
y_true_train,Phosphate-P,16,0.106524044
y_true_train,Phosphate-P,16,0.090333333
y_true_train,Phosphate-P,16,0.69042
y_true_train,Phosphate-P,16,0.08646
y_true_train,Phosphate-P,16,0.619333333
y_true_train,Phosphate-P,16,0.817666667
y_true_train,Phosphate-P,16,0.46794
y_true_train,Phosphate-P,16,0.078333333
y_true_train,Phosphate-P,16,0.120092955
y_true_train,Phosphate-P,16,0.116706814
y_true_train,Phosphate-P,16,0.05119
y_true_train,Phosphate-P,16,0.08984
y_true_train,Phosphate-P,16,0.398
y_true_train,Phosphate-P,16,0.09747
y_true_train,Phosphate-P,16,0.07105
y_true_train,Phosphate-P,16,0.163838414
y_true_train,Phosphate-P,16,0.131
y_true_train,Phosphate-P,16,0.33558
y_true_train,Phosphate-P,16,0.200780147
y_true_train,Phosphate-P,16,0.09725
y_true_train,Phosphate-P,16,0.36624
y_true_train,Phosphate-P,16,0.108666667
y_true_train,Phosphate-P,16,0.116706814
y_true_train,Phosphate-P,16,0.531
y_true_train,Phosphate-P,16,0.67654
y_true_train,Phosphate-P,16,0.08955
y_true_train,Phosphate-P,16,0.158333333
y_true_train,Phosphate-P,16,0.166804647
y_true_train,Phosphate-P,16,0.091666667
y_true_train,Phosphate-P,16,0.27718
y_true_train,Phosphate-P,16,0.05799
y_true_train,Phosphate-P,16,0.089
y_true_train,Phosphate-P,16,0.11203
y_true_train,Phosphate-P,16,0.416666667
y_true_train,Phosphate-P,16,0.271013196
y_true_train,Phosphate-P,16,0.996333333
y_true_train,Phosphate-P,16,0.119
y_true_train,Phosphate-P,16,0.11770379
y_true_train,Phosphate-P,16,0.880333333
y_true_train,Phosphate-P,16,0.05571
y_true_train,Phosphate-P,16,0.06275
y_true_train,Phosphate-P,16,0.061333333
y_true_train,Phosphate-P,16,0.189666667
y_true_train,Phosphate-P,16,0.06581
y_true_train,Phosphate-P,16,0.415
y_true_train,Phosphate-P,16,0.152333333
y_true_train,Phosphate-P,16,0.068
y_true_train,Phosphate-P,16,0.058
y_true_train,Phosphate-P,16,0.205603597
y_true_train,Phosphate-P,16,0.10184
y_true_train,Phosphate-P,16,0.15785
y_true_train,Phosphate-P,16,0.07185
y_true_train,Phosphate-P,16,0.052333333
y_true_train,Phosphate-P,16,0.03695
y_true_train,Phosphate-P,16,0.177
y_true_train,Phosphate-P,16,0.59085
y_true_train,Phosphate-P,16,0.061333333
y_true_train,Phosphate-P,16,0.470497874
y_true_train,Phosphate-P,16,0.38031
y_true_train,Phosphate-P,16,0.081666667
y_true_train,Phosphate-P,16,0.24417
y_true_train,Phosphate-P,16,0.167
y_true_train,Phosphate-P,16,0.30041
y_true_train,Phosphate-P,16,0.221333333
y_true_train,Phosphate-P,16,0.05293
y_true_train,Phosphate-P,16,0.04722
y_true_train,Phosphate-P,16,0.08157
y_true_train,Phosphate-P,16,0.102666667
y_true_train,Phosphate-P,16,0.16774969
y_true_train,Phosphate-P,16,0.107666667
y_true_train,Phosphate-P,16,0.05315
y_true_train,Phosphate-P,16,0.05276
y_true_train,Phosphate-P,16,0.07112
y_true_train,Phosphate-P,16,0.228333333
y_true_train,Phosphate-P,16,0.557
y_true_train,Phosphate-P,16,0.53977
y_true_train,Phosphate-P,16,0.166804647
y_true_train,Phosphate-P,16,0.07735
y_true_train,Phosphate-P,16,0.19012
y_true_train,Phosphate-P,16,0.2953
y_true_train,Phosphate-P,16,0.081
y_true_train,Phosphate-P,16,0.089
y_true_train,Phosphate-P,16,0.071
y_true_train,Phosphate-P,16,0.10954
y_true_train,Phosphate-P,16,0.14617
y_true_train,Phosphate-P,16,0.34749
y_true_train,Phosphate-P,16,0.136666667
y_true_train,Phosphate-P,16,0.16336
y_true_train,Phosphate-P,16,0.078333333
y_true_train,Phosphate-P,16,0.082
y_true_train,Phosphate-P,16,0.15989332
y_true_train,Phosphate-P,16,0.073666667
y_true_train,Phosphate-P,16,0.728098185
y_true_train,Phosphate-P,16,0.72154
y_true_train,Phosphate-P,16,0.51
y_true_train,Phosphate-P,16,0.708
y_true_train,Phosphate-P,16,0.08439
y_true_train,Phosphate-P,16,0.094
y_true_train,Phosphate-P,16,0.1027
y_true_train,Phosphate-P,16,0.34249
y_true_train,Phosphate-P,16,0.41883
y_true_train,Phosphate-P,16,0.554333333
y_true_train,Phosphate-P,16,0.110666667
y_true_train,Phosphate-P,16,0.12965646
y_true_train,Phosphate-P,16,0.727666667
y_true_train,Phosphate-P,16,0.284666667
y_true_train,Phosphate-P,16,0.124666667
y_true_train,Phosphate-P,16,0.086
y_true_train,Phosphate-P,16,0.40176
y_true_train,Phosphate-P,16,0.70909
y_true_train,Phosphate-P,16,0.406666667
y_true_train,Phosphate-P,16,0.336
y_true_test,Phosphate-P,16,0.728666667
y_true_test,Phosphate-P,16,0.264
y_true_test,Phosphate-P,16,0.158
y_true_test,Phosphate-P,16,0.528
y_true_test,Phosphate-P,16,0.150156265
y_true_test,Phosphate-P,16,0.11929
y_true_test,Phosphate-P,16,0.42907
y_true_test,Phosphate-P,16,0.336730892
y_true_test,Phosphate-P,16,0.890825762
y_true_test,Phosphate-P,16,0.6755
y_true_test,Phosphate-P,16,0.229333333
y_true_test,Phosphate-P,16,0.834333333
y_true_test,Phosphate-P,16,0.088
y_true_test,Phosphate-P,16,0.686666667
y_true_test,Phosphate-P,16,0.108
y_true_test,Phosphate-P,16,0.104236832
y_true_test,Phosphate-P,16,0.098666667
y_true_test,Phosphate-P,16,0.48344
y_true_test,Phosphate-P,16,0.078
y_true_test,Phosphate-P,16,0.153666667
y_true_test,Phosphate-P,16,0.05031
y_true_test,Phosphate-P,16,0.0686
y_true_test,Phosphate-P,16,0.44946521
y_true_test,Phosphate-P,16,0.691666667
y_true_test,Phosphate-P,16,0.06315
y_true_test,Phosphate-P,16,0.239333333
y_true_test,Phosphate-P,16,0.613333333
y_true_test,Phosphate-P,16,0.338333333
y_true_test,Phosphate-P,16,0.338333333
y_true_test,Phosphate-P,16,0.562333333
y_true_test,Phosphate-P,16,0.34
y_true_test,Phosphate-P,16,0.09
y_true_test,Phosphate-P,16,0.67156
y_true_test,Phosphate-P,16,0.132
y_true_test,Phosphate-P,16,0.123
y_true_test,Phosphate-P,16,0.168488244
y_true_test,Phosphate-P,16,0.08433
y_true_test,Phosphate-P,16,0.0512
y_true_test,Phosphate-P,16,0.07329
y_true_test,Phosphate-P,16,0.495666667
y_true_test,Phosphate-P,16,0.866544347
y_true_test,Phosphate-P,16,0.757333333
y_true_test,Phosphate-P,16,0.156
y_true_test,Phosphate-P,16,0.03864
y_true_test,Phosphate-P,16,0.22296
y_true_test,Phosphate-P,16,0.12965646
y_true_test,Phosphate-P,16,0.466666667
y_true_test,Phosphate-P,16,0.264
y_true_test,Phosphate-P,16,0.1692
y_true_test,Phosphate-P,16,0.588000088
y_true_test,Phosphate-P,16,0.750333333
y_true_test,Phosphate-P,16,0.132
y_true_test,Phosphate-P,16,0.14079
y_true_test,Phosphate-P,16,0.546666667
y_true_test,Phosphate-P,16,0.11026
y_true_test,Phosphate-P,16,0.089
y_true_test,Phosphate-P,16,0.076666667
y_true_test,Phosphate-P,16,0.661834245
test_ind,Phosphate-P,16,269.0
test_ind,Phosphate-P,16,121.0
test_ind,Phosphate-P,16,333.0
test_ind,Phosphate-P,16,304.0
test_ind,Phosphate-P,16,217.0
test_ind,Phosphate-P,16,166.0
test_ind,Phosphate-P,16,97.0
test_ind,Phosphate-P,16,94.0
test_ind,Phosphate-P,16,143.0
test_ind,Phosphate-P,16,236.0
test_ind,Phosphate-P,16,351.0
test_ind,Phosphate-P,16,298.0
test_ind,Phosphate-P,16,323.0
test_ind,Phosphate-P,16,390.0
test_ind,Phosphate-P,16,2.0
test_ind,Phosphate-P,16,194.0
test_ind,Phosphate-P,16,346.0
test_ind,Phosphate-P,16,65.0
test_ind,Phosphate-P,16,342.0
test_ind,Phosphate-P,16,386.0
test_ind,Phosphate-P,16,14.0
test_ind,Phosphate-P,16,59.0
test_ind,Phosphate-P,16,123.0
test_ind,Phosphate-P,16,319.0
test_ind,Phosphate-P,16,16.0
test_ind,Phosphate-P,16,312.0
test_ind,Phosphate-P,16,295.0
test_ind,Phosphate-P,16,101.0
test_ind,Phosphate-P,16,100.0
test_ind,Phosphate-P,16,299.0
test_ind,Phosphate-P,16,358.0
test_ind,Phosphate-P,16,359.0
test_ind,Phosphate-P,16,137.0
test_ind,Phosphate-P,16,171.0
test_ind,Phosphate-P,16,293.0
test_ind,Phosphate-P,16,218.0
test_ind,Phosphate-P,16,252.0
test_ind,Phosphate-P,16,41.0
test_ind,Phosphate-P,16,189.0
test_ind,Phosphate-P,16,262.0
test_ind,Phosphate-P,16,144.0
test_ind,Phosphate-P,16,361.0
test_ind,Phosphate-P,16,398.0
test_ind,Phosphate-P,16,20.0
test_ind,Phosphate-P,16,118.0
test_ind,Phosphate-P,16,78.0
test_ind,Phosphate-P,16,3.0
test_ind,Phosphate-P,16,122.0
test_ind,Phosphate-P,16,167.0
test_ind,Phosphate-P,16,102.0
test_ind,Phosphate-P,16,373.0
test_ind,Phosphate-P,16,170.0
test_ind,Phosphate-P,16,211.0
test_ind,Phosphate-P,16,345.0
test_ind,Phosphate-P,16,168.0
test_ind,Phosphate-P,16,75.0
test_ind,Phosphate-P,16,389.0
test_ind,Phosphate-P,16,103.0
train_ind,Phosphate-P,16,318.0
train_ind,Phosphate-P,16,96.0
train_ind,Phosphate-P,16,320.0
train_ind,Phosphate-P,16,291.0
train_ind,Phosphate-P,16,186.0
train_ind,Phosphate-P,16,324.0
train_ind,Phosphate-P,16,300.0
train_ind,Phosphate-P,16,52.0
train_ind,Phosphate-P,16,164.0
train_ind,Phosphate-P,16,142.0
train_ind,Phosphate-P,16,71.0
train_ind,Phosphate-P,16,244.0
train_ind,Phosphate-P,16,27.0
train_ind,Phosphate-P,16,125.0
train_ind,Phosphate-P,16,11.0
train_ind,Phosphate-P,16,141.0
train_ind,Phosphate-P,16,104.0
train_ind,Phosphate-P,16,99.0
train_ind,Phosphate-P,16,287.0
train_ind,Phosphate-P,16,329.0
train_ind,Phosphate-P,16,284.0
train_ind,Phosphate-P,16,193.0
train_ind,Phosphate-P,16,395.0
train_ind,Phosphate-P,16,138.0
train_ind,Phosphate-P,16,243.0
train_ind,Phosphate-P,16,362.0
train_ind,Phosphate-P,16,392.0
train_ind,Phosphate-P,16,98.0
train_ind,Phosphate-P,16,215.0
train_ind,Phosphate-P,16,165.0
train_ind,Phosphate-P,16,220.0
train_ind,Phosphate-P,16,69.0
train_ind,Phosphate-P,16,188.0
train_ind,Phosphate-P,16,280.0
train_ind,Phosphate-P,16,51.0
train_ind,Phosphate-P,16,17.0
train_ind,Phosphate-P,16,79.0
train_ind,Phosphate-P,16,266.0
train_ind,Phosphate-P,16,61.0
train_ind,Phosphate-P,16,173.0
train_ind,Phosphate-P,16,250.0
train_ind,Phosphate-P,16,36.0
train_ind,Phosphate-P,16,332.0
train_ind,Phosphate-P,16,219.0
train_ind,Phosphate-P,16,8.0
train_ind,Phosphate-P,16,139.0
train_ind,Phosphate-P,16,213.0
train_ind,Phosphate-P,16,326.0
train_ind,Phosphate-P,16,175.0
train_ind,Phosphate-P,16,349.0
train_ind,Phosphate-P,16,119.0
train_ind,Phosphate-P,16,67.0
train_ind,Phosphate-P,16,74.0
train_ind,Phosphate-P,16,212.0
train_ind,Phosphate-P,16,279.0
train_ind,Phosphate-P,16,126.0
train_ind,Phosphate-P,16,281.0
train_ind,Phosphate-P,16,381.0
train_ind,Phosphate-P,16,231.0
train_ind,Phosphate-P,16,344.0
train_ind,Phosphate-P,16,214.0
train_ind,Phosphate-P,16,39.0
train_ind,Phosphate-P,16,190.0
train_ind,Phosphate-P,16,378.0
train_ind,Phosphate-P,16,238.0
train_ind,Phosphate-P,16,302.0
train_ind,Phosphate-P,16,374.0
train_ind,Phosphate-P,16,6.0
train_ind,Phosphate-P,16,385.0
train_ind,Phosphate-P,16,172.0
train_ind,Phosphate-P,16,72.0
train_ind,Phosphate-P,16,169.0
train_ind,Phosphate-P,16,55.0
train_ind,Phosphate-P,16,292.0
train_ind,Phosphate-P,16,43.0
train_ind,Phosphate-P,16,366.0
train_ind,Phosphate-P,16,48.0
train_ind,Phosphate-P,16,191.0
train_ind,Phosphate-P,16,124.0
train_ind,Phosphate-P,16,49.0
train_ind,Phosphate-P,16,278.0
train_ind,Phosphate-P,16,23.0
train_ind,Phosphate-P,16,12.0
train_ind,Phosphate-P,16,95.0
train_ind,Phosphate-P,16,382.0
train_ind,Phosphate-P,16,257.0
train_ind,Phosphate-P,16,232.0
train_ind,Phosphate-P,16,187.0
train_ind,Phosphate-P,16,370.0
train_ind,Phosphate-P,16,80.0
train_ind,Phosphate-P,16,315.0
train_ind,Phosphate-P,16,38.0
train_ind,Phosphate-P,16,42.0
train_ind,Phosphate-P,16,34.0
train_ind,Phosphate-P,16,365.0
train_ind,Phosphate-P,16,372.0
train_ind,Phosphate-P,16,29.0
train_ind,Phosphate-P,16,174.0
train_ind,Phosphate-P,16,73.0
train_ind,Phosphate-P,16,28.0
train_ind,Phosphate-P,16,233.0
train_ind,Phosphate-P,16,270.0
train_ind,Phosphate-P,16,76.0
train_ind,Phosphate-P,16,306.0
train_ind,Phosphate-P,16,15.0
train_ind,Phosphate-P,16,248.0
train_ind,Phosphate-P,16,247.0
train_ind,Phosphate-P,16,347.0
train_ind,Phosphate-P,16,57.0
train_ind,Phosphate-P,16,216.0
train_ind,Phosphate-P,16,274.0
train_ind,Phosphate-P,16,192.0
train_ind,Phosphate-P,16,343.0
train_ind,Phosphate-P,16,145.0
train_ind,Phosphate-P,16,64.0
train_ind,Phosphate-P,16,391.0
train_ind,Phosphate-P,16,341.0
train_ind,Phosphate-P,16,249.0
train_ind,Phosphate-P,16,311.0
train_ind,Phosphate-P,16,237.0
train_ind,Phosphate-P,16,120.0
train_ind,Phosphate-P,16,258.0
train_ind,Phosphate-P,16,338.0
train_ind,Phosphate-P,16,305.0
train_ind,Phosphate-P,16,77.0
train_ind,Phosphate-P,16,9.0
train_ind,Phosphate-P,16,339.0
train_ind,Phosphate-P,16,268.0
train_ind,Phosphate-P,16,265.0
train_ind,Phosphate-P,16,136.0
train_ind,Phosphate-P,16,140.0
train_ind,Phosphate-P,16,260.0
train_ind,Phosphate-P,16,353.0
test_rsq,Phosphate-P,16,0.035186648031746315
train_rsq,Phosphate-P,16,0.33480484594837123
test_rmse,Phosphate-P,16,0.2522634512148867
train_rmse,Phosphate-P,16,0.17798068340908518
test_mape,Phosphate-P,16,109.55482205413993
train_mape,Phosphate-P,16,93.56856426780026
n_comp,Phosphate-P,16,6.0
y_hat_test,Phosphate-P,17,0.3542369699952975
y_hat_test,Phosphate-P,17,0.09025125776746712
y_hat_test,Phosphate-P,17,0.3338967912118449
y_hat_test,Phosphate-P,17,0.2821815365445057
y_hat_test,Phosphate-P,17,0.2459269762608848
y_hat_test,Phosphate-P,17,-0.018298578829984147
y_hat_test,Phosphate-P,17,0.593869822272989
y_hat_test,Phosphate-P,17,0.1849951835293113
y_hat_test,Phosphate-P,17,0.2950374311845422
y_hat_test,Phosphate-P,17,0.20188326229291234
y_hat_test,Phosphate-P,17,0.4258938075403266
y_hat_test,Phosphate-P,17,0.10767679128859747
y_hat_test,Phosphate-P,17,0.23883094353763198
y_hat_test,Phosphate-P,17,0.22624813989217712
y_hat_test,Phosphate-P,17,0.019523950533920087
y_hat_test,Phosphate-P,17,0.032080444448808976
y_hat_test,Phosphate-P,17,0.1335485273362352
y_hat_test,Phosphate-P,17,0.1983656893526697
y_hat_test,Phosphate-P,17,0.2985968980203279
y_hat_test,Phosphate-P,17,0.5895476827845451
y_hat_test,Phosphate-P,17,0.7680881158379491
y_hat_test,Phosphate-P,17,0.2426618955834439
y_hat_test,Phosphate-P,17,0.27756759097910083
y_hat_test,Phosphate-P,17,0.5382705168053799
y_hat_test,Phosphate-P,17,0.5649679157098481
y_hat_test,Phosphate-P,17,0.05320781069544067
y_hat_test,Phosphate-P,17,0.44847661435394176
y_hat_test,Phosphate-P,17,0.016164707490576746
y_hat_test,Phosphate-P,17,0.21197245580067642
y_hat_test,Phosphate-P,17,0.18544754982566097
y_hat_test,Phosphate-P,17,0.16804413108498062
y_hat_test,Phosphate-P,17,0.2234634996414091
y_hat_test,Phosphate-P,17,0.3127004343852571
y_hat_test,Phosphate-P,17,0.3549879775265074
y_hat_test,Phosphate-P,17,0.5194376166554414
y_hat_test,Phosphate-P,17,0.3483158922138151
y_hat_test,Phosphate-P,17,0.34544290105263703
y_hat_test,Phosphate-P,17,0.36755504710342984
y_hat_test,Phosphate-P,17,0.37044727326809246
y_hat_test,Phosphate-P,17,0.17876152713416393
y_hat_test,Phosphate-P,17,0.030352639638590917
y_hat_test,Phosphate-P,17,0.03292317071348727
y_hat_test,Phosphate-P,17,0.3991174250278626
y_hat_test,Phosphate-P,17,0.24976683140579492
y_hat_test,Phosphate-P,17,-0.11770352073588408
y_hat_test,Phosphate-P,17,0.3631979376520207
y_hat_test,Phosphate-P,17,-0.058973010911465173
y_hat_test,Phosphate-P,17,0.188633333706963
y_hat_test,Phosphate-P,17,0.1258463009050659
y_hat_test,Phosphate-P,17,0.044945992660390316
y_hat_test,Phosphate-P,17,0.3537673465550334
y_hat_test,Phosphate-P,17,0.3183002644539491
y_hat_test,Phosphate-P,17,-0.015815254807458545
y_hat_test,Phosphate-P,17,0.4136070778594969
y_hat_test,Phosphate-P,17,0.3106344491075204
y_hat_test,Phosphate-P,17,0.2078899893619748
y_hat_test,Phosphate-P,17,0.14007638361299626
y_hat_test,Phosphate-P,17,0.17822842763891827
y_hat_train,Phosphate-P,17,0.7470948777028206
y_hat_train,Phosphate-P,17,0.2587155351190239
y_hat_train,Phosphate-P,17,0.06632363290792911
y_hat_train,Phosphate-P,17,0.17245362874682021
y_hat_train,Phosphate-P,17,0.3321935314295678
y_hat_train,Phosphate-P,17,0.37022715358200453
y_hat_train,Phosphate-P,17,0.23717906958007928
y_hat_train,Phosphate-P,17,0.6238650183395695
y_hat_train,Phosphate-P,17,0.3199757844782469
y_hat_train,Phosphate-P,17,0.10407726348965537
y_hat_train,Phosphate-P,17,0.6123625289872704
y_hat_train,Phosphate-P,17,0.30195128007166144
y_hat_train,Phosphate-P,17,0.7353888509542758
y_hat_train,Phosphate-P,17,0.44300452494393705
y_hat_train,Phosphate-P,17,0.12736459363979385
y_hat_train,Phosphate-P,17,0.06511700677387036
y_hat_train,Phosphate-P,17,0.23534254442803906
y_hat_train,Phosphate-P,17,0.2704751480202978
y_hat_train,Phosphate-P,17,0.21706141811733987
y_hat_train,Phosphate-P,17,0.3125045227948864
y_hat_train,Phosphate-P,17,-0.04219509377400543
y_hat_train,Phosphate-P,17,0.31115719962787663
y_hat_train,Phosphate-P,17,0.2524044827966969
y_hat_train,Phosphate-P,17,0.24685910577706452
y_hat_train,Phosphate-P,17,0.19098949584637728
y_hat_train,Phosphate-P,17,0.31715257465230745
y_hat_train,Phosphate-P,17,0.4083884249834112
y_hat_train,Phosphate-P,17,0.5202666570185366
y_hat_train,Phosphate-P,17,0.03534318020073848
y_hat_train,Phosphate-P,17,0.7344262482275896
y_hat_train,Phosphate-P,17,0.3059497061429034
y_hat_train,Phosphate-P,17,0.30023573645564444
y_hat_train,Phosphate-P,17,0.061934591828524954
y_hat_train,Phosphate-P,17,0.19379677947582735
y_hat_train,Phosphate-P,17,0.10076566945633225
y_hat_train,Phosphate-P,17,0.45121948088415303
y_hat_train,Phosphate-P,17,-0.06396501712537667
y_hat_train,Phosphate-P,17,0.45120865118942843
y_hat_train,Phosphate-P,17,0.34576404813186845
y_hat_train,Phosphate-P,17,0.38436530301635674
y_hat_train,Phosphate-P,17,0.29601104093985664
y_hat_train,Phosphate-P,17,0.06599302945568516
y_hat_train,Phosphate-P,17,0.2643910584277628
y_hat_train,Phosphate-P,17,0.14235123834695534
y_hat_train,Phosphate-P,17,0.3316069081991599
y_hat_train,Phosphate-P,17,0.5473888062380158
y_hat_train,Phosphate-P,17,0.14954144718094856
y_hat_train,Phosphate-P,17,0.5982408121928235
y_hat_train,Phosphate-P,17,0.17220921984734922
y_hat_train,Phosphate-P,17,0.30693479705349946
y_hat_train,Phosphate-P,17,0.26164674975139035
y_hat_train,Phosphate-P,17,0.34557857209357085
y_hat_train,Phosphate-P,17,-0.04349003805286422
y_hat_train,Phosphate-P,17,0.25028442807231693
y_hat_train,Phosphate-P,17,0.5083969851543926
y_hat_train,Phosphate-P,17,0.33785456907668493
y_hat_train,Phosphate-P,17,0.21819724491022735
y_hat_train,Phosphate-P,17,0.40044731379285137
y_hat_train,Phosphate-P,17,0.07239587555337645
y_hat_train,Phosphate-P,17,0.14984996273215603
y_hat_train,Phosphate-P,17,0.33217623680057334
y_hat_train,Phosphate-P,17,0.3092222015914119
y_hat_train,Phosphate-P,17,0.20861397034271031
y_hat_train,Phosphate-P,17,0.4530713348001074
y_hat_train,Phosphate-P,17,0.3355456333009521
y_hat_train,Phosphate-P,17,0.40092502375687
y_hat_train,Phosphate-P,17,0.5022900900063301
y_hat_train,Phosphate-P,17,0.1195095514459
y_hat_train,Phosphate-P,17,0.20207532492605076
y_hat_train,Phosphate-P,17,-0.17851361609879768
y_hat_train,Phosphate-P,17,0.3790955794821773
y_hat_train,Phosphate-P,17,0.5080091590026992
y_hat_train,Phosphate-P,17,0.06836773773545163
y_hat_train,Phosphate-P,17,0.08847498643566057
y_hat_train,Phosphate-P,17,-0.06269991126893648
y_hat_train,Phosphate-P,17,-0.020922962235662868
y_hat_train,Phosphate-P,17,0.3676799539742154
y_hat_train,Phosphate-P,17,0.3432040817505735
y_hat_train,Phosphate-P,17,-0.02506976496146429
y_hat_train,Phosphate-P,17,0.4521875314816768
y_hat_train,Phosphate-P,17,0.4438441966883969
y_hat_train,Phosphate-P,17,0.1545780628749699
y_hat_train,Phosphate-P,17,0.12122673277125684
y_hat_train,Phosphate-P,17,0.49423796357329924
y_hat_train,Phosphate-P,17,0.10383710801206475
y_hat_train,Phosphate-P,17,0.05654486179525711
y_hat_train,Phosphate-P,17,0.6544417408549981
y_hat_train,Phosphate-P,17,0.37853976909180487
y_hat_train,Phosphate-P,17,0.2620155682942932
y_hat_train,Phosphate-P,17,0.0392922644366126
y_hat_train,Phosphate-P,17,-0.038417852988935464
y_hat_train,Phosphate-P,17,0.250714747916712
y_hat_train,Phosphate-P,17,0.12703668028163292
y_hat_train,Phosphate-P,17,0.21483690987641207
y_hat_train,Phosphate-P,17,0.21458885277978068
y_hat_train,Phosphate-P,17,0.40164166422564285
y_hat_train,Phosphate-P,17,0.22277252843032644
y_hat_train,Phosphate-P,17,0.14292284414173806
y_hat_train,Phosphate-P,17,0.5612824096094284
y_hat_train,Phosphate-P,17,0.30260719430734057
y_hat_train,Phosphate-P,17,0.32280143167407005
y_hat_train,Phosphate-P,17,0.19126234053088853
y_hat_train,Phosphate-P,17,0.23066167606135057
y_hat_train,Phosphate-P,17,0.29007268197100683
y_hat_train,Phosphate-P,17,0.4173792357489289
y_hat_train,Phosphate-P,17,0.20245557679273452
y_hat_train,Phosphate-P,17,0.03268279172294061
y_hat_train,Phosphate-P,17,0.2036116524475411
y_hat_train,Phosphate-P,17,0.3577996410635458
y_hat_train,Phosphate-P,17,0.4383809107790059
y_hat_train,Phosphate-P,17,0.3012973301171899
y_hat_train,Phosphate-P,17,0.37103962457360257
y_hat_train,Phosphate-P,17,0.1033038392366698
y_hat_train,Phosphate-P,17,0.15251026556275837
y_hat_train,Phosphate-P,17,0.13204457120161797
y_hat_train,Phosphate-P,17,0.36927744864142836
y_hat_train,Phosphate-P,17,0.4035538403362396
y_hat_train,Phosphate-P,17,0.3050966518261239
y_hat_train,Phosphate-P,17,0.151401170972947
y_hat_train,Phosphate-P,17,0.2578052550682261
y_hat_train,Phosphate-P,17,0.3271024029133756
y_hat_train,Phosphate-P,17,0.04252034616941547
y_hat_train,Phosphate-P,17,0.7354548938229946
y_hat_train,Phosphate-P,17,0.1859734640265996
y_hat_train,Phosphate-P,17,0.6292170914457121
y_hat_train,Phosphate-P,17,0.6402584470362875
y_hat_train,Phosphate-P,17,0.02330758659644605
y_hat_train,Phosphate-P,17,0.5160481306118234
y_hat_train,Phosphate-P,17,0.2472466482707154
y_hat_train,Phosphate-P,17,0.48211114581384207
y_hat_train,Phosphate-P,17,0.04310584820766816
y_hat_train,Phosphate-P,17,0.3902468448745594
y_hat_train,Phosphate-P,17,0.16348161875467382
y_true_train,Phosphate-P,17,0.866544347
y_true_train,Phosphate-P,17,0.415
y_true_train,Phosphate-P,17,0.089
y_true_train,Phosphate-P,17,0.12965646
y_true_train,Phosphate-P,17,0.191666667
y_true_train,Phosphate-P,17,0.495666667
y_true_train,Phosphate-P,17,0.41883
y_true_train,Phosphate-P,17,0.728666667
y_true_train,Phosphate-P,17,0.10434
y_true_train,Phosphate-P,17,0.153666667
y_true_train,Phosphate-P,17,0.588000088
y_true_train,Phosphate-P,17,0.166804647
y_true_train,Phosphate-P,17,0.996333333
y_true_train,Phosphate-P,17,0.416666667
y_true_train,Phosphate-P,17,0.156
y_true_train,Phosphate-P,17,0.091666667
y_true_train,Phosphate-P,17,0.0686
y_true_train,Phosphate-P,17,0.15785
y_true_train,Phosphate-P,17,0.092
y_true_train,Phosphate-P,17,0.098666667
y_true_train,Phosphate-P,17,0.090333333
y_true_train,Phosphate-P,17,0.11026
y_true_train,Phosphate-P,17,0.132
y_true_train,Phosphate-P,17,0.05119
y_true_train,Phosphate-P,17,0.08955
y_true_train,Phosphate-P,17,0.11203
y_true_train,Phosphate-P,17,0.55
y_true_train,Phosphate-P,17,0.6755
y_true_train,Phosphate-P,17,0.106524044
y_true_train,Phosphate-P,17,0.631870027
y_true_train,Phosphate-P,17,0.44981
y_true_train,Phosphate-P,17,0.34749
y_true_train,Phosphate-P,17,0.228333333
y_true_train,Phosphate-P,17,0.08439
y_true_train,Phosphate-P,17,0.082
y_true_train,Phosphate-P,17,0.119
y_true_train,Phosphate-P,17,0.123
y_true_train,Phosphate-P,17,0.59085
y_true_train,Phosphate-P,17,0.1692
y_true_train,Phosphate-P,17,0.34249
y_true_train,Phosphate-P,17,0.168488244
y_true_train,Phosphate-P,17,0.08646
y_true_train,Phosphate-P,17,0.131
y_true_train,Phosphate-P,17,0.078333333
y_true_train,Phosphate-P,17,0.338333333
y_true_train,Phosphate-P,17,0.67156
y_true_train,Phosphate-P,17,0.089
y_true_train,Phosphate-P,17,0.727666667
y_true_train,Phosphate-P,17,0.14079
y_true_train,Phosphate-P,17,0.466666667
y_true_train,Phosphate-P,17,0.158
y_true_train,Phosphate-P,17,0.708
y_true_train,Phosphate-P,17,0.05315
y_true_train,Phosphate-P,17,0.177
y_true_train,Phosphate-P,17,0.69042
y_true_train,Phosphate-P,17,0.38031
y_true_train,Phosphate-P,17,0.19012
y_true_train,Phosphate-P,17,0.470497874
y_true_train,Phosphate-P,17,0.06773
y_true_train,Phosphate-P,17,0.163838414
y_true_train,Phosphate-P,17,0.30041
y_true_train,Phosphate-P,17,0.40176
y_true_train,Phosphate-P,17,0.239333333
y_true_train,Phosphate-P,17,0.336730892
y_true_train,Phosphate-P,17,0.189666667
y_true_train,Phosphate-P,17,0.36584
y_true_train,Phosphate-P,17,0.42907
y_true_train,Phosphate-P,17,0.05799
y_true_train,Phosphate-P,17,0.264
y_true_train,Phosphate-P,17,0.05571
y_true_train,Phosphate-P,17,0.09
y_true_train,Phosphate-P,17,0.728098185
y_true_train,Phosphate-P,17,0.05293
y_true_train,Phosphate-P,17,0.08984
y_true_train,Phosphate-P,17,0.04722
y_true_train,Phosphate-P,17,0.09747
y_true_train,Phosphate-P,17,0.24417
y_true_train,Phosphate-P,17,0.05276
y_true_train,Phosphate-P,17,0.116706814
y_true_train,Phosphate-P,17,0.527
y_true_train,Phosphate-P,17,0.554333333
y_true_train,Phosphate-P,17,0.088
y_true_train,Phosphate-P,17,0.10184
y_true_train,Phosphate-P,17,0.53977
y_true_train,Phosphate-P,17,0.09725
y_true_train,Phosphate-P,17,0.0512
y_true_train,Phosphate-P,17,0.890825762
y_true_train,Phosphate-P,17,0.108666667
y_true_train,Phosphate-P,17,0.546666667
y_true_train,Phosphate-P,17,0.1027
y_true_train,Phosphate-P,17,0.061333333
y_true_train,Phosphate-P,17,0.18067
y_true_train,Phosphate-P,17,0.076666667
y_true_train,Phosphate-P,17,0.086
y_true_train,Phosphate-P,17,0.284666667
y_true_train,Phosphate-P,17,0.10954
y_true_train,Phosphate-P,17,0.073666667
y_true_train,Phosphate-P,17,0.264
y_true_train,Phosphate-P,17,0.46794
y_true_train,Phosphate-P,17,0.54935
y_true_train,Phosphate-P,17,0.205603597
y_true_train,Phosphate-P,17,0.07185
y_true_train,Phosphate-P,17,0.22296
y_true_train,Phosphate-P,17,0.104333333
y_true_train,Phosphate-P,17,0.406666667
y_true_train,Phosphate-P,17,0.16774969
y_true_train,Phosphate-P,17,0.068
y_true_train,Phosphate-P,17,0.187666667
y_true_train,Phosphate-P,17,0.44946521
y_true_train,Phosphate-P,17,0.48344
y_true_train,Phosphate-P,17,0.557
y_true_train,Phosphate-P,17,0.33558
y_true_train,Phosphate-P,17,0.102666667
y_true_train,Phosphate-P,17,0.136666667
y_true_train,Phosphate-P,17,0.167
y_true_train,Phosphate-P,17,0.271013196
y_true_train,Phosphate-P,17,0.398
y_true_train,Phosphate-P,17,0.07105
y_true_train,Phosphate-P,17,0.12965646
y_true_train,Phosphate-P,17,0.36624
y_true_train,Phosphate-P,17,0.081666667
y_true_train,Phosphate-P,17,0.05031
y_true_train,Phosphate-P,17,0.757333333
y_true_train,Phosphate-P,17,0.089
y_true_train,Phosphate-P,17,0.67654
y_true_train,Phosphate-P,17,0.72154
y_true_train,Phosphate-P,17,0.03695
y_true_train,Phosphate-P,17,0.619333333
y_true_train,Phosphate-P,17,0.27718
y_true_train,Phosphate-P,17,0.691666667
y_true_train,Phosphate-P,17,0.098333333
y_true_train,Phosphate-P,17,0.528
y_true_train,Phosphate-P,17,0.06581
y_true_test,Phosphate-P,17,0.750333333
y_true_test,Phosphate-P,17,0.110666667
y_true_test,Phosphate-P,17,0.11770379
y_true_test,Phosphate-P,17,0.338333333
y_true_test,Phosphate-P,17,0.132
y_true_test,Phosphate-P,17,0.51
y_true_test,Phosphate-P,17,0.834333333
y_true_test,Phosphate-P,17,0.158333333
y_true_test,Phosphate-P,17,0.107666667
y_true_test,Phosphate-P,17,0.124666667
y_true_test,Phosphate-P,17,0.661834245
y_true_test,Phosphate-P,17,0.116706814
y_true_test,Phosphate-P,17,0.120092955
y_true_test,Phosphate-P,17,0.229333333
y_true_test,Phosphate-P,17,0.108
y_true_test,Phosphate-P,17,0.07112
y_true_test,Phosphate-P,17,0.058
y_true_test,Phosphate-P,17,0.07735
y_true_test,Phosphate-P,17,0.880333333
y_true_test,Phosphate-P,17,0.03864
y_true_test,Phosphate-P,17,0.150156265
y_true_test,Phosphate-P,17,0.052333333
y_true_test,Phosphate-P,17,0.817666667
y_true_test,Phosphate-P,17,0.55
y_true_test,Phosphate-P,17,0.114
y_true_test,Phosphate-P,17,0.081
y_true_test,Phosphate-P,17,0.11929
y_true_test,Phosphate-P,17,0.336
y_true_test,Phosphate-P,17,0.14617
y_true_test,Phosphate-P,17,0.08433
y_true_test,Phosphate-P,17,0.071
y_true_test,Phosphate-P,17,0.457286778
y_true_test,Phosphate-P,17,0.221333333
y_true_test,Phosphate-P,17,0.562333333
y_true_test,Phosphate-P,17,0.104236832
y_true_test,Phosphate-P,17,0.601333333
y_true_test,Phosphate-P,17,0.70909
y_true_test,Phosphate-P,17,0.2953
y_true_test,Phosphate-P,17,0.094
y_true_test,Phosphate-P,17,0.06315
y_true_test,Phosphate-P,17,0.06275
y_true_test,Phosphate-P,17,0.061333333
y_true_test,Phosphate-P,17,0.42907
y_true_test,Phosphate-P,17,0.531
y_true_test,Phosphate-P,17,0.07329
y_true_test,Phosphate-P,17,0.166804647
y_true_test,Phosphate-P,17,0.08157
y_true_test,Phosphate-P,17,0.200780147
y_true_test,Phosphate-P,17,0.15989332
y_true_test,Phosphate-P,17,0.613333333
y_true_test,Phosphate-P,17,0.089333333
y_true_test,Phosphate-P,17,0.152333333
y_true_test,Phosphate-P,17,0.16336
y_true_test,Phosphate-P,17,0.271013196
y_true_test,Phosphate-P,17,0.34
y_true_test,Phosphate-P,17,0.078
y_true_test,Phosphate-P,17,0.078333333
y_true_test,Phosphate-P,17,0.686666667
test_ind,Phosphate-P,17,373.0
test_ind,Phosphate-P,17,305.0
test_ind,Phosphate-P,17,231.0
test_ind,Phosphate-P,17,100.0
test_ind,Phosphate-P,17,170.0
test_ind,Phosphate-P,17,391.0
test_ind,Phosphate-P,17,298.0
test_ind,Phosphate-P,17,326.0
test_ind,Phosphate-P,17,315.0
test_ind,Phosphate-P,17,268.0
test_ind,Phosphate-P,17,103.0
test_ind,Phosphate-P,17,220.0
test_ind,Phosphate-P,17,165.0
test_ind,Phosphate-P,17,351.0
test_ind,Phosphate-P,17,2.0
test_ind,Phosphate-P,17,34.0
test_ind,Phosphate-P,17,385.0
test_ind,Phosphate-P,17,73.0
test_ind,Phosphate-P,17,344.0
test_ind,Phosphate-P,17,20.0
test_ind,Phosphate-P,17,217.0
test_ind,Phosphate-P,17,292.0
test_ind,Phosphate-P,17,392.0
test_ind,Phosphate-P,17,142.0
test_ind,Phosphate-P,17,320.0
test_ind,Phosphate-P,17,270.0
test_ind,Phosphate-P,17,166.0
test_ind,Phosphate-P,17,353.0
test_ind,Phosphate-P,17,248.0
test_ind,Phosphate-P,17,252.0
test_ind,Phosphate-P,17,306.0
test_ind,Phosphate-P,17,164.0
test_ind,Phosphate-P,17,382.0
test_ind,Phosphate-P,17,299.0
test_ind,Phosphate-P,17,194.0
test_ind,Phosphate-P,17,329.0
test_ind,Phosphate-P,17,140.0
test_ind,Phosphate-P,17,233.0
test_ind,Phosphate-P,17,311.0
test_ind,Phosphate-P,17,16.0
test_ind,Phosphate-P,17,39.0
test_ind,Phosphate-P,17,191.0
test_ind,Phosphate-P,17,97.0
test_ind,Phosphate-P,17,8.0
test_ind,Phosphate-P,17,189.0
test_ind,Phosphate-P,17,174.0
test_ind,Phosphate-P,17,187.0
test_ind,Phosphate-P,17,173.0
test_ind,Phosphate-P,17,192.0
test_ind,Phosphate-P,17,295.0
test_ind,Phosphate-P,17,318.0
test_ind,Phosphate-P,17,374.0
test_ind,Phosphate-P,17,57.0
test_ind,Phosphate-P,17,126.0
test_ind,Phosphate-P,17,358.0
test_ind,Phosphate-P,17,342.0
test_ind,Phosphate-P,17,216.0
test_ind,Phosphate-P,17,390.0
train_ind,Phosphate-P,17,144.0
train_ind,Phosphate-P,17,302.0
train_ind,Phosphate-P,17,74.0
train_ind,Phosphate-P,17,78.0
train_ind,Phosphate-P,17,324.0
train_ind,Phosphate-P,17,262.0
train_ind,Phosphate-P,17,258.0
train_ind,Phosphate-P,17,269.0
train_ind,Phosphate-P,17,186.0
train_ind,Phosphate-P,17,386.0
train_ind,Phosphate-P,17,102.0
train_ind,Phosphate-P,17,175.0
train_ind,Phosphate-P,17,281.0
train_ind,Phosphate-P,17,279.0
train_ind,Phosphate-P,17,398.0
train_ind,Phosphate-P,17,349.0
train_ind,Phosphate-P,17,59.0
train_ind,Phosphate-P,17,169.0
train_ind,Phosphate-P,17,11.0
train_ind,Phosphate-P,17,346.0
train_ind,Phosphate-P,17,395.0
train_ind,Phosphate-P,17,168.0
train_ind,Phosphate-P,17,171.0
train_ind,Phosphate-P,17,69.0
train_ind,Phosphate-P,17,213.0
train_ind,Phosphate-P,17,212.0
train_ind,Phosphate-P,17,141.0
train_ind,Phosphate-P,17,236.0
train_ind,Phosphate-P,17,193.0
train_ind,Phosphate-P,17,104.0
train_ind,Phosphate-P,17,244.0
train_ind,Phosphate-P,17,247.0
train_ind,Phosphate-P,17,365.0
train_ind,Phosphate-P,17,249.0
train_ind,Phosphate-P,17,274.0
train_ind,Phosphate-P,17,381.0
train_ind,Phosphate-P,17,293.0
train_ind,Phosphate-P,17,48.0
train_ind,Phosphate-P,17,167.0
train_ind,Phosphate-P,17,120.0
train_ind,Phosphate-P,17,218.0
train_ind,Phosphate-P,17,243.0
train_ind,Phosphate-P,17,266.0
train_ind,Phosphate-P,17,215.0
train_ind,Phosphate-P,17,101.0
train_ind,Phosphate-P,17,137.0
train_ind,Phosphate-P,17,76.0
train_ind,Phosphate-P,17,9.0
train_ind,Phosphate-P,17,211.0
train_ind,Phosphate-P,17,3.0
train_ind,Phosphate-P,17,333.0
train_ind,Phosphate-P,17,341.0
train_ind,Phosphate-P,17,38.0
train_ind,Phosphate-P,17,366.0
train_ind,Phosphate-P,17,138.0
train_ind,Phosphate-P,17,49.0
train_ind,Phosphate-P,17,28.0
train_ind,Phosphate-P,17,124.0
train_ind,Phosphate-P,17,71.0
train_ind,Phosphate-P,17,79.0
train_ind,Phosphate-P,17,95.0
train_ind,Phosphate-P,17,136.0
train_ind,Phosphate-P,17,312.0
train_ind,Phosphate-P,17,94.0
train_ind,Phosphate-P,17,378.0
train_ind,Phosphate-P,17,27.0
train_ind,Phosphate-P,17,96.0
train_ind,Phosphate-P,17,67.0
train_ind,Phosphate-P,17,121.0
train_ind,Phosphate-P,17,214.0
train_ind,Phosphate-P,17,359.0
train_ind,Phosphate-P,17,145.0
train_ind,Phosphate-P,17,257.0
train_ind,Phosphate-P,17,188.0
train_ind,Phosphate-P,17,232.0
train_ind,Phosphate-P,17,51.0
train_ind,Phosphate-P,17,23.0
train_ind,Phosphate-P,17,42.0
train_ind,Phosphate-P,17,219.0
train_ind,Phosphate-P,17,291.0
train_ind,Phosphate-P,17,338.0
train_ind,Phosphate-P,17,323.0
train_ind,Phosphate-P,17,72.0
train_ind,Phosphate-P,17,29.0
train_ind,Phosphate-P,17,250.0
train_ind,Phosphate-P,17,41.0
train_ind,Phosphate-P,17,143.0
train_ind,Phosphate-P,17,332.0
train_ind,Phosphate-P,17,345.0
train_ind,Phosphate-P,17,237.0
train_ind,Phosphate-P,17,190.0
train_ind,Phosphate-P,17,52.0
train_ind,Phosphate-P,17,389.0
train_ind,Phosphate-P,17,265.0
train_ind,Phosphate-P,17,339.0
train_ind,Phosphate-P,17,15.0
train_ind,Phosphate-P,17,343.0
train_ind,Phosphate-P,17,122.0
train_ind,Phosphate-P,17,98.0
train_ind,Phosphate-P,17,99.0
train_ind,Phosphate-P,17,172.0
train_ind,Phosphate-P,17,55.0
train_ind,Phosphate-P,17,118.0
train_ind,Phosphate-P,17,300.0
train_ind,Phosphate-P,17,260.0
train_ind,Phosphate-P,17,80.0
train_ind,Phosphate-P,17,6.0
train_ind,Phosphate-P,17,284.0
train_ind,Phosphate-P,17,123.0
train_ind,Phosphate-P,17,65.0
train_ind,Phosphate-P,17,372.0
train_ind,Phosphate-P,17,61.0
train_ind,Phosphate-P,17,370.0
train_ind,Phosphate-P,17,347.0
train_ind,Phosphate-P,17,12.0
train_ind,Phosphate-P,17,125.0
train_ind,Phosphate-P,17,280.0
train_ind,Phosphate-P,17,17.0
train_ind,Phosphate-P,17,77.0
train_ind,Phosphate-P,17,36.0
train_ind,Phosphate-P,17,278.0
train_ind,Phosphate-P,17,14.0
train_ind,Phosphate-P,17,361.0
train_ind,Phosphate-P,17,75.0
train_ind,Phosphate-P,17,139.0
train_ind,Phosphate-P,17,64.0
train_ind,Phosphate-P,17,43.0
train_ind,Phosphate-P,17,362.0
train_ind,Phosphate-P,17,119.0
train_ind,Phosphate-P,17,319.0
train_ind,Phosphate-P,17,287.0
train_ind,Phosphate-P,17,304.0
train_ind,Phosphate-P,17,238.0
test_rsq,Phosphate-P,17,-0.18510047044484357
train_rsq,Phosphate-P,17,0.6591705028536403
test_rmse,Phosphate-P,17,0.2622745307246614
train_rmse,Phosphate-P,17,0.13408452859730755
test_mape,Phosphate-P,17,130.9390111942163
train_mape,Phosphate-P,17,73.90426837991328
n_comp,Phosphate-P,17,10.0
y_hat_test,Phosphate-P,18,0.4073070839680452
y_hat_test,Phosphate-P,18,0.2775694494889403
y_hat_test,Phosphate-P,18,0.22268997362113302
y_hat_test,Phosphate-P,18,0.29698845091210946
y_hat_test,Phosphate-P,18,0.34339927687429495
y_hat_test,Phosphate-P,18,0.3130216848435369
y_hat_test,Phosphate-P,18,0.2335379126800686
y_hat_test,Phosphate-P,18,0.32410069063077157
y_hat_test,Phosphate-P,18,0.2804697918842829
y_hat_test,Phosphate-P,18,0.3081379988787857
y_hat_test,Phosphate-P,18,0.3189777985569746
y_hat_test,Phosphate-P,18,0.2522130087949257
y_hat_test,Phosphate-P,18,0.2887626877253336
y_hat_test,Phosphate-P,18,0.24199515842416758
y_hat_test,Phosphate-P,18,0.2830565437644192
y_hat_test,Phosphate-P,18,0.16215880935519728
y_hat_test,Phosphate-P,18,0.27428731728962746
y_hat_test,Phosphate-P,18,0.320524488017033
y_hat_test,Phosphate-P,18,0.3804742310665744
y_hat_test,Phosphate-P,18,0.08783035270016831
y_hat_test,Phosphate-P,18,0.31320649945309886
y_hat_test,Phosphate-P,18,0.24632723025033978
y_hat_test,Phosphate-P,18,0.1386995162736269
y_hat_test,Phosphate-P,18,0.2935301795334628
y_hat_test,Phosphate-P,18,0.28789866709114154
y_hat_test,Phosphate-P,18,0.34047732602040615
y_hat_test,Phosphate-P,18,0.2781621249527225
y_hat_test,Phosphate-P,18,0.18567566012243758
y_hat_test,Phosphate-P,18,0.15152187297240827
y_hat_test,Phosphate-P,18,0.18820414648453312
y_hat_test,Phosphate-P,18,0.3748738675901157
y_hat_test,Phosphate-P,18,0.30937159640379164
y_hat_test,Phosphate-P,18,0.11801359433465652
y_hat_test,Phosphate-P,18,0.30496046616660705
y_hat_test,Phosphate-P,18,0.2867365593995105
y_hat_test,Phosphate-P,18,0.31119652601109743
y_hat_test,Phosphate-P,18,0.2189745094050281
y_hat_test,Phosphate-P,18,0.2151845580587523
y_hat_test,Phosphate-P,18,0.39264825901342815
y_hat_test,Phosphate-P,18,0.13986801364833368
y_hat_test,Phosphate-P,18,0.20778883386232166
y_hat_test,Phosphate-P,18,0.2660418130429133
y_hat_test,Phosphate-P,18,0.35327987600855243
y_hat_test,Phosphate-P,18,0.1642909437443299
y_hat_test,Phosphate-P,18,0.3049808930987402
y_hat_test,Phosphate-P,18,0.43728774571746154
y_hat_test,Phosphate-P,18,0.22292426084219497
y_hat_test,Phosphate-P,18,0.05623500564240447
y_hat_test,Phosphate-P,18,0.3537258892568657
y_hat_test,Phosphate-P,18,0.338504213264957
y_hat_test,Phosphate-P,18,0.07694804670178018
y_hat_test,Phosphate-P,18,0.43817280612525694
y_hat_test,Phosphate-P,18,0.2322749823496183
y_hat_test,Phosphate-P,18,0.3652074350272745
y_hat_test,Phosphate-P,18,0.3625396343406867
y_hat_test,Phosphate-P,18,0.2984832586627106
y_hat_test,Phosphate-P,18,0.22939046065547167
y_hat_test,Phosphate-P,18,0.1544376103609472
y_hat_train,Phosphate-P,18,0.205022476827707
y_hat_train,Phosphate-P,18,0.006706616886065608
y_hat_train,Phosphate-P,18,0.1392117398532051
y_hat_train,Phosphate-P,18,0.19617478314753922
y_hat_train,Phosphate-P,18,0.11057736965300566
y_hat_train,Phosphate-P,18,0.3660246384508994
y_hat_train,Phosphate-P,18,0.11935505913934374
y_hat_train,Phosphate-P,18,0.29473124328367734
y_hat_train,Phosphate-P,18,0.007437809280346208
y_hat_train,Phosphate-P,18,0.3849919759464344
y_hat_train,Phosphate-P,18,0.40096595338971164
y_hat_train,Phosphate-P,18,0.41274830223699055
y_hat_train,Phosphate-P,18,0.33508785215392145
y_hat_train,Phosphate-P,18,0.23509911470973036
y_hat_train,Phosphate-P,18,0.2556177380583675
y_hat_train,Phosphate-P,18,-0.033675078071469855
y_hat_train,Phosphate-P,18,0.0010702756207076058
y_hat_train,Phosphate-P,18,0.27663538853027786
y_hat_train,Phosphate-P,18,0.4887710212150158
y_hat_train,Phosphate-P,18,0.3086455140148478
y_hat_train,Phosphate-P,18,0.25364545223279344
y_hat_train,Phosphate-P,18,0.2616293879728893
y_hat_train,Phosphate-P,18,0.310348316609868
y_hat_train,Phosphate-P,18,0.16354847023642002
y_hat_train,Phosphate-P,18,0.40968740368615664
y_hat_train,Phosphate-P,18,0.38315678757852867
y_hat_train,Phosphate-P,18,0.2951445833767972
y_hat_train,Phosphate-P,18,0.2625167342608537
y_hat_train,Phosphate-P,18,0.2985338003528176
y_hat_train,Phosphate-P,18,0.4728737827309753
y_hat_train,Phosphate-P,18,0.3768587713683659
y_hat_train,Phosphate-P,18,0.25335649845408986
y_hat_train,Phosphate-P,18,0.2901904165130159
y_hat_train,Phosphate-P,18,0.37772895086791886
y_hat_train,Phosphate-P,18,0.35010960268826213
y_hat_train,Phosphate-P,18,0.3890602677397542
y_hat_train,Phosphate-P,18,0.33567760357089493
y_hat_train,Phosphate-P,18,0.04191339374638875
y_hat_train,Phosphate-P,18,0.17373756287685632
y_hat_train,Phosphate-P,18,0.09486632793719532
y_hat_train,Phosphate-P,18,0.4010616127245497
y_hat_train,Phosphate-P,18,0.3956722687108718
y_hat_train,Phosphate-P,18,0.2862479840281966
y_hat_train,Phosphate-P,18,0.2304425559421231
y_hat_train,Phosphate-P,18,0.21500633383871168
y_hat_train,Phosphate-P,18,0.3024297688261832
y_hat_train,Phosphate-P,18,0.43357158150546615
y_hat_train,Phosphate-P,18,0.23073289783111667
y_hat_train,Phosphate-P,18,0.14236342523194379
y_hat_train,Phosphate-P,18,0.1955380344958057
y_hat_train,Phosphate-P,18,0.17693719732419982
y_hat_train,Phosphate-P,18,0.2771388030256609
y_hat_train,Phosphate-P,18,0.1399807634170107
y_hat_train,Phosphate-P,18,0.42347193480735434
y_hat_train,Phosphate-P,18,0.18250887793751325
y_hat_train,Phosphate-P,18,0.06990993678992499
y_hat_train,Phosphate-P,18,0.23019208045215533
y_hat_train,Phosphate-P,18,0.40460305747083164
y_hat_train,Phosphate-P,18,0.42712999645505934
y_hat_train,Phosphate-P,18,0.30904061091885426
y_hat_train,Phosphate-P,18,0.2715992642114903
y_hat_train,Phosphate-P,18,0.3067450259807823
y_hat_train,Phosphate-P,18,0.2234729672429243
y_hat_train,Phosphate-P,18,0.38255094586300303
y_hat_train,Phosphate-P,18,0.3404413976127612
y_hat_train,Phosphate-P,18,0.1337794768339604
y_hat_train,Phosphate-P,18,0.37423118014810597
y_hat_train,Phosphate-P,18,0.1941554065736975
y_hat_train,Phosphate-P,18,0.29343225824580355
y_hat_train,Phosphate-P,18,0.3874797149373346
y_hat_train,Phosphate-P,18,0.31334367781527567
y_hat_train,Phosphate-P,18,0.20592660381671218
y_hat_train,Phosphate-P,18,0.4398223852820283
y_hat_train,Phosphate-P,18,0.329436329132883
y_hat_train,Phosphate-P,18,0.24087292383166764
y_hat_train,Phosphate-P,18,0.22953761896878827
y_hat_train,Phosphate-P,18,0.35825794289733887
y_hat_train,Phosphate-P,18,0.18136663440987655
y_hat_train,Phosphate-P,18,0.2767463238965784
y_hat_train,Phosphate-P,18,0.3304398599229923
y_hat_train,Phosphate-P,18,0.17743360302912015
y_hat_train,Phosphate-P,18,0.5095681679332421
y_hat_train,Phosphate-P,18,0.17092559924623127
y_hat_train,Phosphate-P,18,-0.08061586716397462
y_hat_train,Phosphate-P,18,0.19577588484255182
y_hat_train,Phosphate-P,18,0.259472866049446
y_hat_train,Phosphate-P,18,0.326221242170878
y_hat_train,Phosphate-P,18,0.0657070123496791
y_hat_train,Phosphate-P,18,0.24959509064422075
y_hat_train,Phosphate-P,18,0.5441550876157711
y_hat_train,Phosphate-P,18,0.04535911073116913
y_hat_train,Phosphate-P,18,0.14379013783241076
y_hat_train,Phosphate-P,18,0.17620558880811849
y_hat_train,Phosphate-P,18,0.2027792634509942
y_hat_train,Phosphate-P,18,0.3203780366904719
y_hat_train,Phosphate-P,18,0.3023319847670916
y_hat_train,Phosphate-P,18,0.3424840198591469
y_hat_train,Phosphate-P,18,0.37959322718530086
y_hat_train,Phosphate-P,18,0.3511109093412752
y_hat_train,Phosphate-P,18,0.26477969811591623
y_hat_train,Phosphate-P,18,0.22794716866323073
y_hat_train,Phosphate-P,18,0.4365121850335252
y_hat_train,Phosphate-P,18,0.3125342649605066
y_hat_train,Phosphate-P,18,0.2976890569228776
y_hat_train,Phosphate-P,18,0.21644893101522247
y_hat_train,Phosphate-P,18,0.34891185532746494
y_hat_train,Phosphate-P,18,0.3989328129556427
y_hat_train,Phosphate-P,18,0.2957151122149742
y_hat_train,Phosphate-P,18,0.2839610985939115
y_hat_train,Phosphate-P,18,0.3518323160116526
y_hat_train,Phosphate-P,18,0.3027184746213848
y_hat_train,Phosphate-P,18,0.30986245490620684
y_hat_train,Phosphate-P,18,0.38104655469436427
y_hat_train,Phosphate-P,18,0.23299640160293206
y_hat_train,Phosphate-P,18,0.4692478241584641
y_hat_train,Phosphate-P,18,0.05146490549732169
y_hat_train,Phosphate-P,18,0.3706281528226846
y_hat_train,Phosphate-P,18,0.2886921273819246
y_hat_train,Phosphate-P,18,0.36685496827376096
y_hat_train,Phosphate-P,18,0.13846249353639975
y_hat_train,Phosphate-P,18,0.2814363929167165
y_hat_train,Phosphate-P,18,0.36774512174875784
y_hat_train,Phosphate-P,18,0.04337776104331642
y_hat_train,Phosphate-P,18,0.12256559329784489
y_hat_train,Phosphate-P,18,0.03323662051622686
y_hat_train,Phosphate-P,18,0.3229096788395076
y_hat_train,Phosphate-P,18,0.4399484040943955
y_hat_train,Phosphate-P,18,0.11030747754051165
y_hat_train,Phosphate-P,18,0.30998414625320425
y_hat_train,Phosphate-P,18,0.2954701873113326
y_hat_train,Phosphate-P,18,0.31726809089778496
y_hat_train,Phosphate-P,18,0.2695672145316694
y_hat_train,Phosphate-P,18,0.23598476983053424
y_true_train,Phosphate-P,18,0.10434
y_true_train,Phosphate-P,18,0.16774969
y_true_train,Phosphate-P,18,0.158333333
y_true_train,Phosphate-P,18,0.163838414
y_true_train,Phosphate-P,18,0.106524044
y_true_train,Phosphate-P,18,0.495666667
y_true_train,Phosphate-P,18,0.091666667
y_true_train,Phosphate-P,18,0.104236832
y_true_train,Phosphate-P,18,0.08157
y_true_train,Phosphate-P,18,0.114
y_true_train,Phosphate-P,18,0.239333333
y_true_train,Phosphate-P,18,0.72154
y_true_train,Phosphate-P,18,0.750333333
y_true_train,Phosphate-P,18,0.07735
y_true_train,Phosphate-P,18,0.086
y_true_train,Phosphate-P,18,0.068
y_true_train,Phosphate-P,18,0.07329
y_true_train,Phosphate-P,18,0.09725
y_true_train,Phosphate-P,18,0.757333333
y_true_train,Phosphate-P,18,0.30041
y_true_train,Phosphate-P,18,0.08433
y_true_train,Phosphate-P,18,0.416666667
y_true_train,Phosphate-P,18,0.661834245
y_true_train,Phosphate-P,18,0.14079
y_true_train,Phosphate-P,18,0.708
y_true_train,Phosphate-P,18,0.153666667
y_true_train,Phosphate-P,18,0.2953
y_true_train,Phosphate-P,18,0.54935
y_true_train,Phosphate-P,18,0.098333333
y_true_train,Phosphate-P,18,0.728666667
y_true_train,Phosphate-P,18,0.107666667
y_true_train,Phosphate-P,18,0.59085
y_true_train,Phosphate-P,18,0.120092955
y_true_train,Phosphate-P,18,0.528
y_true_train,Phosphate-P,18,0.166804647
y_true_train,Phosphate-P,18,0.527
y_true_train,Phosphate-P,18,0.089333333
y_true_train,Phosphate-P,18,0.061333333
y_true_train,Phosphate-P,18,0.092
y_true_train,Phosphate-P,18,0.10184
y_true_train,Phosphate-P,18,0.890825762
y_true_train,Phosphate-P,18,0.6755
y_true_train,Phosphate-P,18,0.15785
y_true_train,Phosphate-P,18,0.076666667
y_true_train,Phosphate-P,18,0.0512
y_true_train,Phosphate-P,18,0.132
y_true_train,Phosphate-P,18,0.104333333
y_true_train,Phosphate-P,18,0.07105
y_true_train,Phosphate-P,18,0.466666667
y_true_train,Phosphate-P,18,0.082
y_true_train,Phosphate-P,18,0.078333333
y_true_train,Phosphate-P,18,0.34
y_true_train,Phosphate-P,18,0.336
y_true_train,Phosphate-P,18,0.150156265
y_true_train,Phosphate-P,18,0.078333333
y_true_train,Phosphate-P,18,0.090333333
y_true_train,Phosphate-P,18,0.200780147
y_true_train,Phosphate-P,18,0.42907
y_true_train,Phosphate-P,18,0.619333333
y_true_train,Phosphate-P,18,0.601333333
y_true_train,Phosphate-P,18,0.07112
y_true_train,Phosphate-P,18,0.119
y_true_train,Phosphate-P,18,0.081666667
y_true_train,Phosphate-P,18,0.191666667
y_true_train,Phosphate-P,18,0.1692
y_true_train,Phosphate-P,18,0.07185
y_true_train,Phosphate-P,18,0.554333333
y_true_train,Phosphate-P,18,0.05031
y_true_train,Phosphate-P,18,0.11026
y_true_train,Phosphate-P,18,0.11929
y_true_train,Phosphate-P,18,0.116706814
y_true_train,Phosphate-P,18,0.338333333
y_true_train,Phosphate-P,18,0.205603597
y_true_train,Phosphate-P,18,0.588000088
y_true_train,Phosphate-P,18,0.51
y_true_train,Phosphate-P,18,0.136666667
y_true_train,Phosphate-P,18,0.44981
y_true_train,Phosphate-P,18,0.16336
y_true_train,Phosphate-P,18,0.34749
y_true_train,Phosphate-P,18,0.48344
y_true_train,Phosphate-P,18,0.078
y_true_train,Phosphate-P,18,0.834333333
y_true_train,Phosphate-P,18,0.089
y_true_train,Phosphate-P,18,0.06773
y_true_train,Phosphate-P,18,0.18067
y_true_train,Phosphate-P,18,0.116706814
y_true_train,Phosphate-P,18,0.229333333
y_true_train,Phosphate-P,18,0.05571
y_true_train,Phosphate-P,18,0.338333333
y_true_train,Phosphate-P,18,0.69042
y_true_train,Phosphate-P,18,0.08984
y_true_train,Phosphate-P,18,0.03695
y_true_train,Phosphate-P,18,0.0686
y_true_train,Phosphate-P,18,0.08955
y_true_train,Phosphate-P,18,0.11770379
y_true_train,Phosphate-P,18,0.03864
y_true_train,Phosphate-P,18,0.05276
y_true_train,Phosphate-P,18,0.158
y_true_train,Phosphate-P,18,0.108666667
y_true_train,Phosphate-P,18,0.398
y_true_train,Phosphate-P,18,0.264
y_true_train,Phosphate-P,18,0.53977
y_true_train,Phosphate-P,18,0.686666667
y_true_train,Phosphate-P,18,0.123
y_true_train,Phosphate-P,18,0.15989332
y_true_train,Phosphate-P,18,0.271013196
y_true_train,Phosphate-P,18,0.094
y_true_train,Phosphate-P,18,0.052333333
y_true_train,Phosphate-P,18,0.36584
y_true_train,Phosphate-P,18,0.131
y_true_train,Phosphate-P,18,0.152333333
y_true_train,Phosphate-P,18,0.55
y_true_train,Phosphate-P,18,0.19012
y_true_train,Phosphate-P,18,0.189666667
y_true_train,Phosphate-P,18,0.866544347
y_true_train,Phosphate-P,18,0.04722
y_true_train,Phosphate-P,18,0.67654
y_true_train,Phosphate-P,18,0.546666667
y_true_train,Phosphate-P,18,0.457286778
y_true_train,Phosphate-P,18,0.613333333
y_true_train,Phosphate-P,18,0.06581
y_true_train,Phosphate-P,18,0.166804647
y_true_train,Phosphate-P,18,0.187666667
y_true_train,Phosphate-P,18,0.071
y_true_train,Phosphate-P,18,0.088
y_true_train,Phosphate-P,18,0.10954
y_true_train,Phosphate-P,18,0.67156
y_true_train,Phosphate-P,18,0.228333333
y_true_train,Phosphate-P,18,0.557
y_true_train,Phosphate-P,18,0.70909
y_true_train,Phosphate-P,18,0.41883
y_true_train,Phosphate-P,18,0.06275
y_true_train,Phosphate-P,18,0.12965646
y_true_test,Phosphate-P,18,0.336730892
y_true_test,Phosphate-P,18,0.132
y_true_test,Phosphate-P,18,0.44946521
y_true_test,Phosphate-P,18,0.11203
y_true_test,Phosphate-P,18,0.996333333
y_true_test,Phosphate-P,18,0.177
y_true_test,Phosphate-P,18,0.22296
y_true_test,Phosphate-P,18,0.34249
y_true_test,Phosphate-P,18,0.38031
y_true_test,Phosphate-P,18,0.817666667
y_true_test,Phosphate-P,18,0.55
y_true_test,Phosphate-P,18,0.089
y_true_test,Phosphate-P,18,0.727666667
y_true_test,Phosphate-P,18,0.24417
y_true_test,Phosphate-P,18,0.110666667
y_true_test,Phosphate-P,18,0.108
y_true_test,Phosphate-P,18,0.27718
y_true_test,Phosphate-P,18,0.691666667
y_true_test,Phosphate-P,18,0.124666667
y_true_test,Phosphate-P,18,0.05315
y_true_test,Phosphate-P,18,0.073666667
y_true_test,Phosphate-P,18,0.08646
y_true_test,Phosphate-P,18,0.05799
y_true_test,Phosphate-P,18,0.42907
y_true_test,Phosphate-P,18,0.880333333
y_true_test,Phosphate-P,18,0.36624
y_true_test,Phosphate-P,18,0.1027
y_true_test,Phosphate-P,18,0.089
y_true_test,Phosphate-P,18,0.05293
y_true_test,Phosphate-P,18,0.09747
y_true_test,Phosphate-P,18,0.168488244
y_true_test,Phosphate-P,18,0.271013196
y_true_test,Phosphate-P,18,0.102666667
y_true_test,Phosphate-P,18,0.09
y_true_test,Phosphate-P,18,0.156
y_true_test,Phosphate-P,18,0.33558
y_true_test,Phosphate-P,18,0.264
y_true_test,Phosphate-P,18,0.08439
y_true_test,Phosphate-P,18,0.470497874
y_true_test,Phosphate-P,18,0.531
y_true_test,Phosphate-P,18,0.40176
y_true_test,Phosphate-P,18,0.14617
y_true_test,Phosphate-P,18,0.406666667
y_true_test,Phosphate-P,18,0.081
y_true_test,Phosphate-P,18,0.415
y_true_test,Phosphate-P,18,0.631870027
y_true_test,Phosphate-P,18,0.221333333
y_true_test,Phosphate-P,18,0.058
y_true_test,Phosphate-P,18,0.46794
y_true_test,Phosphate-P,18,0.284666667
y_true_test,Phosphate-P,18,0.061333333
y_true_test,Phosphate-P,18,0.562333333
y_true_test,Phosphate-P,18,0.12965646
y_true_test,Phosphate-P,18,0.098666667
y_true_test,Phosphate-P,18,0.728098185
y_true_test,Phosphate-P,18,0.05119
y_true_test,Phosphate-P,18,0.167
y_true_test,Phosphate-P,18,0.06315
test_ind,Phosphate-P,18,94.0
test_ind,Phosphate-P,18,170.0
test_ind,Phosphate-P,18,123.0
test_ind,Phosphate-P,18,212.0
test_ind,Phosphate-P,18,281.0
test_ind,Phosphate-P,18,366.0
test_ind,Phosphate-P,18,118.0
test_ind,Phosphate-P,18,120.0
test_ind,Phosphate-P,18,49.0
test_ind,Phosphate-P,18,392.0
test_ind,Phosphate-P,18,142.0
test_ind,Phosphate-P,18,75.0
test_ind,Phosphate-P,18,9.0
test_ind,Phosphate-P,18,23.0
test_ind,Phosphate-P,18,305.0
test_ind,Phosphate-P,18,2.0
test_ind,Phosphate-P,18,119.0
test_ind,Phosphate-P,18,319.0
test_ind,Phosphate-P,18,268.0
test_ind,Phosphate-P,18,38.0
test_ind,Phosphate-P,18,343.0
test_ind,Phosphate-P,18,243.0
test_ind,Phosphate-P,18,67.0
test_ind,Phosphate-P,18,97.0
test_ind,Phosphate-P,18,344.0
test_ind,Phosphate-P,18,36.0
test_ind,Phosphate-P,18,237.0
test_ind,Phosphate-P,18,76.0
test_ind,Phosphate-P,18,257.0
test_ind,Phosphate-P,18,51.0
test_ind,Phosphate-P,18,218.0
test_ind,Phosphate-P,18,125.0
test_ind,Phosphate-P,18,370.0
test_ind,Phosphate-P,18,359.0
test_ind,Phosphate-P,18,398.0
test_ind,Phosphate-P,18,61.0
test_ind,Phosphate-P,18,122.0
test_ind,Phosphate-P,18,249.0
test_ind,Phosphate-P,18,124.0
test_ind,Phosphate-P,18,8.0
test_ind,Phosphate-P,18,136.0
test_ind,Phosphate-P,18,248.0
test_ind,Phosphate-P,18,260.0
test_ind,Phosphate-P,18,270.0
test_ind,Phosphate-P,18,302.0
test_ind,Phosphate-P,18,104.0
test_ind,Phosphate-P,18,382.0
test_ind,Phosphate-P,18,385.0
test_ind,Phosphate-P,18,98.0
test_ind,Phosphate-P,18,339.0
test_ind,Phosphate-P,18,190.0
test_ind,Phosphate-P,18,299.0
test_ind,Phosphate-P,18,77.0
test_ind,Phosphate-P,18,346.0
test_ind,Phosphate-P,18,145.0
test_ind,Phosphate-P,18,69.0
test_ind,Phosphate-P,18,12.0
test_ind,Phosphate-P,18,16.0
train_ind,Phosphate-P,18,186.0
train_ind,Phosphate-P,18,80.0
train_ind,Phosphate-P,18,326.0
train_ind,Phosphate-P,18,79.0
train_ind,Phosphate-P,18,193.0
train_ind,Phosphate-P,18,262.0
train_ind,Phosphate-P,18,349.0
train_ind,Phosphate-P,18,194.0
train_ind,Phosphate-P,18,187.0
train_ind,Phosphate-P,18,320.0
train_ind,Phosphate-P,18,312.0
train_ind,Phosphate-P,18,64.0
train_ind,Phosphate-P,18,373.0
train_ind,Phosphate-P,18,73.0
train_ind,Phosphate-P,18,265.0
train_ind,Phosphate-P,18,6.0
train_ind,Phosphate-P,18,189.0
train_ind,Phosphate-P,18,250.0
train_ind,Phosphate-P,18,361.0
train_ind,Phosphate-P,18,95.0
train_ind,Phosphate-P,18,252.0
train_ind,Phosphate-P,18,279.0
train_ind,Phosphate-P,18,103.0
train_ind,Phosphate-P,18,211.0
train_ind,Phosphate-P,18,341.0
train_ind,Phosphate-P,18,386.0
train_ind,Phosphate-P,18,233.0
train_ind,Phosphate-P,18,99.0
train_ind,Phosphate-P,18,287.0
train_ind,Phosphate-P,18,269.0
train_ind,Phosphate-P,18,315.0
train_ind,Phosphate-P,18,48.0
train_ind,Phosphate-P,18,165.0
train_ind,Phosphate-P,18,304.0
train_ind,Phosphate-P,18,175.0
train_ind,Phosphate-P,18,291.0
train_ind,Phosphate-P,18,318.0
train_ind,Phosphate-P,18,191.0
train_ind,Phosphate-P,18,11.0
train_ind,Phosphate-P,18,72.0
train_ind,Phosphate-P,18,143.0
train_ind,Phosphate-P,18,236.0
train_ind,Phosphate-P,18,169.0
train_ind,Phosphate-P,18,389.0
train_ind,Phosphate-P,18,41.0
train_ind,Phosphate-P,18,171.0
train_ind,Phosphate-P,18,300.0
train_ind,Phosphate-P,18,17.0
train_ind,Phosphate-P,18,3.0
train_ind,Phosphate-P,18,274.0
train_ind,Phosphate-P,18,215.0
train_ind,Phosphate-P,18,358.0
train_ind,Phosphate-P,18,353.0
train_ind,Phosphate-P,18,217.0
train_ind,Phosphate-P,18,216.0
train_ind,Phosphate-P,18,395.0
train_ind,Phosphate-P,18,173.0
train_ind,Phosphate-P,18,96.0
train_ind,Phosphate-P,18,362.0
train_ind,Phosphate-P,18,329.0
train_ind,Phosphate-P,18,34.0
train_ind,Phosphate-P,18,381.0
train_ind,Phosphate-P,18,278.0
train_ind,Phosphate-P,18,324.0
train_ind,Phosphate-P,18,167.0
train_ind,Phosphate-P,18,55.0
train_ind,Phosphate-P,18,338.0
train_ind,Phosphate-P,18,14.0
train_ind,Phosphate-P,18,168.0
train_ind,Phosphate-P,18,166.0
train_ind,Phosphate-P,18,219.0
train_ind,Phosphate-P,18,100.0
train_ind,Phosphate-P,18,172.0
train_ind,Phosphate-P,18,102.0
train_ind,Phosphate-P,18,391.0
train_ind,Phosphate-P,18,347.0
train_ind,Phosphate-P,18,244.0
train_ind,Phosphate-P,18,57.0
train_ind,Phosphate-P,18,247.0
train_ind,Phosphate-P,18,65.0
train_ind,Phosphate-P,18,342.0
train_ind,Phosphate-P,18,298.0
train_ind,Phosphate-P,18,74.0
train_ind,Phosphate-P,18,71.0
train_ind,Phosphate-P,18,52.0
train_ind,Phosphate-P,18,220.0
train_ind,Phosphate-P,18,351.0
train_ind,Phosphate-P,18,214.0
train_ind,Phosphate-P,18,101.0
train_ind,Phosphate-P,18,138.0
train_ind,Phosphate-P,18,188.0
train_ind,Phosphate-P,18,43.0
train_ind,Phosphate-P,18,59.0
train_ind,Phosphate-P,18,213.0
train_ind,Phosphate-P,18,231.0
train_ind,Phosphate-P,18,20.0
train_ind,Phosphate-P,18,42.0
train_ind,Phosphate-P,18,333.0
train_ind,Phosphate-P,18,332.0
train_ind,Phosphate-P,18,280.0
train_ind,Phosphate-P,18,121.0
train_ind,Phosphate-P,18,29.0
train_ind,Phosphate-P,18,390.0
train_ind,Phosphate-P,18,293.0
train_ind,Phosphate-P,18,192.0
train_ind,Phosphate-P,18,126.0
train_ind,Phosphate-P,18,311.0
train_ind,Phosphate-P,18,292.0
train_ind,Phosphate-P,18,27.0
train_ind,Phosphate-P,18,266.0
train_ind,Phosphate-P,18,374.0
train_ind,Phosphate-P,18,141.0
train_ind,Phosphate-P,18,28.0
train_ind,Phosphate-P,18,378.0
train_ind,Phosphate-P,18,144.0
train_ind,Phosphate-P,18,232.0
train_ind,Phosphate-P,18,139.0
train_ind,Phosphate-P,18,345.0
train_ind,Phosphate-P,18,164.0
train_ind,Phosphate-P,18,295.0
train_ind,Phosphate-P,18,238.0
train_ind,Phosphate-P,18,174.0
train_ind,Phosphate-P,18,284.0
train_ind,Phosphate-P,18,306.0
train_ind,Phosphate-P,18,323.0
train_ind,Phosphate-P,18,15.0
train_ind,Phosphate-P,18,137.0
train_ind,Phosphate-P,18,365.0
train_ind,Phosphate-P,18,372.0
train_ind,Phosphate-P,18,140.0
train_ind,Phosphate-P,18,258.0
train_ind,Phosphate-P,18,39.0
train_ind,Phosphate-P,18,78.0
test_rsq,Phosphate-P,18,0.20777299726310605
train_rsq,Phosphate-P,18,0.2699771146798652
test_rmse,Phosphate-P,18,0.21059189845895132
train_rmse,Phosphate-P,18,0.19781196751227373
test_mape,Phosphate-P,18,84.93018138007444
train_mape,Phosphate-P,18,108.5438074085048
n_comp,Phosphate-P,18,6.0
y_hat_test,Phosphate-P,19,0.056036242830411476
y_hat_test,Phosphate-P,19,0.4231994112143985
y_hat_test,Phosphate-P,19,0.14474524820752682
y_hat_test,Phosphate-P,19,0.3027826158529726
y_hat_test,Phosphate-P,19,-0.006310110437699745
y_hat_test,Phosphate-P,19,0.14449721810523497
y_hat_test,Phosphate-P,19,0.1526078233781827
y_hat_test,Phosphate-P,19,0.043845466835196134
y_hat_test,Phosphate-P,19,0.11207895533203757
y_hat_test,Phosphate-P,19,0.2895430089365155
y_hat_test,Phosphate-P,19,0.3486911038143545
y_hat_test,Phosphate-P,19,0.5406421652964604
y_hat_test,Phosphate-P,19,0.38760915454371386
y_hat_test,Phosphate-P,19,0.5543643720257772
y_hat_test,Phosphate-P,19,0.46509376561047366
y_hat_test,Phosphate-P,19,0.49302380249701594
y_hat_test,Phosphate-P,19,0.14320178074542472
y_hat_test,Phosphate-P,19,0.07730251429840934
y_hat_test,Phosphate-P,19,-0.03168176696813052
y_hat_test,Phosphate-P,19,0.21233281572716456
y_hat_test,Phosphate-P,19,0.2814059116528262
y_hat_test,Phosphate-P,19,0.09595611950811281
y_hat_test,Phosphate-P,19,0.14135834239931397
y_hat_test,Phosphate-P,19,0.277692353760637
y_hat_test,Phosphate-P,19,0.1657478965191996
y_hat_test,Phosphate-P,19,0.6957515526021327
y_hat_test,Phosphate-P,19,0.547293639041238
y_hat_test,Phosphate-P,19,0.4680885912764202
y_hat_test,Phosphate-P,19,0.6835556525468975
y_hat_test,Phosphate-P,19,0.11965140784588488
y_hat_test,Phosphate-P,19,0.4237665446049495
y_hat_test,Phosphate-P,19,0.5044069544345269
y_hat_test,Phosphate-P,19,0.3415483098252939
y_hat_test,Phosphate-P,19,-0.28311459670354694
y_hat_test,Phosphate-P,19,0.19080274715746215
y_hat_test,Phosphate-P,19,0.5994064157583087
y_hat_test,Phosphate-P,19,0.09110264517656469
y_hat_test,Phosphate-P,19,0.11317237567175548
y_hat_test,Phosphate-P,19,0.3398441013760664
y_hat_test,Phosphate-P,19,0.04657278532906828
y_hat_test,Phosphate-P,19,0.5062430060929035
y_hat_test,Phosphate-P,19,0.18419320728337413
y_hat_test,Phosphate-P,19,-0.17394295556884765
y_hat_test,Phosphate-P,19,0.06900027626175861
y_hat_test,Phosphate-P,19,0.44893886820033946
y_hat_test,Phosphate-P,19,0.2546926762489696
y_hat_test,Phosphate-P,19,0.6610141603227562
y_hat_test,Phosphate-P,19,0.5246059892253911
y_hat_test,Phosphate-P,19,0.23450358984929232
y_hat_test,Phosphate-P,19,0.15022280783431002
y_hat_test,Phosphate-P,19,0.3448719060193485
y_hat_test,Phosphate-P,19,0.4941929281486927
y_hat_test,Phosphate-P,19,-0.1268364387179039
y_hat_test,Phosphate-P,19,0.04699475581415152
y_hat_test,Phosphate-P,19,0.37413563720485365
y_hat_test,Phosphate-P,19,0.4401434003121958
y_hat_test,Phosphate-P,19,0.10724481148317158
y_hat_test,Phosphate-P,19,0.4882771801196484
y_hat_train,Phosphate-P,19,0.4527514117582395
y_hat_train,Phosphate-P,19,0.12484949753226457
y_hat_train,Phosphate-P,19,0.5879572007951426
y_hat_train,Phosphate-P,19,0.15228000976492193
y_hat_train,Phosphate-P,19,0.24757475484217942
y_hat_train,Phosphate-P,19,0.16846089310809179
y_hat_train,Phosphate-P,19,0.6129015062465946
y_hat_train,Phosphate-P,19,0.46443334382365387
y_hat_train,Phosphate-P,19,0.06313628625563877
y_hat_train,Phosphate-P,19,0.470663218163468
y_hat_train,Phosphate-P,19,0.16079848444655415
y_hat_train,Phosphate-P,19,0.017451242704425607
y_hat_train,Phosphate-P,19,0.021012271746797984
y_hat_train,Phosphate-P,19,0.604988630413434
y_hat_train,Phosphate-P,19,0.3784466345305635
y_hat_train,Phosphate-P,19,0.15706768110949265
y_hat_train,Phosphate-P,19,0.6924650868252387
y_hat_train,Phosphate-P,19,0.4202484778597461
y_hat_train,Phosphate-P,19,0.35558548465478473
y_hat_train,Phosphate-P,19,0.5592217633015387
y_hat_train,Phosphate-P,19,0.07363250601451429
y_hat_train,Phosphate-P,19,0.18583336369902717
y_hat_train,Phosphate-P,19,0.13995958477980253
y_hat_train,Phosphate-P,19,0.42704195954298435
y_hat_train,Phosphate-P,19,0.16294207845221007
y_hat_train,Phosphate-P,19,0.1569407765981156
y_hat_train,Phosphate-P,19,0.3879302235416384
y_hat_train,Phosphate-P,19,0.2774675091842672
y_hat_train,Phosphate-P,19,0.1871632090178122
y_hat_train,Phosphate-P,19,0.21015463268964546
y_hat_train,Phosphate-P,19,0.0077252365705361425
y_hat_train,Phosphate-P,19,0.1666623599588138
y_hat_train,Phosphate-P,19,0.6355122414801722
y_hat_train,Phosphate-P,19,0.2744675504963482
y_hat_train,Phosphate-P,19,0.3134911705692089
y_hat_train,Phosphate-P,19,0.4568500086195576
y_hat_train,Phosphate-P,19,0.3333880374403283
y_hat_train,Phosphate-P,19,0.07572311376131274
y_hat_train,Phosphate-P,19,0.43376057732358003
y_hat_train,Phosphate-P,19,0.2029067143288421
y_hat_train,Phosphate-P,19,0.25571030494147606
y_hat_train,Phosphate-P,19,0.31469216859680527
y_hat_train,Phosphate-P,19,0.8381262569598766
y_hat_train,Phosphate-P,19,0.27246605342334534
y_hat_train,Phosphate-P,19,0.5862968574217193
y_hat_train,Phosphate-P,19,0.49780217669425547
y_hat_train,Phosphate-P,19,0.19610143549915343
y_hat_train,Phosphate-P,19,0.3106755192707931
y_hat_train,Phosphate-P,19,0.32162451435902345
y_hat_train,Phosphate-P,19,0.413458642706044
y_hat_train,Phosphate-P,19,0.11762149432262156
y_hat_train,Phosphate-P,19,0.08709573332099152
y_hat_train,Phosphate-P,19,0.4093611588739912
y_hat_train,Phosphate-P,19,0.962481221325203
y_hat_train,Phosphate-P,19,0.3050219992384847
y_hat_train,Phosphate-P,19,0.4483013289417945
y_hat_train,Phosphate-P,19,0.08735674741386476
y_hat_train,Phosphate-P,19,0.04130859946918636
y_hat_train,Phosphate-P,19,0.1881440109386946
y_hat_train,Phosphate-P,19,-0.09253235167503099
y_hat_train,Phosphate-P,19,0.4359497768777025
y_hat_train,Phosphate-P,19,0.18525841466997525
y_hat_train,Phosphate-P,19,0.5067469173727404
y_hat_train,Phosphate-P,19,0.6265671095064942
y_hat_train,Phosphate-P,19,0.14961438318553888
y_hat_train,Phosphate-P,19,0.6546847113681273
y_hat_train,Phosphate-P,19,-0.0018168301100970896
y_hat_train,Phosphate-P,19,0.15734805440853353
y_hat_train,Phosphate-P,19,0.501829652318056
y_hat_train,Phosphate-P,19,0.06185826780301751
y_hat_train,Phosphate-P,19,0.26968669432732945
y_hat_train,Phosphate-P,19,0.8761307234539832
y_hat_train,Phosphate-P,19,-0.030353853563176214
y_hat_train,Phosphate-P,19,0.07415060761092865
y_hat_train,Phosphate-P,19,0.5700234075831261
y_hat_train,Phosphate-P,19,0.05119398122365465
y_hat_train,Phosphate-P,19,0.420647323513164
y_hat_train,Phosphate-P,19,0.31404263085191797
y_hat_train,Phosphate-P,19,0.49569392713868027
y_hat_train,Phosphate-P,19,0.02733107481707142
y_hat_train,Phosphate-P,19,0.5773561874456431
y_hat_train,Phosphate-P,19,0.18047802935015933
y_hat_train,Phosphate-P,19,0.1524407790769639
y_hat_train,Phosphate-P,19,0.06774819461005971
y_hat_train,Phosphate-P,19,0.31407553139355066
y_hat_train,Phosphate-P,19,0.3268338747631702
y_hat_train,Phosphate-P,19,0.40039466236919785
y_hat_train,Phosphate-P,19,0.19871951738991367
y_hat_train,Phosphate-P,19,0.3576586851856991
y_hat_train,Phosphate-P,19,0.34168983416952536
y_hat_train,Phosphate-P,19,0.2927303084045142
y_hat_train,Phosphate-P,19,0.06409876236278927
y_hat_train,Phosphate-P,19,0.0063686704833752494
y_hat_train,Phosphate-P,19,0.20876452001592208
y_hat_train,Phosphate-P,19,-0.04914412848012467
y_hat_train,Phosphate-P,19,0.1688793790012323
y_hat_train,Phosphate-P,19,0.3899174955093965
y_hat_train,Phosphate-P,19,0.3450715202172024
y_hat_train,Phosphate-P,19,0.6419741434769479
y_hat_train,Phosphate-P,19,0.628438976042825
y_hat_train,Phosphate-P,19,0.3831632866935389
y_hat_train,Phosphate-P,19,0.06911814960277679
y_hat_train,Phosphate-P,19,0.6621426477474204
y_hat_train,Phosphate-P,19,0.05537455642103353
y_hat_train,Phosphate-P,19,0.039261070317614555
y_hat_train,Phosphate-P,19,0.45289330364099567
y_hat_train,Phosphate-P,19,0.44380452974852275
y_hat_train,Phosphate-P,19,0.10925660726381203
y_hat_train,Phosphate-P,19,-0.08755805405105038
y_hat_train,Phosphate-P,19,0.311940742338417
y_hat_train,Phosphate-P,19,0.6063577988592825
y_hat_train,Phosphate-P,19,0.26073645514210514
y_hat_train,Phosphate-P,19,0.5409325483455683
y_hat_train,Phosphate-P,19,0.18420137514710366
y_hat_train,Phosphate-P,19,0.42514826892855984
y_hat_train,Phosphate-P,19,0.1646429803099148
y_hat_train,Phosphate-P,19,0.3685929212985356
y_hat_train,Phosphate-P,19,0.413819592082472
y_hat_train,Phosphate-P,19,0.3178608433049355
y_hat_train,Phosphate-P,19,0.2826136833893025
y_hat_train,Phosphate-P,19,0.30739903585720507
y_hat_train,Phosphate-P,19,0.18721499195209018
y_hat_train,Phosphate-P,19,0.10504802985093109
y_hat_train,Phosphate-P,19,-0.07474819026899049
y_hat_train,Phosphate-P,19,0.5839359968864618
y_hat_train,Phosphate-P,19,0.3089562038100565
y_hat_train,Phosphate-P,19,0.7238847788002999
y_hat_train,Phosphate-P,19,0.3330046821521683
y_hat_train,Phosphate-P,19,0.15201772679973855
y_hat_train,Phosphate-P,19,0.4966047064872342
y_hat_train,Phosphate-P,19,0.11957696178379004
y_hat_train,Phosphate-P,19,0.15732038488099878
y_hat_train,Phosphate-P,19,0.15795216533869227
y_true_train,Phosphate-P,19,0.406666667
y_true_train,Phosphate-P,19,0.089
y_true_train,Phosphate-P,19,0.59085
y_true_train,Phosphate-P,19,0.132
y_true_train,Phosphate-P,19,0.06581
y_true_train,Phosphate-P,19,0.19012
y_true_train,Phosphate-P,19,0.817666667
y_true_train,Phosphate-P,19,0.38031
y_true_train,Phosphate-P,19,0.108
y_true_train,Phosphate-P,19,0.554333333
y_true_train,Phosphate-P,19,0.102666667
y_true_train,Phosphate-P,19,0.061333333
y_true_train,Phosphate-P,19,0.05315
y_true_train,Phosphate-P,19,0.880333333
y_true_train,Phosphate-P,19,0.119
y_true_train,Phosphate-P,19,0.205603597
y_true_train,Phosphate-P,19,0.67654
y_true_train,Phosphate-P,19,0.546666667
y_true_train,Phosphate-P,19,0.22296
y_true_train,Phosphate-P,19,0.661834245
y_true_train,Phosphate-P,19,0.09
y_true_train,Phosphate-P,19,0.163838414
y_true_train,Phosphate-P,19,0.092
y_true_train,Phosphate-P,19,0.528
y_true_train,Phosphate-P,19,0.167
y_true_train,Phosphate-P,19,0.15785
y_true_train,Phosphate-P,19,0.40176
y_true_train,Phosphate-P,19,0.338333333
y_true_train,Phosphate-P,19,0.089
y_true_train,Phosphate-P,19,0.11026
y_true_train,Phosphate-P,19,0.061333333
y_true_train,Phosphate-P,19,0.12965646
y_true_train,Phosphate-P,19,0.6755
y_true_train,Phosphate-P,19,0.41883
y_true_train,Phosphate-P,19,0.168488244
y_true_train,Phosphate-P,19,0.601333333
y_true_train,Phosphate-P,19,0.336730892
y_true_train,Phosphate-P,19,0.200780147
y_true_train,Phosphate-P,19,0.42907
y_true_train,Phosphate-P,19,0.107666667
y_true_train,Phosphate-P,19,0.228333333
y_true_train,Phosphate-P,19,0.11929
y_true_train,Phosphate-P,19,0.866544347
y_true_train,Phosphate-P,19,0.531
y_true_train,Phosphate-P,19,0.562333333
y_true_train,Phosphate-P,19,0.691666667
y_true_train,Phosphate-P,19,0.089333333
y_true_train,Phosphate-P,19,0.51
y_true_train,Phosphate-P,19,0.191666667
y_true_train,Phosphate-P,19,0.30041
y_true_train,Phosphate-P,19,0.09747
y_true_train,Phosphate-P,19,0.16336
y_true_train,Phosphate-P,19,0.10434
y_true_train,Phosphate-P,19,0.834333333
y_true_train,Phosphate-P,19,0.336
y_true_train,Phosphate-P,19,0.686666667
y_true_train,Phosphate-P,19,0.081
y_true_train,Phosphate-P,19,0.07329
y_true_train,Phosphate-P,19,0.0686
y_true_train,Phosphate-P,19,0.120092955
y_true_train,Phosphate-P,19,0.55
y_true_train,Phosphate-P,19,0.153666667
y_true_train,Phosphate-P,19,0.398
y_true_train,Phosphate-P,19,0.69042
y_true_train,Phosphate-P,19,0.08646
y_true_train,Phosphate-P,19,0.750333333
y_true_train,Phosphate-P,19,0.05293
y_true_train,Phosphate-P,19,0.076666667
y_true_train,Phosphate-P,19,0.708
y_true_train,Phosphate-P,19,0.08433
y_true_train,Phosphate-P,19,0.150156265
y_true_train,Phosphate-P,19,0.996333333
y_true_train,Phosphate-P,19,0.04722
y_true_train,Phosphate-P,19,0.08439
y_true_train,Phosphate-P,19,0.728666667
y_true_train,Phosphate-P,19,0.058
y_true_train,Phosphate-P,19,0.34
y_true_train,Phosphate-P,19,0.495666667
y_true_train,Phosphate-P,19,0.42907
y_true_train,Phosphate-P,19,0.08157
y_true_train,Phosphate-P,19,0.619333333
y_true_train,Phosphate-P,19,0.05276
y_true_train,Phosphate-P,19,0.16774969
y_true_train,Phosphate-P,19,0.11770379
y_true_train,Phosphate-P,19,0.557
y_true_train,Phosphate-P,19,0.271013196
y_true_train,Phosphate-P,19,0.48344
y_true_train,Phosphate-P,19,0.131
y_true_train,Phosphate-P,19,0.34749
y_true_train,Phosphate-P,19,0.189666667
y_true_train,Phosphate-P,19,0.082
y_true_train,Phosphate-P,19,0.086
y_true_train,Phosphate-P,19,0.078333333
y_true_train,Phosphate-P,19,0.03864
y_true_train,Phosphate-P,19,0.123
y_true_train,Phosphate-P,19,0.158
y_true_train,Phosphate-P,19,0.36624
y_true_train,Phosphate-P,19,0.24417
y_true_train,Phosphate-P,19,0.46794
y_true_train,Phosphate-P,19,0.70909
y_true_train,Phosphate-P,19,0.136666667
y_true_train,Phosphate-P,19,0.116706814
y_true_train,Phosphate-P,19,0.631870027
y_true_train,Phosphate-P,19,0.27718
y_true_train,Phosphate-P,19,0.06773
y_true_train,Phosphate-P,19,0.588000088
y_true_train,Phosphate-P,19,0.44981
y_true_train,Phosphate-P,19,0.132
y_true_train,Phosphate-P,19,0.078333333
y_true_train,Phosphate-P,19,0.166804647
y_true_train,Phosphate-P,19,0.727666667
y_true_train,Phosphate-P,19,0.06315
y_true_train,Phosphate-P,19,0.55
y_true_train,Phosphate-P,19,0.089
y_true_train,Phosphate-P,19,0.53977
y_true_train,Phosphate-P,19,0.091666667
y_true_train,Phosphate-P,19,0.2953
y_true_train,Phosphate-P,19,0.54935
y_true_train,Phosphate-P,19,0.166804647
y_true_train,Phosphate-P,19,0.07105
y_true_train,Phosphate-P,19,0.11203
y_true_train,Phosphate-P,19,0.187666667
y_true_train,Phosphate-P,19,0.073666667
y_true_train,Phosphate-P,19,0.03695
y_true_train,Phosphate-P,19,0.67156
y_true_train,Phosphate-P,19,0.284666667
y_true_train,Phosphate-P,19,0.728098185
y_true_train,Phosphate-P,19,0.338333333
y_true_train,Phosphate-P,19,0.06275
y_true_train,Phosphate-P,19,0.229333333
y_true_train,Phosphate-P,19,0.08955
y_true_train,Phosphate-P,19,0.1027
y_true_train,Phosphate-P,19,0.15989332
y_true_test,Phosphate-P,19,0.415
y_true_test,Phosphate-P,19,0.890825762
y_true_test,Phosphate-P,19,0.14079
y_true_test,Phosphate-P,19,0.05119
y_true_test,Phosphate-P,19,0.088
y_true_test,Phosphate-P,19,0.07112
y_true_test,Phosphate-P,19,0.14617
y_true_test,Phosphate-P,19,0.264
y_true_test,Phosphate-P,19,0.221333333
y_true_test,Phosphate-P,19,0.177
y_true_test,Phosphate-P,19,0.470497874
y_true_test,Phosphate-P,19,0.114
y_true_test,Phosphate-P,19,0.757333333
y_true_test,Phosphate-P,19,0.416666667
y_true_test,Phosphate-P,19,0.052333333
y_true_test,Phosphate-P,19,0.239333333
y_true_test,Phosphate-P,19,0.12965646
y_true_test,Phosphate-P,19,0.110666667
y_true_test,Phosphate-P,19,0.071
y_true_test,Phosphate-P,19,0.124666667
y_true_test,Phosphate-P,19,0.108666667
y_true_test,Phosphate-P,19,0.05799
y_true_test,Phosphate-P,19,0.466666667
y_true_test,Phosphate-P,19,0.613333333
y_true_test,Phosphate-P,19,0.0512
y_true_test,Phosphate-P,19,0.527
y_true_test,Phosphate-P,19,0.33558
y_true_test,Phosphate-P,19,0.152333333
y_true_test,Phosphate-P,19,0.72154
y_true_test,Phosphate-P,19,0.10954
y_true_test,Phosphate-P,19,0.18067
y_true_test,Phosphate-P,19,0.36584
y_true_test,Phosphate-P,19,0.081666667
y_true_test,Phosphate-P,19,0.05571
y_true_test,Phosphate-P,19,0.07735
y_true_test,Phosphate-P,19,0.094
y_true_test,Phosphate-P,19,0.05031
y_true_test,Phosphate-P,19,0.090333333
y_true_test,Phosphate-P,19,0.156
y_true_test,Phosphate-P,19,0.264
y_true_test,Phosphate-P,19,0.098666667
y_true_test,Phosphate-P,19,0.078
y_true_test,Phosphate-P,19,0.068
y_true_test,Phosphate-P,19,0.098333333
y_true_test,Phosphate-P,19,0.34249
y_true_test,Phosphate-P,19,0.106524044
y_true_test,Phosphate-P,19,0.1692
y_true_test,Phosphate-P,19,0.44946521
y_true_test,Phosphate-P,19,0.158333333
y_true_test,Phosphate-P,19,0.08984
y_true_test,Phosphate-P,19,0.104236832
y_true_test,Phosphate-P,19,0.457286778
y_true_test,Phosphate-P,19,0.10184
y_true_test,Phosphate-P,19,0.116706814
y_true_test,Phosphate-P,19,0.07185
y_true_test,Phosphate-P,19,0.271013196
y_true_test,Phosphate-P,19,0.09725
y_true_test,Phosphate-P,19,0.104333333
test_ind,Phosphate-P,19,302.0
test_ind,Phosphate-P,19,143.0
test_ind,Phosphate-P,19,211.0
test_ind,Phosphate-P,19,69.0
test_ind,Phosphate-P,19,323.0
test_ind,Phosphate-P,19,34.0
test_ind,Phosphate-P,19,248.0
test_ind,Phosphate-P,19,121.0
test_ind,Phosphate-P,19,382.0
test_ind,Phosphate-P,19,366.0
test_ind,Phosphate-P,19,124.0
test_ind,Phosphate-P,19,320.0
test_ind,Phosphate-P,19,361.0
test_ind,Phosphate-P,19,279.0
test_ind,Phosphate-P,19,292.0
test_ind,Phosphate-P,19,312.0
test_ind,Phosphate-P,19,77.0
test_ind,Phosphate-P,19,305.0
test_ind,Phosphate-P,19,306.0
test_ind,Phosphate-P,19,268.0
test_ind,Phosphate-P,19,332.0
test_ind,Phosphate-P,19,67.0
test_ind,Phosphate-P,19,3.0
test_ind,Phosphate-P,19,295.0
test_ind,Phosphate-P,19,41.0
test_ind,Phosphate-P,19,291.0
test_ind,Phosphate-P,19,61.0
test_ind,Phosphate-P,19,374.0
test_ind,Phosphate-P,19,64.0
test_ind,Phosphate-P,19,15.0
test_ind,Phosphate-P,19,52.0
test_ind,Phosphate-P,19,27.0
test_ind,Phosphate-P,19,278.0
test_ind,Phosphate-P,19,214.0
test_ind,Phosphate-P,19,73.0
test_ind,Phosphate-P,19,311.0
test_ind,Phosphate-P,19,14.0
test_ind,Phosphate-P,19,395.0
test_ind,Phosphate-P,19,398.0
test_ind,Phosphate-P,19,122.0
test_ind,Phosphate-P,19,346.0
test_ind,Phosphate-P,19,342.0
test_ind,Phosphate-P,19,6.0
test_ind,Phosphate-P,19,287.0
test_ind,Phosphate-P,19,120.0
test_ind,Phosphate-P,19,193.0
test_ind,Phosphate-P,19,167.0
test_ind,Phosphate-P,19,123.0
test_ind,Phosphate-P,19,326.0
test_ind,Phosphate-P,19,188.0
test_ind,Phosphate-P,19,194.0
test_ind,Phosphate-P,19,164.0
test_ind,Phosphate-P,19,72.0
test_ind,Phosphate-P,19,220.0
test_ind,Phosphate-P,19,55.0
test_ind,Phosphate-P,19,126.0
test_ind,Phosphate-P,19,250.0
test_ind,Phosphate-P,19,300.0
train_ind,Phosphate-P,19,260.0
train_ind,Phosphate-P,19,76.0
train_ind,Phosphate-P,19,48.0
train_ind,Phosphate-P,19,171.0
train_ind,Phosphate-P,19,238.0
train_ind,Phosphate-P,19,28.0
train_ind,Phosphate-P,19,392.0
train_ind,Phosphate-P,19,49.0
train_ind,Phosphate-P,19,2.0
train_ind,Phosphate-P,19,338.0
train_ind,Phosphate-P,19,370.0
train_ind,Phosphate-P,19,190.0
train_ind,Phosphate-P,19,38.0
train_ind,Phosphate-P,19,344.0
train_ind,Phosphate-P,19,381.0
train_ind,Phosphate-P,19,172.0
train_ind,Phosphate-P,19,139.0
train_ind,Phosphate-P,19,345.0
train_ind,Phosphate-P,19,118.0
train_ind,Phosphate-P,19,103.0
train_ind,Phosphate-P,19,359.0
train_ind,Phosphate-P,19,79.0
train_ind,Phosphate-P,19,11.0
train_ind,Phosphate-P,19,304.0
train_ind,Phosphate-P,19,12.0
train_ind,Phosphate-P,19,169.0
train_ind,Phosphate-P,19,136.0
train_ind,Phosphate-P,19,100.0
train_ind,Phosphate-P,19,74.0
train_ind,Phosphate-P,19,168.0
train_ind,Phosphate-P,19,191.0
train_ind,Phosphate-P,19,78.0
train_ind,Phosphate-P,19,236.0
train_ind,Phosphate-P,19,258.0
train_ind,Phosphate-P,19,218.0
train_ind,Phosphate-P,19,329.0
train_ind,Phosphate-P,19,94.0
train_ind,Phosphate-P,19,173.0
train_ind,Phosphate-P,19,96.0
train_ind,Phosphate-P,19,315.0
train_ind,Phosphate-P,19,365.0
train_ind,Phosphate-P,19,166.0
train_ind,Phosphate-P,19,144.0
train_ind,Phosphate-P,19,8.0
train_ind,Phosphate-P,19,299.0
train_ind,Phosphate-P,19,319.0
train_ind,Phosphate-P,19,318.0
train_ind,Phosphate-P,19,391.0
train_ind,Phosphate-P,19,324.0
train_ind,Phosphate-P,19,95.0
train_ind,Phosphate-P,19,51.0
train_ind,Phosphate-P,19,57.0
train_ind,Phosphate-P,19,186.0
train_ind,Phosphate-P,19,298.0
train_ind,Phosphate-P,19,353.0
train_ind,Phosphate-P,19,390.0
train_ind,Phosphate-P,19,270.0
train_ind,Phosphate-P,19,189.0
train_ind,Phosphate-P,19,59.0
train_ind,Phosphate-P,19,165.0
train_ind,Phosphate-P,19,141.0
train_ind,Phosphate-P,19,386.0
train_ind,Phosphate-P,19,280.0
train_ind,Phosphate-P,19,138.0
train_ind,Phosphate-P,19,243.0
train_ind,Phosphate-P,19,373.0
train_ind,Phosphate-P,19,257.0
train_ind,Phosphate-P,19,389.0
train_ind,Phosphate-P,19,341.0
train_ind,Phosphate-P,19,252.0
train_ind,Phosphate-P,19,217.0
train_ind,Phosphate-P,19,281.0
train_ind,Phosphate-P,19,232.0
train_ind,Phosphate-P,19,249.0
train_ind,Phosphate-P,19,269.0
train_ind,Phosphate-P,19,385.0
train_ind,Phosphate-P,19,358.0
train_ind,Phosphate-P,19,262.0
train_ind,Phosphate-P,19,97.0
train_ind,Phosphate-P,19,187.0
train_ind,Phosphate-P,19,362.0
train_ind,Phosphate-P,19,42.0
train_ind,Phosphate-P,19,80.0
train_ind,Phosphate-P,19,231.0
train_ind,Phosphate-P,19,372.0
train_ind,Phosphate-P,19,125.0
train_ind,Phosphate-P,19,65.0
train_ind,Phosphate-P,19,266.0
train_ind,Phosphate-P,19,247.0
train_ind,Phosphate-P,19,378.0
train_ind,Phosphate-P,19,274.0
train_ind,Phosphate-P,19,265.0
train_ind,Phosphate-P,19,215.0
train_ind,Phosphate-P,19,20.0
train_ind,Phosphate-P,19,293.0
train_ind,Phosphate-P,19,333.0
train_ind,Phosphate-P,19,36.0
train_ind,Phosphate-P,19,23.0
train_ind,Phosphate-P,19,98.0
train_ind,Phosphate-P,19,140.0
train_ind,Phosphate-P,19,347.0
train_ind,Phosphate-P,19,219.0
train_ind,Phosphate-P,19,104.0
train_ind,Phosphate-P,19,119.0
train_ind,Phosphate-P,19,71.0
train_ind,Phosphate-P,19,102.0
train_ind,Phosphate-P,19,244.0
train_ind,Phosphate-P,19,170.0
train_ind,Phosphate-P,19,216.0
train_ind,Phosphate-P,19,174.0
train_ind,Phosphate-P,19,9.0
train_ind,Phosphate-P,19,16.0
train_ind,Phosphate-P,19,142.0
train_ind,Phosphate-P,19,75.0
train_ind,Phosphate-P,19,29.0
train_ind,Phosphate-P,19,349.0
train_ind,Phosphate-P,19,233.0
train_ind,Phosphate-P,19,99.0
train_ind,Phosphate-P,19,175.0
train_ind,Phosphate-P,19,17.0
train_ind,Phosphate-P,19,212.0
train_ind,Phosphate-P,19,284.0
train_ind,Phosphate-P,19,343.0
train_ind,Phosphate-P,19,43.0
train_ind,Phosphate-P,19,137.0
train_ind,Phosphate-P,19,339.0
train_ind,Phosphate-P,19,145.0
train_ind,Phosphate-P,19,101.0
train_ind,Phosphate-P,19,39.0
train_ind,Phosphate-P,19,351.0
train_ind,Phosphate-P,19,213.0
train_ind,Phosphate-P,19,237.0
train_ind,Phosphate-P,19,192.0
test_rsq,Phosphate-P,19,-0.3991077309515585
train_rsq,Phosphate-P,19,0.765444660914901
test_rmse,Phosphate-P,19,0.22990274348883621
train_rmse,Phosphate-P,19,0.11809516835069216
test_mape,Phosphate-P,19,147.72767692882803
train_mape,Phosphate-P,19,61.020794338548626
n_comp,Phosphate-P,19,12.0
y_hat_test,TP,0,0.430390750943978
y_hat_test,TP,0,0.4289195459721108
y_hat_test,TP,0,0.2746036723813376
y_hat_test,TP,0,0.3213369152629408
y_hat_test,TP,0,0.15113942552086396
y_hat_test,TP,0,0.057748821845528264
y_hat_test,TP,0,0.4526895092469605
y_hat_test,TP,0,0.2515422428473941
y_hat_test,TP,0,0.4869826304980581
y_hat_test,TP,0,0.3606641765631476
y_hat_test,TP,0,0.0022028845927949403
y_hat_test,TP,0,-0.2541783049134305
y_hat_test,TP,0,0.4250418296371772
y_hat_test,TP,0,0.41295259923534955
y_hat_test,TP,0,0.38746593875417323
y_hat_test,TP,0,0.052245531509801824
y_hat_test,TP,0,-0.02982211530575829
y_hat_test,TP,0,0.49312032610445455
y_hat_test,TP,0,0.07673904314574209
y_hat_test,TP,0,0.34082876205027035
y_hat_test,TP,0,0.07738360773391406
y_hat_train,TP,0,0.17628676918746347
y_hat_train,TP,0,0.047402304596196515
y_hat_train,TP,0,0.6293238041692425
y_hat_train,TP,0,0.008209590740423267
y_hat_train,TP,0,0.2235808843270762
y_hat_train,TP,0,0.22895644492120382
y_hat_train,TP,0,0.43170217918980747
y_hat_train,TP,0,0.3845203603676422
y_hat_train,TP,0,0.6665560962669015
y_hat_train,TP,0,0.0063273296867385476
y_hat_train,TP,0,0.18420856399596786
y_hat_train,TP,0,0.35042566785360163
y_hat_train,TP,0,0.49858496451767137
y_hat_train,TP,0,0.2813160491299831
y_hat_train,TP,0,0.1864949723835651
y_hat_train,TP,0,0.15798461419989382
y_hat_train,TP,0,0.18552646191830702
y_hat_train,TP,0,0.15660734095197387
y_hat_train,TP,0,0.40163193657636387
y_hat_train,TP,0,0.12508797208385425
y_hat_train,TP,0,0.059183862832717316
y_hat_train,TP,0,0.019403838146874186
y_hat_train,TP,0,0.2126528150210799
y_hat_train,TP,0,0.38387732665252167
y_hat_train,TP,0,0.09654558033999308
y_hat_train,TP,0,0.13750000847206725
y_hat_train,TP,0,0.46246781939797976
y_hat_train,TP,0,0.17862567941094515
y_hat_train,TP,0,0.6484673197379723
y_hat_train,TP,0,0.22102574318561918
y_hat_train,TP,0,0.3541649072236945
y_hat_train,TP,0,0.31875338342105364
y_hat_train,TP,0,0.21105751083237495
y_hat_train,TP,0,0.2224770025141246
y_hat_train,TP,0,0.4476939405865028
y_hat_train,TP,0,0.29118612856524134
y_hat_train,TP,0,0.18243411067965193
y_hat_train,TP,0,0.5362236763781896
y_hat_train,TP,0,0.20872227571263247
y_hat_train,TP,0,0.3183792974787706
y_hat_train,TP,0,0.720804436067225
y_hat_train,TP,0,0.30836783638938653
y_hat_train,TP,0,0.6437148787959679
y_hat_train,TP,0,0.37537658525541323
y_hat_train,TP,0,0.11196074859261237
y_hat_train,TP,0,0.11147354676488122
y_hat_train,TP,0,0.23428795243429104
y_hat_train,TP,0,0.24503263362859384
y_hat_train,TP,0,0.20505484841775048
y_true_train,TP,0,0.11114
y_true_train,TP,0,0.08297
y_true_train,TP,0,0.71073
y_true_train,TP,0,0.0866
y_true_train,TP,0,0.08093
y_true_train,TP,0,0.11864
y_true_train,TP,0,0.20565
y_true_train,TP,0,0.45712
y_true_train,TP,0,0.7413
y_true_train,TP,0,0.13363
y_true_train,TP,0,0.2149
y_true_train,TP,0,0.34314
y_true_train,TP,0,0.50834
y_true_train,TP,0,0.07814
y_true_train,TP,0,0.10045
y_true_train,TP,0,0.24529
y_true_train,TP,0,0.13523
y_true_train,TP,0,0.21288
y_true_train,TP,0,0.6333
y_true_train,TP,0,0.12444
y_true_train,TP,0,0.07847
y_true_train,TP,0,0.05712
y_true_train,TP,0,0.2817
y_true_train,TP,0,0.65846
y_true_train,TP,0,0.07726
y_true_train,TP,0,0.10412
y_true_train,TP,0,0.62904
y_true_train,TP,0,0.09471
y_true_train,TP,0,0.50128
y_true_train,TP,0,0.32987
y_true_train,TP,0,0.43203
y_true_train,TP,0,0.11832
y_true_train,TP,0,0.14029
y_true_train,TP,0,0.37907
y_true_train,TP,0,0.45597
y_true_train,TP,0,0.34066
y_true_train,TP,0,0.12853
y_true_train,TP,0,0.7878
y_true_train,TP,0,0.10483
y_true_train,TP,0,0.11573
y_true_train,TP,0,0.78536
y_true_train,TP,0,0.38444
y_true_train,TP,0,0.40332
y_true_train,TP,0,0.28212
y_true_train,TP,0,0.19324
y_true_train,TP,0,0.10654
y_true_train,TP,0,0.15858
y_true_train,TP,0,0.17246
y_true_train,TP,0,0.17151
y_true_test,TP,0,0.06631
y_true_test,TP,0,0.08189
y_true_test,TP,0,0.14732
y_true_test,TP,0,0.09475
y_true_test,TP,0,0.10173
y_true_test,TP,0,0.11026
y_true_test,TP,0,0.25603
y_true_test,TP,0,0.11868
y_true_test,TP,0,0.56617
y_true_test,TP,0,0.48471
y_true_test,TP,0,0.05394
y_true_test,TP,0,0.12823
y_true_test,TP,0,0.36156
y_true_test,TP,0,0.68375
y_true_test,TP,0,0.50834
y_true_test,TP,0,0.12298
y_true_test,TP,0,0.07571
y_true_test,TP,0,0.50153
y_true_test,TP,0,0.71806
y_true_test,TP,0,0.06523
y_true_test,TP,0,0.09844
test_ind,TP,0,67.0
test_ind,TP,0,69.0
test_ind,TP,0,186.0
test_ind,TP,0,59.0
test_ind,TP,0,73.0
test_ind,TP,0,189.0
test_ind,TP,0,28.0
test_ind,TP,0,237.0
test_ind,TP,0,98.0
test_ind,TP,0,258.0
test_ind,TP,0,232.0
test_ind,TP,0,71.0
test_ind,TP,0,95.0
test_ind,TP,0,139.0
test_ind,TP,0,97.0
test_ind,TP,0,214.0
test_ind,TP,0,257.0
test_ind,TP,0,244.0
test_ind,TP,0,140.0
test_ind,TP,0,20.0
test_ind,TP,0,249.0
train_ind,TP,0,188.0
train_ind,TP,0,16.0
train_ind,TP,0,137.0
train_ind,TP,0,38.0
train_ind,TP,0,17.0
train_ind,TP,0,213.0
train_ind,TP,0,167.0
train_ind,TP,0,36.0
train_ind,TP,0,138.0
train_ind,TP,0,187.0
train_ind,TP,0,212.0
train_ind,TP,0,233.0
train_ind,TP,0,96.0
train_ind,TP,0,42.0
train_ind,TP,0,252.0
train_ind,TP,0,52.0
train_ind,TP,0,72.0
train_ind,TP,0,211.0
train_ind,TP,0,99.0
train_ind,TP,0,51.0
train_ind,TP,0,14.0
train_ind,TP,0,43.0
train_ind,TP,0,23.0
train_ind,TP,0,48.0
train_ind,TP,0,55.0
train_ind,TP,0,250.0
train_ind,TP,0,29.0
train_ind,TP,0,41.0
train_ind,TP,0,65.0
train_ind,TP,0,119.0
train_ind,TP,0,49.0
train_ind,TP,0,238.0
train_ind,TP,0,168.0
train_ind,TP,0,247.0
train_ind,TP,0,136.0
train_ind,TP,0,120.0
train_ind,TP,0,15.0
train_ind,TP,0,236.0
train_ind,TP,0,39.0
train_ind,TP,0,243.0
train_ind,TP,0,64.0
train_ind,TP,0,27.0
train_ind,TP,0,61.0
train_ind,TP,0,118.0
train_ind,TP,0,57.0
train_ind,TP,0,34.0
train_ind,TP,0,248.0
train_ind,TP,0,169.0
train_ind,TP,0,166.0
test_rsq,TP,0,-0.12972272437604548
train_rsq,TP,0,0.6948679425033983
test_rmse,TP,0,0.23385968625337597
train_rmse,TP,0,0.11858035479098177
test_mape,TP,0,134.75123172018888
train_mape,TP,0,51.34282131858489
n_comp,TP,0,8.0
y_hat_test,TP,1,0.2902123661535974
y_hat_test,TP,1,0.2298369699933509
y_hat_test,TP,1,0.18893301443546887
y_hat_test,TP,1,0.20833995141527747
y_hat_test,TP,1,0.38976465011772654
y_hat_test,TP,1,0.13533703136180497
y_hat_test,TP,1,0.03558862378731642
y_hat_test,TP,1,0.34710232606420083
y_hat_test,TP,1,0.7530254015028198
y_hat_test,TP,1,0.706116690784662
y_hat_test,TP,1,-0.118446983833363
y_hat_test,TP,1,0.21991913837441385
y_hat_test,TP,1,0.24060473366506466
y_hat_test,TP,1,0.12414084401657921
y_hat_test,TP,1,0.28205728743253566
y_hat_test,TP,1,0.40395415432730164
y_hat_test,TP,1,0.6103326646715841
y_hat_test,TP,1,0.08779806064221318
y_hat_test,TP,1,-0.11719758407379716
y_hat_test,TP,1,0.07460552327917075
y_hat_test,TP,1,0.23158499835809165
y_hat_train,TP,1,0.6260941547769432
y_hat_train,TP,1,0.14550335487092528
y_hat_train,TP,1,0.17520278498832936
y_hat_train,TP,1,0.16240837824168025
y_hat_train,TP,1,0.33943463662274986
y_hat_train,TP,1,0.48566544835616215
y_hat_train,TP,1,0.6956562520707057
y_hat_train,TP,1,0.44560069575614214
y_hat_train,TP,1,0.12952224888479377
y_hat_train,TP,1,0.20578761101560666
y_hat_train,TP,1,0.7108196072005009
y_hat_train,TP,1,0.7485542431131365
y_hat_train,TP,1,0.5642057585960409
y_hat_train,TP,1,0.505544879116904
y_hat_train,TP,1,0.03220845280827578
y_hat_train,TP,1,0.3238839930287112
y_hat_train,TP,1,0.16693624773483468
y_hat_train,TP,1,0.09692156061040091
y_hat_train,TP,1,0.1536872695743101
y_hat_train,TP,1,0.12400306863202193
y_hat_train,TP,1,0.12201471047590323
y_hat_train,TP,1,0.4976391493990841
y_hat_train,TP,1,0.09792072913394276
y_hat_train,TP,1,0.7603453970675909
y_hat_train,TP,1,0.10614834559388633
y_hat_train,TP,1,0.44919078489579634
y_hat_train,TP,1,0.09641512633448263
y_hat_train,TP,1,0.11432850348810775
y_hat_train,TP,1,0.06591443330700436
y_hat_train,TP,1,0.1546328953154744
y_hat_train,TP,1,0.6601682063275577
y_hat_train,TP,1,0.007758952086495574
y_hat_train,TP,1,0.010423681414122088
y_hat_train,TP,1,0.14863474087930018
y_hat_train,TP,1,0.481812317384353
y_hat_train,TP,1,0.11218911290134106
y_hat_train,TP,1,0.09180009311888623
y_hat_train,TP,1,0.5217527935721614
y_hat_train,TP,1,0.41138369668669217
y_hat_train,TP,1,0.21415260020149038
y_hat_train,TP,1,0.2090710063871437
y_hat_train,TP,1,0.11541961624583624
y_hat_train,TP,1,0.10332686004695257
y_hat_train,TP,1,0.6941052532482966
y_hat_train,TP,1,0.2427567738352049
y_hat_train,TP,1,0.21491486786933395
y_hat_train,TP,1,0.08631146593508468
y_hat_train,TP,1,0.13994071660779994
y_hat_train,TP,1,0.2943565242414696
y_true_train,TP,1,0.56617
y_true_train,TP,1,0.19324
y_true_train,TP,1,0.11868
y_true_train,TP,1,0.08093
y_true_train,TP,1,0.34066
y_true_train,TP,1,0.50834
y_true_train,TP,1,0.7878
y_true_train,TP,1,0.45712
y_true_train,TP,1,0.05712
y_true_train,TP,1,0.24529
y_true_train,TP,1,0.71073
y_true_train,TP,1,0.78536
y_true_train,TP,1,0.62904
y_true_train,TP,1,0.43203
y_true_train,TP,1,0.07847
y_true_train,TP,1,0.37907
y_true_train,TP,1,0.17151
y_true_train,TP,1,0.11573
y_true_train,TP,1,0.10045
y_true_train,TP,1,0.09471
y_true_train,TP,1,0.09475
y_true_train,TP,1,0.50834
y_true_train,TP,1,0.10173
y_true_train,TP,1,0.7413
y_true_train,TP,1,0.14029
y_true_train,TP,1,0.40332
y_true_train,TP,1,0.06523
y_true_train,TP,1,0.07814
y_true_train,TP,1,0.13523
y_true_train,TP,1,0.12823
y_true_train,TP,1,0.68375
y_true_train,TP,1,0.0866
y_true_train,TP,1,0.05394
y_true_train,TP,1,0.12444
y_true_train,TP,1,0.48471
y_true_train,TP,1,0.07726
y_true_train,TP,1,0.11114
y_true_train,TP,1,0.50128
y_true_train,TP,1,0.38444
y_true_train,TP,1,0.20565
y_true_train,TP,1,0.25603
y_true_train,TP,1,0.07571
y_true_train,TP,1,0.12853
y_true_train,TP,1,0.65846
y_true_train,TP,1,0.15858
y_true_train,TP,1,0.2817
y_true_train,TP,1,0.10654
y_true_train,TP,1,0.10483
y_true_train,TP,1,0.32987
y_true_test,TP,1,0.09844
y_true_test,TP,1,0.06631
y_true_test,TP,1,0.10412
y_true_test,TP,1,0.11864
y_true_test,TP,1,0.08189
y_true_test,TP,1,0.11832
y_true_test,TP,1,0.13363
y_true_test,TP,1,0.28212
y_true_test,TP,1,0.14732
y_true_test,TP,1,0.36156
y_true_test,TP,1,0.08297
y_true_test,TP,1,0.45597
y_true_test,TP,1,0.2149
y_true_test,TP,1,0.6333
y_true_test,TP,1,0.71806
y_true_test,TP,1,0.34314
y_true_test,TP,1,0.50153
y_true_test,TP,1,0.21288
y_true_test,TP,1,0.12298
y_true_test,TP,1,0.17246
y_true_test,TP,1,0.11026
test_ind,TP,1,249.0
test_ind,TP,1,67.0
test_ind,TP,1,250.0
test_ind,TP,1,213.0
test_ind,TP,1,69.0
test_ind,TP,1,238.0
test_ind,TP,1,187.0
test_ind,TP,1,118.0
test_ind,TP,1,186.0
test_ind,TP,1,95.0
test_ind,TP,1,16.0
test_ind,TP,1,136.0
test_ind,TP,1,212.0
test_ind,TP,1,99.0
test_ind,TP,1,140.0
test_ind,TP,1,233.0
test_ind,TP,1,244.0
test_ind,TP,1,211.0
test_ind,TP,1,214.0
test_ind,TP,1,169.0
test_ind,TP,1,189.0
train_ind,TP,1,98.0
train_ind,TP,1,57.0
train_ind,TP,1,237.0
train_ind,TP,1,17.0
train_ind,TP,1,120.0
train_ind,TP,1,97.0
train_ind,TP,1,236.0
train_ind,TP,1,36.0
train_ind,TP,1,43.0
train_ind,TP,1,52.0
train_ind,TP,1,137.0
train_ind,TP,1,64.0
train_ind,TP,1,29.0
train_ind,TP,1,49.0
train_ind,TP,1,14.0
train_ind,TP,1,247.0
train_ind,TP,1,166.0
train_ind,TP,1,243.0
train_ind,TP,1,252.0
train_ind,TP,1,41.0
train_ind,TP,1,59.0
train_ind,TP,1,96.0
train_ind,TP,1,73.0
train_ind,TP,1,138.0
train_ind,TP,1,168.0
train_ind,TP,1,61.0
train_ind,TP,1,20.0
train_ind,TP,1,42.0
train_ind,TP,1,72.0
train_ind,TP,1,71.0
train_ind,TP,1,139.0
train_ind,TP,1,38.0
train_ind,TP,1,232.0
train_ind,TP,1,51.0
train_ind,TP,1,258.0
train_ind,TP,1,55.0
train_ind,TP,1,188.0
train_ind,TP,1,65.0
train_ind,TP,1,27.0
train_ind,TP,1,167.0
train_ind,TP,1,28.0
train_ind,TP,1,257.0
train_ind,TP,1,15.0
train_ind,TP,1,48.0
train_ind,TP,1,248.0
train_ind,TP,1,23.0
train_ind,TP,1,34.0
train_ind,TP,1,39.0
train_ind,TP,1,119.0
test_rsq,TP,1,-0.8266533910086584
train_rsq,TP,1,0.9618539469087386
test_rmse,TP,1,0.2519183478134742
train_rmse,TP,1,0.04434474934056015
test_mape,TP,1,119.02527417196143
train_mape,TP,1,26.563927777962494
n_comp,TP,1,11.0
y_hat_test,TP,2,0.41378203652709217
y_hat_test,TP,2,0.2708462331291208
y_hat_test,TP,2,-0.6989781806937838
y_hat_test,TP,2,0.5342871063698768
y_hat_test,TP,2,0.32539701774486746
y_hat_test,TP,2,0.07190619716717628
y_hat_test,TP,2,0.4269499570762856
y_hat_test,TP,2,0.7554690518214062
y_hat_test,TP,2,-0.03085861648540511
y_hat_test,TP,2,0.23604305620955307
y_hat_test,TP,2,0.4276486509910118
y_hat_test,TP,2,0.4545380444822887
y_hat_test,TP,2,0.23738971716045135
y_hat_test,TP,2,0.5195633300334626
y_hat_test,TP,2,0.2899744877723712
y_hat_test,TP,2,0.6382160590871311
y_hat_test,TP,2,0.375446659000529
y_hat_test,TP,2,0.44833116518495814
y_hat_test,TP,2,0.3733770614927223
y_hat_test,TP,2,0.16038464374256786
y_hat_test,TP,2,0.5494456052754175
y_hat_train,TP,2,0.7318946188084514
y_hat_train,TP,2,0.1011808140096947
y_hat_train,TP,2,0.21163161236723504
y_hat_train,TP,2,0.15919505874925793
y_hat_train,TP,2,0.155214228364772
y_hat_train,TP,2,0.4598680832211193
y_hat_train,TP,2,0.2392570771012732
y_hat_train,TP,2,0.18413779332730368
y_hat_train,TP,2,0.3737553832976665
y_hat_train,TP,2,0.05907953564486376
y_hat_train,TP,2,0.3397878432205089
y_hat_train,TP,2,0.32948203399784853
y_hat_train,TP,2,0.17305046509102123
y_hat_train,TP,2,0.4311382480875331
y_hat_train,TP,2,0.02672646200828882
y_hat_train,TP,2,0.2713443205454832
y_hat_train,TP,2,0.16223920928293312
y_hat_train,TP,2,0.6828145800492377
y_hat_train,TP,2,0.33735912515258404
y_hat_train,TP,2,0.07101453408666636
y_hat_train,TP,2,0.6248471276244839
y_hat_train,TP,2,0.15672837768897757
y_hat_train,TP,2,-0.0027889183265249473
y_hat_train,TP,2,0.4980286781781579
y_hat_train,TP,2,0.3440316639892453
y_hat_train,TP,2,-0.11472238470182766
y_hat_train,TP,2,0.26669077628512017
y_hat_train,TP,2,0.3114487861883154
y_hat_train,TP,2,0.6987631193607147
y_hat_train,TP,2,0.30173765716486056
y_hat_train,TP,2,0.33022012466729445
y_hat_train,TP,2,0.17743894580391523
y_hat_train,TP,2,0.45216101995053387
y_hat_train,TP,2,0.20114432159904616
y_hat_train,TP,2,0.2892925588526477
y_hat_train,TP,2,0.12904886418998857
y_hat_train,TP,2,0.16640241428144742
y_hat_train,TP,2,0.6065157907886667
y_hat_train,TP,2,0.22362817340658503
y_hat_train,TP,2,0.20351305141018222
y_hat_train,TP,2,-0.015004410670078128
y_hat_train,TP,2,0.4283896382297345
y_hat_train,TP,2,0.09052897512712654
y_hat_train,TP,2,0.5818686143370202
y_hat_train,TP,2,0.3679359127966122
y_hat_train,TP,2,0.5632385446778989
y_hat_train,TP,2,0.22743156027588562
y_hat_train,TP,2,0.12859604330705346
y_hat_train,TP,2,0.7593339471031677
y_true_train,TP,2,0.7413
y_true_train,TP,2,0.10654
y_true_train,TP,2,0.10173
y_true_train,TP,2,0.09471
y_true_train,TP,2,0.12444
y_true_train,TP,2,0.62904
y_true_train,TP,2,0.07814
y_true_train,TP,2,0.09844
y_true_train,TP,2,0.43203
y_true_train,TP,2,0.07571
y_true_train,TP,2,0.34314
y_true_train,TP,2,0.48471
y_true_train,TP,2,0.10483
y_true_train,TP,2,0.65846
y_true_train,TP,2,0.08297
y_true_train,TP,2,0.14029
y_true_train,TP,2,0.24529
y_true_train,TP,2,0.7878
y_true_train,TP,2,0.38444
y_true_train,TP,2,0.11114
y_true_train,TP,2,0.78536
y_true_train,TP,2,0.2817
y_true_train,TP,2,0.12298
y_true_train,TP,2,0.50834
y_true_train,TP,2,0.37907
y_true_train,TP,2,0.11026
y_true_train,TP,2,0.2149
y_true_train,TP,2,0.10412
y_true_train,TP,2,0.68375
y_true_train,TP,2,0.06523
y_true_train,TP,2,0.34066
y_true_train,TP,2,0.08093
y_true_train,TP,2,0.45597
y_true_train,TP,2,0.32987
y_true_train,TP,2,0.21288
y_true_train,TP,2,0.07726
y_true_train,TP,2,0.06631
y_true_train,TP,2,0.50153
y_true_train,TP,2,0.17246
y_true_train,TP,2,0.19324
y_true_train,TP,2,0.0866
y_true_train,TP,2,0.36156
y_true_train,TP,2,0.13363
y_true_train,TP,2,0.56617
y_true_train,TP,2,0.25603
y_true_train,TP,2,0.71806
y_true_train,TP,2,0.09475
y_true_train,TP,2,0.05712
y_true_train,TP,2,0.71073
y_true_test,TP,2,0.11832
y_true_test,TP,2,0.12853
y_true_test,TP,2,0.12823
y_true_test,TP,2,0.20565
y_true_test,TP,2,0.15858
y_true_test,TP,2,0.11864
y_true_test,TP,2,0.11868
y_true_test,TP,2,0.50834
y_true_test,TP,2,0.05394
y_true_test,TP,2,0.6333
y_true_test,TP,2,0.40332
y_true_test,TP,2,0.11573
y_true_test,TP,2,0.07847
y_true_test,TP,2,0.14732
y_true_test,TP,2,0.45712
y_true_test,TP,2,0.17151
y_true_test,TP,2,0.08189
y_true_test,TP,2,0.50128
y_true_test,TP,2,0.10045
y_true_test,TP,2,0.13523
y_true_test,TP,2,0.28212
test_ind,TP,2,238.0
test_ind,TP,2,15.0
test_ind,TP,2,71.0
test_ind,TP,2,167.0
test_ind,TP,2,248.0
test_ind,TP,2,213.0
test_ind,TP,2,237.0
test_ind,TP,2,96.0
test_ind,TP,2,232.0
test_ind,TP,2,99.0
test_ind,TP,2,61.0
test_ind,TP,2,243.0
test_ind,TP,2,14.0
test_ind,TP,2,186.0
test_ind,TP,2,36.0
test_ind,TP,2,166.0
test_ind,TP,2,69.0
test_ind,TP,2,65.0
test_ind,TP,2,252.0
test_ind,TP,2,72.0
test_ind,TP,2,118.0
train_ind,TP,2,138.0
train_ind,TP,2,34.0
train_ind,TP,2,73.0
train_ind,TP,2,41.0
train_ind,TP,2,51.0
train_ind,TP,2,29.0
train_ind,TP,2,42.0
train_ind,TP,2,249.0
train_ind,TP,2,49.0
train_ind,TP,2,257.0
train_ind,TP,2,233.0
train_ind,TP,2,258.0
train_ind,TP,2,39.0
train_ind,TP,2,48.0
train_ind,TP,2,16.0
train_ind,TP,2,168.0
train_ind,TP,2,52.0
train_ind,TP,2,236.0
train_ind,TP,2,27.0
train_ind,TP,2,188.0
train_ind,TP,2,64.0
train_ind,TP,2,23.0
train_ind,TP,2,214.0
train_ind,TP,2,97.0
train_ind,TP,2,247.0
train_ind,TP,2,189.0
train_ind,TP,2,212.0
train_ind,TP,2,250.0
train_ind,TP,2,139.0
train_ind,TP,2,20.0
train_ind,TP,2,120.0
train_ind,TP,2,17.0
train_ind,TP,2,136.0
train_ind,TP,2,119.0
train_ind,TP,2,211.0
train_ind,TP,2,55.0
train_ind,TP,2,67.0
train_ind,TP,2,244.0
train_ind,TP,2,169.0
train_ind,TP,2,57.0
train_ind,TP,2,38.0
train_ind,TP,2,95.0
train_ind,TP,2,187.0
train_ind,TP,2,98.0
train_ind,TP,2,28.0
train_ind,TP,2,140.0
train_ind,TP,2,59.0
train_ind,TP,2,43.0
train_ind,TP,2,137.0
test_rsq,TP,2,-2.4381517422600596
train_rsq,TP,2,0.7887610355443335
test_rmse,TP,2,0.30949005331023943
train_rmse,TP,2,0.1062487529767584
test_mape,TP,2,174.04759345002958
train_mape,TP,2,59.23558496300417
n_comp,TP,2,8.0
y_hat_test,TP,3,0.3481905963415201
y_hat_test,TP,3,0.16024229965052394
y_hat_test,TP,3,0.22679076774373863
y_hat_test,TP,3,0.3573219220442581
y_hat_test,TP,3,0.32910266363381513
y_hat_test,TP,3,0.28875871300000533
y_hat_test,TP,3,0.18877550971843166
y_hat_test,TP,3,0.3761436868487993
y_hat_test,TP,3,0.11819866897274589
y_hat_test,TP,3,0.35495299817252024
y_hat_test,TP,3,0.3892005245570792
y_hat_test,TP,3,0.2260715497548738
y_hat_test,TP,3,0.32825768940411976
y_hat_test,TP,3,0.3024759260303969
y_hat_test,TP,3,0.45783045187380594
y_hat_test,TP,3,0.266290770577363
y_hat_test,TP,3,0.5574287025007871
y_hat_test,TP,3,0.27386910358206606
y_hat_test,TP,3,0.38861701748884836
y_hat_test,TP,3,0.32797933007389546
y_hat_test,TP,3,0.4337763142637623
y_hat_train,TP,3,0.08744232557170678
y_hat_train,TP,3,0.13556119794625512
y_hat_train,TP,3,0.2507264410381525
y_hat_train,TP,3,0.4836571219359087
y_hat_train,TP,3,0.3261300933119979
y_hat_train,TP,3,0.28399802795428175
y_hat_train,TP,3,0.44761486674188866
y_hat_train,TP,3,0.28482779514526535
y_hat_train,TP,3,0.05975482141827296
y_hat_train,TP,3,0.6763566497703859
y_hat_train,TP,3,0.3368571394580633
y_hat_train,TP,3,0.24890648867066506
y_hat_train,TP,3,0.13354072978876574
y_hat_train,TP,3,0.08252283906192137
y_hat_train,TP,3,-0.07919710564244226
y_hat_train,TP,3,0.3726477658075942
y_hat_train,TP,3,0.31518717660259893
y_hat_train,TP,3,0.277065239171499
y_hat_train,TP,3,0.3822989923114102
y_hat_train,TP,3,0.5632510618791355
y_hat_train,TP,3,0.2448101777644198
y_hat_train,TP,3,0.21885984383988116
y_hat_train,TP,3,0.277323406566271
y_hat_train,TP,3,0.37757068671518745
y_hat_train,TP,3,-0.005020543134487576
y_hat_train,TP,3,0.1786467133650734
y_hat_train,TP,3,0.10837346144750556
y_hat_train,TP,3,0.28673108572978406
y_hat_train,TP,3,0.2299472308901146
y_hat_train,TP,3,0.3198155825714616
y_hat_train,TP,3,0.3572006981299686
y_hat_train,TP,3,0.17977859175116018
y_hat_train,TP,3,0.39935693560566593
y_hat_train,TP,3,0.08278900742056547
y_hat_train,TP,3,0.5336354199219082
y_hat_train,TP,3,0.2802753653893341
y_hat_train,TP,3,0.023915731160203263
y_hat_train,TP,3,0.19445233705175696
y_hat_train,TP,3,0.26165144927448586
y_hat_train,TP,3,0.7526802949395195
y_hat_train,TP,3,0.34526718316815563
y_hat_train,TP,3,0.4251345643745837
y_hat_train,TP,3,0.33449014584224374
y_hat_train,TP,3,0.07911543493409548
y_hat_train,TP,3,0.16596067416706123
y_hat_train,TP,3,0.1594122325247239
y_hat_train,TP,3,0.06152370223114326
y_hat_train,TP,3,0.2064163191228412
y_hat_train,TP,3,0.6614365992920468
y_true_train,TP,3,0.12823
y_true_train,TP,3,0.12444
y_true_train,TP,3,0.10654
y_true_train,TP,3,0.50128
y_true_train,TP,3,0.10412
y_true_train,TP,3,0.14029
y_true_train,TP,3,0.40332
y_true_train,TP,3,0.6333
y_true_train,TP,3,0.11114
y_true_train,TP,3,0.7878
y_true_train,TP,3,0.14732
y_true_train,TP,3,0.10173
y_true_train,TP,3,0.11864
y_true_train,TP,3,0.05712
y_true_train,TP,3,0.11026
y_true_train,TP,3,0.25603
y_true_train,TP,3,0.48471
y_true_train,TP,3,0.21288
y_true_train,TP,3,0.50834
y_true_train,TP,3,0.71073
y_true_train,TP,3,0.2817
y_true_train,TP,3,0.17246
y_true_train,TP,3,0.12853
y_true_train,TP,3,0.20565
y_true_train,TP,3,0.08297
y_true_train,TP,3,0.09475
y_true_train,TP,3,0.13363
y_true_train,TP,3,0.43203
y_true_train,TP,3,0.06631
y_true_train,TP,3,0.07814
y_true_train,TP,3,0.45597
y_true_train,TP,3,0.13523
y_true_train,TP,3,0.17151
y_true_train,TP,3,0.07726
y_true_train,TP,3,0.50834
y_true_train,TP,3,0.34066
y_true_train,TP,3,0.12298
y_true_train,TP,3,0.09844
y_true_train,TP,3,0.37907
y_true_train,TP,3,0.7413
y_true_train,TP,3,0.34314
y_true_train,TP,3,0.71806
y_true_train,TP,3,0.45712
y_true_train,TP,3,0.24529
y_true_train,TP,3,0.19324
y_true_train,TP,3,0.07847
y_true_train,TP,3,0.05394
y_true_train,TP,3,0.08093
y_true_train,TP,3,0.78536
y_true_test,TP,3,0.36156
y_true_test,TP,3,0.0866
y_true_test,TP,3,0.2149
y_true_test,TP,3,0.08189
y_true_test,TP,3,0.10483
y_true_test,TP,3,0.38444
y_true_test,TP,3,0.32987
y_true_test,TP,3,0.62904
y_true_test,TP,3,0.07571
y_true_test,TP,3,0.06523
y_true_test,TP,3,0.11868
y_true_test,TP,3,0.15858
y_true_test,TP,3,0.09471
y_true_test,TP,3,0.68375
y_true_test,TP,3,0.56617
y_true_test,TP,3,0.65846
y_true_test,TP,3,0.50153
y_true_test,TP,3,0.10045
y_true_test,TP,3,0.11573
y_true_test,TP,3,0.28212
y_true_test,TP,3,0.11832
test_ind,TP,3,95.0
test_ind,TP,3,38.0
test_ind,TP,3,212.0
test_ind,TP,3,69.0
test_ind,TP,3,39.0
test_ind,TP,3,27.0
test_ind,TP,3,119.0
test_ind,TP,3,29.0
test_ind,TP,3,257.0
test_ind,TP,3,20.0
test_ind,TP,3,237.0
test_ind,TP,3,248.0
test_ind,TP,3,41.0
test_ind,TP,3,139.0
test_ind,TP,3,98.0
test_ind,TP,3,48.0
test_ind,TP,3,244.0
test_ind,TP,3,252.0
test_ind,TP,3,243.0
test_ind,TP,3,118.0
test_ind,TP,3,238.0
train_ind,TP,3,71.0
train_ind,TP,3,51.0
train_ind,TP,3,34.0
train_ind,TP,3,65.0
train_ind,TP,3,250.0
train_ind,TP,3,168.0
train_ind,TP,3,61.0
train_ind,TP,3,99.0
train_ind,TP,3,188.0
train_ind,TP,3,236.0
train_ind,TP,3,186.0
train_ind,TP,3,73.0
train_ind,TP,3,213.0
train_ind,TP,3,43.0
train_ind,TP,3,189.0
train_ind,TP,3,28.0
train_ind,TP,3,258.0
train_ind,TP,3,211.0
train_ind,TP,3,97.0
train_ind,TP,3,137.0
train_ind,TP,3,23.0
train_ind,TP,3,169.0
train_ind,TP,3,15.0
train_ind,TP,3,167.0
train_ind,TP,3,16.0
train_ind,TP,3,59.0
train_ind,TP,3,187.0
train_ind,TP,3,49.0
train_ind,TP,3,67.0
train_ind,TP,3,42.0
train_ind,TP,3,136.0
train_ind,TP,3,72.0
train_ind,TP,3,166.0
train_ind,TP,3,55.0
train_ind,TP,3,96.0
train_ind,TP,3,120.0
train_ind,TP,3,214.0
train_ind,TP,3,249.0
train_ind,TP,3,247.0
train_ind,TP,3,138.0
train_ind,TP,3,233.0
train_ind,TP,3,140.0
train_ind,TP,3,36.0
train_ind,TP,3,52.0
train_ind,TP,3,57.0
train_ind,TP,3,14.0
train_ind,TP,3,232.0
train_ind,TP,3,17.0
train_ind,TP,3,64.0
test_rsq,TP,3,-0.026843758311982047
train_rsq,TP,3,0.6359930157443001
test_rmse,TP,3,0.21415783122589485
train_rmse,TP,3,0.13205495341610174
test_mape,TP,3,124.12830597174901
train_mape,TP,3,65.07479261314857
n_comp,TP,3,7.0
y_hat_test,TP,4,0.3782498799582307
y_hat_test,TP,4,0.1896885845699237
y_hat_test,TP,4,0.12912657405550756
y_hat_test,TP,4,0.4896658351199854
y_hat_test,TP,4,0.6399855917394286
y_hat_test,TP,4,0.6107078225149849
y_hat_test,TP,4,0.1369989784959937
y_hat_test,TP,4,0.4437026459333563
y_hat_test,TP,4,0.28259370509713094
y_hat_test,TP,4,0.3213806145439945
y_hat_test,TP,4,0.19082811837449462
y_hat_test,TP,4,0.4164186653398816
y_hat_test,TP,4,0.20580169214881774
y_hat_test,TP,4,0.45092597784240923
y_hat_test,TP,4,0.3883858800672762
y_hat_test,TP,4,0.28308162424849515
y_hat_test,TP,4,0.3745183860187198
y_hat_test,TP,4,0.37102438143148486
y_hat_test,TP,4,0.31795839661268377
y_hat_test,TP,4,0.26595030616454407
y_hat_test,TP,4,0.07248926211222576
y_hat_train,TP,4,0.45593801526042244
y_hat_train,TP,4,-0.03985200641259806
y_hat_train,TP,4,0.17687159151038612
y_hat_train,TP,4,0.3029882559837475
y_hat_train,TP,4,0.4536239787013012
y_hat_train,TP,4,0.12427760836336044
y_hat_train,TP,4,0.1635550195248583
y_hat_train,TP,4,0.48402161994410403
y_hat_train,TP,4,0.34917305896791984
y_hat_train,TP,4,0.21486388295758896
y_hat_train,TP,4,0.48117974227306815
y_hat_train,TP,4,0.40327481847095437
y_hat_train,TP,4,0.06347125100159373
y_hat_train,TP,4,0.12096248407192678
y_hat_train,TP,4,0.0303783295884007
y_hat_train,TP,4,0.21472158122962315
y_hat_train,TP,4,0.29752681710449314
y_hat_train,TP,4,0.44095393234116065
y_hat_train,TP,4,0.5733418069886813
y_hat_train,TP,4,0.5585053001116178
y_hat_train,TP,4,0.47521654316837736
y_hat_train,TP,4,0.16277922031676506
y_hat_train,TP,4,0.10088619905066004
y_hat_train,TP,4,0.19229879417073212
y_hat_train,TP,4,0.285945168539828
y_hat_train,TP,4,0.246427112272612
y_hat_train,TP,4,0.4111826680606134
y_hat_train,TP,4,0.03571946669396625
y_hat_train,TP,4,0.1061098242234857
y_hat_train,TP,4,0.17059668735091055
y_hat_train,TP,4,0.6427170931413921
y_hat_train,TP,4,0.37039015300860406
y_hat_train,TP,4,0.37527359984436104
y_hat_train,TP,4,0.16367052730579365
y_hat_train,TP,4,0.28264677307450053
y_hat_train,TP,4,0.6452839372262742
y_hat_train,TP,4,0.3629167231225292
y_hat_train,TP,4,0.1917951731823599
y_hat_train,TP,4,0.21526255964323912
y_hat_train,TP,4,0.1814655409657782
y_hat_train,TP,4,0.46733922641259606
y_hat_train,TP,4,0.3915793287232365
y_hat_train,TP,4,0.25506266400608235
y_hat_train,TP,4,0.6697304833644455
y_hat_train,TP,4,0.16670681714956093
y_hat_train,TP,4,0.13494014971391297
y_hat_train,TP,4,0.194883321345961
y_hat_train,TP,4,-0.026810042821616586
y_hat_train,TP,4,0.3134671997604254
y_true_train,TP,4,0.56617
y_true_train,TP,4,0.11026
y_true_train,TP,4,0.10483
y_true_train,TP,4,0.6333
y_true_train,TP,4,0.48471
y_true_train,TP,4,0.15858
y_true_train,TP,4,0.13523
y_true_train,TP,4,0.65846
y_true_train,TP,4,0.43203
y_true_train,TP,4,0.12444
y_true_train,TP,4,0.50128
y_true_train,TP,4,0.36156
y_true_train,TP,4,0.05712
y_true_train,TP,4,0.11864
y_true_train,TP,4,0.12823
y_true_train,TP,4,0.2149
y_true_train,TP,4,0.50834
y_true_train,TP,4,0.50834
y_true_train,TP,4,0.40332
y_true_train,TP,4,0.71806
y_true_train,TP,4,0.62904
y_true_train,TP,4,0.37907
y_true_train,TP,4,0.08297
y_true_train,TP,4,0.11573
y_true_train,TP,4,0.21288
y_true_train,TP,4,0.09844
y_true_train,TP,4,0.14732
y_true_train,TP,4,0.19324
y_true_train,TP,4,0.07847
y_true_train,TP,4,0.08093
y_true_train,TP,4,0.68375
y_true_train,TP,4,0.34066
y_true_train,TP,4,0.17151
y_true_train,TP,4,0.10412
y_true_train,TP,4,0.28212
y_true_train,TP,4,0.71073
y_true_train,TP,4,0.34314
y_true_train,TP,4,0.11868
y_true_train,TP,4,0.07571
y_true_train,TP,4,0.10173
y_true_train,TP,4,0.20565
y_true_train,TP,4,0.45597
y_true_train,TP,4,0.11832
y_true_train,TP,4,0.7878
y_true_train,TP,4,0.10654
y_true_train,TP,4,0.11114
y_true_train,TP,4,0.12853
y_true_train,TP,4,0.12298
y_true_train,TP,4,0.14029
y_true_test,TP,4,0.50153
y_true_test,TP,4,0.10045
y_true_test,TP,4,0.7413
y_true_test,TP,4,0.07726
y_true_test,TP,4,0.78536
y_true_test,TP,4,0.06523
y_true_test,TP,4,0.24529
y_true_test,TP,4,0.32987
y_true_test,TP,4,0.13363
y_true_test,TP,4,0.17246
y_true_test,TP,4,0.2817
y_true_test,TP,4,0.07814
y_true_test,TP,4,0.05394
y_true_test,TP,4,0.06631
y_true_test,TP,4,0.08189
y_true_test,TP,4,0.45712
y_true_test,TP,4,0.09471
y_true_test,TP,4,0.25603
y_true_test,TP,4,0.38444
y_true_test,TP,4,0.09475
y_true_test,TP,4,0.0866
test_ind,TP,4,244.0
test_ind,TP,4,252.0
test_ind,TP,4,138.0
test_ind,TP,4,55.0
test_ind,TP,4,64.0
test_ind,TP,4,20.0
test_ind,TP,4,52.0
test_ind,TP,4,119.0
test_ind,TP,4,187.0
test_ind,TP,4,169.0
test_ind,TP,4,23.0
test_ind,TP,4,42.0
test_ind,TP,4,232.0
test_ind,TP,4,67.0
test_ind,TP,4,69.0
test_ind,TP,4,36.0
test_ind,TP,4,41.0
test_ind,TP,4,28.0
test_ind,TP,4,27.0
test_ind,TP,4,59.0
test_ind,TP,4,38.0
train_ind,TP,4,98.0
train_ind,TP,4,189.0
train_ind,TP,4,39.0
train_ind,TP,4,99.0
train_ind,TP,4,258.0
train_ind,TP,4,248.0
train_ind,TP,4,72.0
train_ind,TP,4,48.0
train_ind,TP,4,49.0
train_ind,TP,4,51.0
train_ind,TP,4,65.0
train_ind,TP,4,95.0
train_ind,TP,4,43.0
train_ind,TP,4,213.0
train_ind,TP,4,71.0
train_ind,TP,4,212.0
train_ind,TP,4,97.0
train_ind,TP,4,96.0
train_ind,TP,4,61.0
train_ind,TP,4,140.0
train_ind,TP,4,29.0
train_ind,TP,4,247.0
train_ind,TP,4,16.0
train_ind,TP,4,243.0
train_ind,TP,4,211.0
train_ind,TP,4,249.0
train_ind,TP,4,186.0
train_ind,TP,4,57.0
train_ind,TP,4,14.0
train_ind,TP,4,17.0
train_ind,TP,4,139.0
train_ind,TP,4,120.0
train_ind,TP,4,166.0
train_ind,TP,4,250.0
train_ind,TP,4,118.0
train_ind,TP,4,137.0
train_ind,TP,4,233.0
train_ind,TP,4,237.0
train_ind,TP,4,257.0
train_ind,TP,4,73.0
train_ind,TP,4,167.0
train_ind,TP,4,136.0
train_ind,TP,4,238.0
train_ind,TP,4,236.0
train_ind,TP,4,34.0
train_ind,TP,4,188.0
train_ind,TP,4,15.0
train_ind,TP,4,214.0
train_ind,TP,4,168.0
test_rsq,TP,4,-0.5467017159517189
train_rsq,TP,4,0.6635854229924867
test_rmse,TP,4,0.26717963238084347
train_rmse,TP,4,0.1253065713517266
test_mape,TP,4,197.84443481486176
train_mape,TP,4,53.17111324847015
n_comp,TP,4,7.0
y_hat_test,TP,5,0.3897033417475271
y_hat_test,TP,5,0.2769221834593576
y_hat_test,TP,5,-0.49026170717244055
y_hat_test,TP,5,0.22865672995430075
y_hat_test,TP,5,0.34981808171698536
y_hat_test,TP,5,0.15741389224289137
y_hat_test,TP,5,0.32168936852809427
y_hat_test,TP,5,0.22303806012404595
y_hat_test,TP,5,0.37239407669729446
y_hat_test,TP,5,0.5493007114892087
y_hat_test,TP,5,0.20312956472918528
y_hat_test,TP,5,0.2003150609081471
y_hat_test,TP,5,0.27962504612826433
y_hat_test,TP,5,0.255092022626501
y_hat_test,TP,5,0.28484455683156623
y_hat_test,TP,5,0.2908424417738767
y_hat_test,TP,5,0.2588543688215465
y_hat_test,TP,5,0.23319659790302272
y_hat_test,TP,5,0.12366477532255982
y_hat_test,TP,5,0.3118377914004012
y_hat_test,TP,5,0.11592933236546185
y_hat_train,TP,5,0.19746955544998446
y_hat_train,TP,5,0.22090711543397645
y_hat_train,TP,5,0.3232503701913852
y_hat_train,TP,5,0.4680297076371227
y_hat_train,TP,5,0.10878245341659151
y_hat_train,TP,5,0.34333188120547814
y_hat_train,TP,5,0.3564994417084778
y_hat_train,TP,5,0.3163942250553229
y_hat_train,TP,5,0.371366673686698
y_hat_train,TP,5,0.11661049137558138
y_hat_train,TP,5,0.3748930806515792
y_hat_train,TP,5,0.22364748261408338
y_hat_train,TP,5,0.13894257439890423
y_hat_train,TP,5,0.2894230819047773
y_hat_train,TP,5,0.2558254887435162
y_hat_train,TP,5,0.28368086705263024
y_hat_train,TP,5,0.2523849755181574
y_hat_train,TP,5,-0.03916022538741029
y_hat_train,TP,5,0.1680111379023929
y_hat_train,TP,5,0.27502602561424955
y_hat_train,TP,5,0.1367365805441631
y_hat_train,TP,5,0.2612222415636747
y_hat_train,TP,5,0.6606366295999611
y_hat_train,TP,5,0.48560881230517955
y_hat_train,TP,5,0.19132955102702054
y_hat_train,TP,5,0.21265441410362704
y_hat_train,TP,5,0.18989919529650337
y_hat_train,TP,5,0.14154389581532856
y_hat_train,TP,5,0.33575446334437076
y_hat_train,TP,5,0.36079640072093677
y_hat_train,TP,5,0.30490628854039414
y_hat_train,TP,5,-0.047417896447622815
y_hat_train,TP,5,0.11342191832357112
y_hat_train,TP,5,0.40751698936980263
y_hat_train,TP,5,0.11880542175175487
y_hat_train,TP,5,0.30717842898679865
y_hat_train,TP,5,0.39559030539417417
y_hat_train,TP,5,0.29009069820891503
y_hat_train,TP,5,0.06296425224987404
y_hat_train,TP,5,0.034108171339536475
y_hat_train,TP,5,0.22984295306386607
y_hat_train,TP,5,0.34142637215842064
y_hat_train,TP,5,-0.03663422716277645
y_hat_train,TP,5,0.27906158306159057
y_hat_train,TP,5,0.25565750810837007
y_hat_train,TP,5,0.24268349170844938
y_hat_train,TP,5,0.3234597625843961
y_hat_train,TP,5,0.2510073274208838
y_hat_train,TP,5,0.23689206284533876
y_true_train,TP,5,0.10412
y_true_train,TP,5,0.19324
y_true_train,TP,5,0.43203
y_true_train,TP,5,0.71073
y_true_train,TP,5,0.06631
y_true_train,TP,5,0.24529
y_true_train,TP,5,0.20565
y_true_train,TP,5,0.38444
y_true_train,TP,5,0.50834
y_true_train,TP,5,0.08297
y_true_train,TP,5,0.36156
y_true_train,TP,5,0.12298
y_true_train,TP,5,0.06523
y_true_train,TP,5,0.34066
y_true_train,TP,5,0.07847
y_true_train,TP,5,0.2817
y_true_train,TP,5,0.07814
y_true_train,TP,5,0.05394
y_true_train,TP,5,0.34314
y_true_train,TP,5,0.14029
y_true_train,TP,5,0.11026
y_true_train,TP,5,0.71806
y_true_train,TP,5,0.7413
y_true_train,TP,5,0.68375
y_true_train,TP,5,0.10654
y_true_train,TP,5,0.12444
y_true_train,TP,5,0.09475
y_true_train,TP,5,0.07726
y_true_train,TP,5,0.15858
y_true_train,TP,5,0.17246
y_true_train,TP,5,0.12853
y_true_train,TP,5,0.0866
y_true_train,TP,5,0.09471
y_true_train,TP,5,0.17151
y_true_train,TP,5,0.09844
y_true_train,TP,5,0.37907
y_true_train,TP,5,0.45597
y_true_train,TP,5,0.2149
y_true_train,TP,5,0.13363
y_true_train,TP,5,0.05712
y_true_train,TP,5,0.10483
y_true_train,TP,5,0.25603
y_true_train,TP,5,0.07571
y_true_train,TP,5,0.10173
y_true_train,TP,5,0.08189
y_true_train,TP,5,0.50153
y_true_train,TP,5,0.62904
y_true_train,TP,5,0.65846
y_true_train,TP,5,0.11573
y_true_test,TP,5,0.56617
y_true_test,TP,5,0.14732
y_true_test,TP,5,0.12823
y_true_test,TP,5,0.10045
y_true_test,TP,5,0.45712
y_true_test,TP,5,0.11868
y_true_test,TP,5,0.6333
y_true_test,TP,5,0.32987
y_true_test,TP,5,0.28212
y_true_test,TP,5,0.50834
y_true_test,TP,5,0.78536
y_true_test,TP,5,0.11832
y_true_test,TP,5,0.11114
y_true_test,TP,5,0.11864
y_true_test,TP,5,0.50128
y_true_test,TP,5,0.08093
y_true_test,TP,5,0.40332
y_true_test,TP,5,0.21288
y_true_test,TP,5,0.7878
y_true_test,TP,5,0.48471
y_true_test,TP,5,0.13523
test_ind,TP,5,98.0
test_ind,TP,5,186.0
test_ind,TP,5,71.0
test_ind,TP,5,252.0
test_ind,TP,5,36.0
test_ind,TP,5,237.0
test_ind,TP,5,99.0
test_ind,TP,5,119.0
test_ind,TP,5,118.0
test_ind,TP,5,96.0
test_ind,TP,5,64.0
test_ind,TP,5,238.0
test_ind,TP,5,188.0
test_ind,TP,5,213.0
test_ind,TP,5,65.0
test_ind,TP,5,17.0
test_ind,TP,5,61.0
test_ind,TP,5,211.0
test_ind,TP,5,236.0
test_ind,TP,5,258.0
test_ind,TP,5,72.0
train_ind,TP,5,250.0
train_ind,TP,5,57.0
train_ind,TP,5,49.0
train_ind,TP,5,137.0
train_ind,TP,5,67.0
train_ind,TP,5,52.0
train_ind,TP,5,167.0
train_ind,TP,5,27.0
train_ind,TP,5,97.0
train_ind,TP,5,16.0
train_ind,TP,5,95.0
train_ind,TP,5,214.0
train_ind,TP,5,20.0
train_ind,TP,5,120.0
train_ind,TP,5,14.0
train_ind,TP,5,23.0
train_ind,TP,5,42.0
train_ind,TP,5,232.0
train_ind,TP,5,233.0
train_ind,TP,5,168.0
train_ind,TP,5,189.0
train_ind,TP,5,140.0
train_ind,TP,5,138.0
train_ind,TP,5,139.0
train_ind,TP,5,34.0
train_ind,TP,5,51.0
train_ind,TP,5,59.0
train_ind,TP,5,55.0
train_ind,TP,5,248.0
train_ind,TP,5,169.0
train_ind,TP,5,15.0
train_ind,TP,5,38.0
train_ind,TP,5,41.0
train_ind,TP,5,166.0
train_ind,TP,5,249.0
train_ind,TP,5,247.0
train_ind,TP,5,136.0
train_ind,TP,5,212.0
train_ind,TP,5,187.0
train_ind,TP,5,43.0
train_ind,TP,5,39.0
train_ind,TP,5,28.0
train_ind,TP,5,257.0
train_ind,TP,5,73.0
train_ind,TP,5,69.0
train_ind,TP,5,244.0
train_ind,TP,5,29.0
train_ind,TP,5,48.0
train_ind,TP,5,243.0
test_rsq,TP,5,-0.41861290665534434
train_rsq,TP,5,0.42766764756388365
test_rmse,TP,5,0.27207378058796733
train_rmse,TP,5,0.1558758624608043
test_mape,TP,5,85.66960059458766
train_mape,TP,5,75.02108835476486
n_comp,TP,5,6.0
y_hat_test,TP,6,0.07901573551338287
y_hat_test,TP,6,0.2954012374669021
y_hat_test,TP,6,0.2639514923481299
y_hat_test,TP,6,0.3652566080944645
y_hat_test,TP,6,0.30467046368175216
y_hat_test,TP,6,0.22250805042258323
y_hat_test,TP,6,0.3221787557268867
y_hat_test,TP,6,0.0662739466111382
y_hat_test,TP,6,0.26347526871867344
y_hat_test,TP,6,0.3479391391903709
y_hat_test,TP,6,0.2560545791294072
y_hat_test,TP,6,0.19782389347881893
y_hat_test,TP,6,0.407459417429111
y_hat_test,TP,6,0.3306884341504945
y_hat_test,TP,6,0.17268273206925247
y_hat_test,TP,6,0.1740231269986851
y_hat_test,TP,6,0.33643330348484873
y_hat_test,TP,6,0.27737492718143114
y_hat_test,TP,6,0.24346419208153866
y_hat_test,TP,6,0.4069901856064675
y_hat_test,TP,6,0.2289817783967402
y_hat_train,TP,6,0.1528543496173749
y_hat_train,TP,6,0.051378910124489585
y_hat_train,TP,6,0.2943769233222064
y_hat_train,TP,6,0.2353013064334593
y_hat_train,TP,6,0.2229350568209781
y_hat_train,TP,6,0.4683903292617836
y_hat_train,TP,6,0.4228408639351371
y_hat_train,TP,6,0.3067732674650273
y_hat_train,TP,6,0.44790620308573265
y_hat_train,TP,6,0.08110616835086978
y_hat_train,TP,6,0.40362245812309916
y_hat_train,TP,6,0.2732580019617146
y_hat_train,TP,6,0.17235037188331578
y_hat_train,TP,6,0.25046247072076955
y_hat_train,TP,6,0.06482137504638863
y_hat_train,TP,6,0.07442662506327677
y_hat_train,TP,6,0.27022497988309485
y_hat_train,TP,6,0.4753090544992552
y_hat_train,TP,6,-0.09814723728019115
y_hat_train,TP,6,0.33419211294181594
y_hat_train,TP,6,0.4133640532362919
y_hat_train,TP,6,0.12849311671456065
y_hat_train,TP,6,0.35505045107927835
y_hat_train,TP,6,0.30866766901965015
y_hat_train,TP,6,0.4093568518300187
y_hat_train,TP,6,0.2295513951287591
y_hat_train,TP,6,0.0789183592469615
y_hat_train,TP,6,-0.04261530743106079
y_hat_train,TP,6,0.22177249319464087
y_hat_train,TP,6,0.27865296148319524
y_hat_train,TP,6,0.02383307409590779
y_hat_train,TP,6,0.4780870455313468
y_hat_train,TP,6,0.2502139123163342
y_hat_train,TP,6,0.24992938482767835
y_hat_train,TP,6,0.30191944003422
y_hat_train,TP,6,0.053524796879828224
y_hat_train,TP,6,0.29948040477363425
y_hat_train,TP,6,0.09969935307320593
y_hat_train,TP,6,0.267038801395263
y_hat_train,TP,6,0.26591851883403916
y_hat_train,TP,6,0.2057772852274432
y_hat_train,TP,6,0.38745629444698787
y_hat_train,TP,6,0.38657226967399144
y_hat_train,TP,6,0.14288379872820173
y_hat_train,TP,6,0.2867194938490973
y_hat_train,TP,6,0.16430487251420448
y_hat_train,TP,6,0.3930431209552322
y_hat_train,TP,6,0.35625775419589023
y_hat_train,TP,6,0.41318474388560383
y_true_train,TP,6,0.10412
y_true_train,TP,6,0.0866
y_true_train,TP,6,0.28212
y_true_train,TP,6,0.08093
y_true_train,TP,6,0.2149
y_true_train,TP,6,0.7878
y_true_train,TP,6,0.48471
y_true_train,TP,6,0.38444
y_true_train,TP,6,0.56617
y_true_train,TP,6,0.09844
y_true_train,TP,6,0.40332
y_true_train,TP,6,0.07814
y_true_train,TP,6,0.13363
y_true_train,TP,6,0.11573
y_true_train,TP,6,0.12823
y_true_train,TP,6,0.19324
y_true_train,TP,6,0.24529
y_true_train,TP,6,0.45597
y_true_train,TP,6,0.11026
y_true_train,TP,6,0.65846
y_true_train,TP,6,0.20565
y_true_train,TP,6,0.11868
y_true_train,TP,6,0.32987
y_true_train,TP,6,0.11114
y_true_train,TP,6,0.71806
y_true_train,TP,6,0.09475
y_true_train,TP,6,0.10045
y_true_train,TP,6,0.05712
y_true_train,TP,6,0.15858
y_true_train,TP,6,0.2817
y_true_train,TP,6,0.05394
y_true_train,TP,6,0.36156
y_true_train,TP,6,0.08189
y_true_train,TP,6,0.07726
y_true_train,TP,6,0.10483
y_true_train,TP,6,0.08297
y_true_train,TP,6,0.62904
y_true_train,TP,6,0.07571
y_true_train,TP,6,0.06523
y_true_train,TP,6,0.14029
y_true_train,TP,6,0.17151
y_true_train,TP,6,0.50834
y_true_train,TP,6,0.17246
y_true_train,TP,6,0.06631
y_true_train,TP,6,0.34314
y_true_train,TP,6,0.12853
y_true_train,TP,6,0.50128
y_true_train,TP,6,0.50153
y_true_train,TP,6,0.45712
y_true_test,TP,6,0.07847
y_true_test,TP,6,0.09471
y_true_test,TP,6,0.6333
y_true_test,TP,6,0.14732
y_true_test,TP,6,0.50834
y_true_test,TP,6,0.13523
y_true_test,TP,6,0.43203
y_true_test,TP,6,0.12298
y_true_test,TP,6,0.34066
y_true_test,TP,6,0.21288
y_true_test,TP,6,0.10173
y_true_test,TP,6,0.11832
y_true_test,TP,6,0.68375
y_true_test,TP,6,0.25603
y_true_test,TP,6,0.7413
y_true_test,TP,6,0.37907
y_true_test,TP,6,0.71073
y_true_test,TP,6,0.11864
y_true_test,TP,6,0.10654
y_true_test,TP,6,0.78536
y_true_test,TP,6,0.12444
test_ind,TP,6,14.0
test_ind,TP,6,41.0
test_ind,TP,6,99.0
test_ind,TP,6,186.0
test_ind,TP,6,96.0
test_ind,TP,6,72.0
test_ind,TP,6,49.0
test_ind,TP,6,214.0
test_ind,TP,6,120.0
test_ind,TP,6,211.0
test_ind,TP,6,73.0
test_ind,TP,6,238.0
test_ind,TP,6,139.0
test_ind,TP,6,28.0
test_ind,TP,6,138.0
test_ind,TP,6,247.0
test_ind,TP,6,137.0
test_ind,TP,6,213.0
test_ind,TP,6,34.0
test_ind,TP,6,64.0
test_ind,TP,6,51.0
train_ind,TP,6,250.0
train_ind,TP,6,38.0
train_ind,TP,6,118.0
train_ind,TP,6,17.0
train_ind,TP,6,212.0
train_ind,TP,6,236.0
train_ind,TP,6,258.0
train_ind,TP,6,27.0
train_ind,TP,6,98.0
train_ind,TP,6,249.0
train_ind,TP,6,61.0
train_ind,TP,6,42.0
train_ind,TP,6,187.0
train_ind,TP,6,243.0
train_ind,TP,6,71.0
train_ind,TP,6,57.0
train_ind,TP,6,52.0
train_ind,TP,6,136.0
train_ind,TP,6,189.0
train_ind,TP,6,48.0
train_ind,TP,6,167.0
train_ind,TP,6,237.0
train_ind,TP,6,119.0
train_ind,TP,6,188.0
train_ind,TP,6,140.0
train_ind,TP,6,59.0
train_ind,TP,6,252.0
train_ind,TP,6,43.0
train_ind,TP,6,248.0
train_ind,TP,6,23.0
train_ind,TP,6,232.0
train_ind,TP,6,95.0
train_ind,TP,6,69.0
train_ind,TP,6,55.0
train_ind,TP,6,39.0
train_ind,TP,6,16.0
train_ind,TP,6,29.0
train_ind,TP,6,257.0
train_ind,TP,6,20.0
train_ind,TP,6,168.0
train_ind,TP,6,166.0
train_ind,TP,6,97.0
train_ind,TP,6,169.0
train_ind,TP,6,67.0
train_ind,TP,6,233.0
train_ind,TP,6,15.0
train_ind,TP,6,65.0
train_ind,TP,6,244.0
train_ind,TP,6,36.0
test_rsq,TP,6,0.11060524671192196
train_rsq,TP,6,0.4965225336519793
test_rmse,TP,6,0.23179679921710009
train_rmse,TP,6,0.1410449522761167
test_mape,TP,6,73.69149251749846
train_mape,TP,6,71.1302732485918
n_comp,TP,6,6.0
y_hat_test,TP,7,0.23854719413211734
y_hat_test,TP,7,-0.08191373815428277
y_hat_test,TP,7,0.3028478843622352
y_hat_test,TP,7,0.3300777054176421
y_hat_test,TP,7,0.697711631012275
y_hat_test,TP,7,0.5031574762610348
y_hat_test,TP,7,0.30113708790828236
y_hat_test,TP,7,0.39600327362914073
y_hat_test,TP,7,0.2715182111718728
y_hat_test,TP,7,0.5243726854750301
y_hat_test,TP,7,0.6291342868347273
y_hat_test,TP,7,0.13485850419965587
y_hat_test,TP,7,0.21561480013778936
y_hat_test,TP,7,-0.14698783244596192
y_hat_test,TP,7,-0.43190438426470823
y_hat_test,TP,7,0.2216038916126122
y_hat_test,TP,7,0.12944175482772105
y_hat_test,TP,7,-0.16462467771716327
y_hat_test,TP,7,0.19356048398662745
y_hat_test,TP,7,0.3378947365427543
y_hat_test,TP,7,0.1274328662942032
y_hat_train,TP,7,0.12636473254760175
y_hat_train,TP,7,0.3542822641869343
y_hat_train,TP,7,0.4060266420078793
y_hat_train,TP,7,0.31564132088448704
y_hat_train,TP,7,0.1900242888494566
y_hat_train,TP,7,0.13454824465865728
y_hat_train,TP,7,0.07026576596108222
y_hat_train,TP,7,0.3700249742035762
y_hat_train,TP,7,0.7221344828904708
y_hat_train,TP,7,0.11974497185909325
y_hat_train,TP,7,0.7052568786793695
y_hat_train,TP,7,0.46808319778505003
y_hat_train,TP,7,0.09213585153195397
y_hat_train,TP,7,0.07668147373155515
y_hat_train,TP,7,0.6284243111120694
y_hat_train,TP,7,0.3868613815186818
y_hat_train,TP,7,0.7414979238550417
y_hat_train,TP,7,0.1407394433698919
y_hat_train,TP,7,0.10705390596549597
y_hat_train,TP,7,0.20927885506285207
y_hat_train,TP,7,0.12893738190134327
y_hat_train,TP,7,0.5843783167881991
y_hat_train,TP,7,0.11198099627828334
y_hat_train,TP,7,0.7569059269536896
y_hat_train,TP,7,0.26799904973423627
y_hat_train,TP,7,0.10656297713663881
y_hat_train,TP,7,0.2501985747471781
y_hat_train,TP,7,0.35931495471004227
y_hat_train,TP,7,0.07447864379493827
y_hat_train,TP,7,0.03487226213669842
y_hat_train,TP,7,0.1712962676846682
y_hat_train,TP,7,0.2582532837237287
y_hat_train,TP,7,0.14033540156415578
y_hat_train,TP,7,0.08167169622330903
y_hat_train,TP,7,0.3370805363934698
y_hat_train,TP,7,0.44341217626686563
y_hat_train,TP,7,0.5118881809366098
y_hat_train,TP,7,0.07307045154137654
y_hat_train,TP,7,0.6853234675862645
y_hat_train,TP,7,0.14031595426512034
y_hat_train,TP,7,0.10383538634740411
y_hat_train,TP,7,0.60163169733004
y_hat_train,TP,7,0.08313832780334232
y_hat_train,TP,7,0.10898745075375771
y_hat_train,TP,7,0.30972893091931314
y_hat_train,TP,7,0.4103940439361552
y_hat_train,TP,7,0.5047705472106094
y_hat_train,TP,7,0.09395352629822773
y_hat_train,TP,7,0.1772526783731339
y_true_train,TP,7,0.11868
y_true_train,TP,7,0.32987
y_true_train,TP,7,0.45712
y_true_train,TP,7,0.28212
y_true_train,TP,7,0.21288
y_true_train,TP,7,0.10483
y_true_train,TP,7,0.09475
y_true_train,TP,7,0.36156
y_true_train,TP,7,0.71806
y_true_train,TP,7,0.12853
y_true_train,TP,7,0.65846
y_true_train,TP,7,0.48471
y_true_train,TP,7,0.09844
y_true_train,TP,7,0.08093
y_true_train,TP,7,0.6333
y_true_train,TP,7,0.37907
y_true_train,TP,7,0.7413
y_true_train,TP,7,0.11864
y_true_train,TP,7,0.12298
y_true_train,TP,7,0.15858
y_true_train,TP,7,0.10654
y_true_train,TP,7,0.56617
y_true_train,TP,7,0.11114
y_true_train,TP,7,0.78536
y_true_train,TP,7,0.2817
y_true_train,TP,7,0.11026
y_true_train,TP,7,0.24529
y_true_train,TP,7,0.38444
y_true_train,TP,7,0.0866
y_true_train,TP,7,0.07847
y_true_train,TP,7,0.17151
y_true_train,TP,7,0.25603
y_true_train,TP,7,0.14732
y_true_train,TP,7,0.06523
y_true_train,TP,7,0.34066
y_true_train,TP,7,0.45597
y_true_train,TP,7,0.50153
y_true_train,TP,7,0.06631
y_true_train,TP,7,0.68375
y_true_train,TP,7,0.14029
y_true_train,TP,7,0.10045
y_true_train,TP,7,0.62904
y_true_train,TP,7,0.10412
y_true_train,TP,7,0.07814
y_true_train,TP,7,0.34314
y_true_train,TP,7,0.40332
y_true_train,TP,7,0.50128
y_true_train,TP,7,0.07571
y_true_train,TP,7,0.17246
y_true_test,TP,7,0.12444
y_true_test,TP,7,0.08297
y_true_test,TP,7,0.2149
y_true_test,TP,7,0.08189
y_true_test,TP,7,0.20565
y_true_test,TP,7,0.50834
y_true_test,TP,7,0.50834
y_true_test,TP,7,0.7878
y_true_test,TP,7,0.11832
y_true_test,TP,7,0.43203
y_true_test,TP,7,0.71073
y_true_test,TP,7,0.05712
y_true_test,TP,7,0.09471
y_true_test,TP,7,0.13363
y_true_test,TP,7,0.12823
y_true_test,TP,7,0.10173
y_true_test,TP,7,0.19324
y_true_test,TP,7,0.05394
y_true_test,TP,7,0.07726
y_true_test,TP,7,0.11573
y_true_test,TP,7,0.13523
test_ind,TP,7,51.0
test_ind,TP,7,16.0
test_ind,TP,7,212.0
test_ind,TP,7,69.0
test_ind,TP,7,167.0
test_ind,TP,7,96.0
test_ind,TP,7,97.0
test_ind,TP,7,236.0
test_ind,TP,7,238.0
test_ind,TP,7,49.0
test_ind,TP,7,137.0
test_ind,TP,7,43.0
test_ind,TP,7,41.0
test_ind,TP,7,187.0
test_ind,TP,7,71.0
test_ind,TP,7,73.0
test_ind,TP,7,57.0
test_ind,TP,7,232.0
test_ind,TP,7,55.0
test_ind,TP,7,243.0
test_ind,TP,7,72.0
train_ind,TP,7,237.0
train_ind,TP,7,119.0
train_ind,TP,7,36.0
train_ind,TP,7,118.0
train_ind,TP,7,211.0
train_ind,TP,7,39.0
train_ind,TP,7,59.0
train_ind,TP,7,95.0
train_ind,TP,7,140.0
train_ind,TP,7,15.0
train_ind,TP,7,48.0
train_ind,TP,7,258.0
train_ind,TP,7,249.0
train_ind,TP,7,17.0
train_ind,TP,7,99.0
train_ind,TP,7,247.0
train_ind,TP,7,138.0
train_ind,TP,7,213.0
train_ind,TP,7,214.0
train_ind,TP,7,248.0
train_ind,TP,7,34.0
train_ind,TP,7,98.0
train_ind,TP,7,188.0
train_ind,TP,7,64.0
train_ind,TP,7,23.0
train_ind,TP,7,189.0
train_ind,TP,7,52.0
train_ind,TP,7,27.0
train_ind,TP,7,38.0
train_ind,TP,7,14.0
train_ind,TP,7,166.0
train_ind,TP,7,28.0
train_ind,TP,7,186.0
train_ind,TP,7,20.0
train_ind,TP,7,120.0
train_ind,TP,7,136.0
train_ind,TP,7,244.0
train_ind,TP,7,67.0
train_ind,TP,7,139.0
train_ind,TP,7,168.0
train_ind,TP,7,252.0
train_ind,TP,7,29.0
train_ind,TP,7,250.0
train_ind,TP,7,42.0
train_ind,TP,7,233.0
train_ind,TP,7,61.0
train_ind,TP,7,65.0
train_ind,TP,7,257.0
train_ind,TP,7,169.0
test_rsq,TP,7,-0.16649552664300393
train_rsq,TP,7,0.9905669153979975
test_rmse,TP,7,0.23187593290472272
train_rmse,TP,7,0.020882393410774764
test_mape,TP,7,140.11554240264786
train_mape,TP,7,9.567278478908138
n_comp,TP,7,14.0
y_hat_test,TP,8,0.3746812303968786
y_hat_test,TP,8,0.26743518205139793
y_hat_test,TP,8,0.3325058841576079
y_hat_test,TP,8,0.28419161343997407
y_hat_test,TP,8,0.24674765468423607
y_hat_test,TP,8,0.30060606629211994
y_hat_test,TP,8,0.2520914711751584
y_hat_test,TP,8,0.24784208262889282
y_hat_test,TP,8,0.22211787848883305
y_hat_test,TP,8,0.3311811438749275
y_hat_test,TP,8,0.3683739571509551
y_hat_test,TP,8,0.31983259532165254
y_hat_test,TP,8,0.3047354633154837
y_hat_test,TP,8,0.3515222126471789
y_hat_test,TP,8,0.32131828807509777
y_hat_test,TP,8,0.31206042439808895
y_hat_test,TP,8,-0.05409926678413213
y_hat_test,TP,8,-0.015231388678812185
y_hat_test,TP,8,0.3046342292224135
y_hat_test,TP,8,0.3120409380328435
y_hat_test,TP,8,0.11174375100336587
y_hat_train,TP,8,0.3429538379597079
y_hat_train,TP,8,0.3054037481724919
y_hat_train,TP,8,0.20640771361881696
y_hat_train,TP,8,0.2661866750177682
y_hat_train,TP,8,0.39170115064294186
y_hat_train,TP,8,0.25909810034542835
y_hat_train,TP,8,0.2431475590610087
y_hat_train,TP,8,0.28860395550489465
y_hat_train,TP,8,0.26003298758220095
y_hat_train,TP,8,0.3325376221946524
y_hat_train,TP,8,0.3321366009747185
y_hat_train,TP,8,0.24574217158646952
y_hat_train,TP,8,0.18811656414498
y_hat_train,TP,8,0.4658940803988586
y_hat_train,TP,8,0.1937076868178877
y_hat_train,TP,8,0.29696098311527297
y_hat_train,TP,8,0.002829571215839932
y_hat_train,TP,8,0.022938257403858547
y_hat_train,TP,8,0.32225085411236776
y_hat_train,TP,8,0.3324228144979001
y_hat_train,TP,8,0.24536917814751827
y_hat_train,TP,8,0.3236508720184977
y_hat_train,TP,8,0.13420615514526435
y_hat_train,TP,8,0.15024335684736756
y_hat_train,TP,8,0.6907859514260246
y_hat_train,TP,8,0.5906688391083517
y_hat_train,TP,8,0.33778518283485315
y_hat_train,TP,8,0.15098337965210107
y_hat_train,TP,8,0.2817071684918765
y_hat_train,TP,8,0.24068556136708585
y_hat_train,TP,8,0.37013885568932337
y_hat_train,TP,8,0.30735966689039346
y_hat_train,TP,8,0.2746225269336979
y_hat_train,TP,8,0.40171179496644344
y_hat_train,TP,8,0.1417062361019143
y_hat_train,TP,8,0.011799834914127394
y_hat_train,TP,8,0.31113868888459933
y_hat_train,TP,8,0.166680812402131
y_hat_train,TP,8,0.320893556684676
y_hat_train,TP,8,0.3028244511703902
y_hat_train,TP,8,0.40559319695472573
y_hat_train,TP,8,0.018696476138123724
y_hat_train,TP,8,-0.00016966857023009707
y_hat_train,TP,8,0.2817457220694163
y_hat_train,TP,8,0.19978874545042102
y_hat_train,TP,8,0.2639196194751334
y_hat_train,TP,8,0.36154057155151637
y_hat_train,TP,8,0.31471661480373503
y_hat_train,TP,8,0.20597371808245807
y_true_train,TP,8,0.50128
y_true_train,TP,8,0.38444
y_true_train,TP,8,0.71806
y_true_train,TP,8,0.7878
y_true_train,TP,8,0.17246
y_true_train,TP,8,0.07847
y_true_train,TP,8,0.11573
y_true_train,TP,8,0.14029
y_true_train,TP,8,0.10173
y_true_train,TP,8,0.71073
y_true_train,TP,8,0.48471
y_true_train,TP,8,0.19324
y_true_train,TP,8,0.07726
y_true_train,TP,8,0.36156
y_true_train,TP,8,0.09475
y_true_train,TP,8,0.15858
y_true_train,TP,8,0.12823
y_true_train,TP,8,0.05394
y_true_train,TP,8,0.43203
y_true_train,TP,8,0.32987
y_true_train,TP,8,0.10412
y_true_train,TP,8,0.50153
y_true_train,TP,8,0.08297
y_true_train,TP,8,0.06631
y_true_train,TP,8,0.7413
y_true_train,TP,8,0.68375
y_true_train,TP,8,0.25603
y_true_train,TP,8,0.06523
y_true_train,TP,8,0.34314
y_true_train,TP,8,0.12298
y_true_train,TP,8,0.34066
y_true_train,TP,8,0.07814
y_true_train,TP,8,0.12444
y_true_train,TP,8,0.56617
y_true_train,TP,8,0.13523
y_true_train,TP,8,0.05712
y_true_train,TP,8,0.10654
y_true_train,TP,8,0.09471
y_true_train,TP,8,0.17151
y_true_train,TP,8,0.08189
y_true_train,TP,8,0.45712
y_true_train,TP,8,0.11026
y_true_train,TP,8,0.13363
y_true_train,TP,8,0.11832
y_true_train,TP,8,0.14732
y_true_train,TP,8,0.37907
y_true_train,TP,8,0.62904
y_true_train,TP,8,0.2817
y_true_train,TP,8,0.10045
y_true_test,TP,8,0.11864
y_true_test,TP,8,0.45597
y_true_test,TP,8,0.2149
y_true_test,TP,8,0.08093
y_true_test,TP,8,0.21288
y_true_test,TP,8,0.12853
y_true_test,TP,8,0.11868
y_true_test,TP,8,0.28212
y_true_test,TP,8,0.65846
y_true_test,TP,8,0.20565
y_true_test,TP,8,0.50834
y_true_test,TP,8,0.10483
y_true_test,TP,8,0.78536
y_true_test,TP,8,0.24529
y_true_test,TP,8,0.11114
y_true_test,TP,8,0.40332
y_true_test,TP,8,0.0866
y_true_test,TP,8,0.07571
y_true_test,TP,8,0.50834
y_true_test,TP,8,0.6333
y_true_test,TP,8,0.09844
test_ind,TP,8,213.0
test_ind,TP,8,136.0
test_ind,TP,8,212.0
test_ind,TP,8,17.0
test_ind,TP,8,211.0
test_ind,TP,8,15.0
test_ind,TP,8,237.0
test_ind,TP,8,118.0
test_ind,TP,8,48.0
test_ind,TP,8,167.0
test_ind,TP,8,96.0
test_ind,TP,8,39.0
test_ind,TP,8,64.0
test_ind,TP,8,52.0
test_ind,TP,8,188.0
test_ind,TP,8,61.0
test_ind,TP,8,38.0
test_ind,TP,8,257.0
test_ind,TP,8,97.0
test_ind,TP,8,99.0
test_ind,TP,8,249.0
train_ind,TP,8,65.0
train_ind,TP,8,27.0
train_ind,TP,8,140.0
train_ind,TP,8,236.0
train_ind,TP,8,169.0
train_ind,TP,8,14.0
train_ind,TP,8,243.0
train_ind,TP,8,168.0
train_ind,TP,8,73.0
train_ind,TP,8,137.0
train_ind,TP,8,258.0
train_ind,TP,8,57.0
train_ind,TP,8,55.0
train_ind,TP,8,95.0
train_ind,TP,8,59.0
train_ind,TP,8,248.0
train_ind,TP,8,71.0
train_ind,TP,8,232.0
train_ind,TP,8,49.0
train_ind,TP,8,119.0
train_ind,TP,8,250.0
train_ind,TP,8,244.0
train_ind,TP,8,16.0
train_ind,TP,8,67.0
train_ind,TP,8,138.0
train_ind,TP,8,139.0
train_ind,TP,8,28.0
train_ind,TP,8,20.0
train_ind,TP,8,233.0
train_ind,TP,8,214.0
train_ind,TP,8,120.0
train_ind,TP,8,42.0
train_ind,TP,8,51.0
train_ind,TP,8,98.0
train_ind,TP,8,72.0
train_ind,TP,8,43.0
train_ind,TP,8,34.0
train_ind,TP,8,41.0
train_ind,TP,8,166.0
train_ind,TP,8,69.0
train_ind,TP,8,36.0
train_ind,TP,8,189.0
train_ind,TP,8,187.0
train_ind,TP,8,238.0
train_ind,TP,8,186.0
train_ind,TP,8,247.0
train_ind,TP,8,29.0
train_ind,TP,8,23.0
train_ind,TP,8,252.0
test_rsq,TP,8,0.02919784440576778
train_rsq,TP,8,0.37452723482217853
test_rmse,TP,8,0.21220882736166682
train_rmse,TP,8,0.17154498075644506
test_mape,TP,8,90.4992534546819
train_mape,TP,8,80.63758149258847
n_comp,TP,8,5.0
y_hat_test,TP,9,0.26489090245035407
y_hat_test,TP,9,0.2601431267591971
y_hat_test,TP,9,0.2760847125248172
y_hat_test,TP,9,0.2676925764183024
y_hat_test,TP,9,0.27158670422824127
y_hat_test,TP,9,0.2615888031475923
y_hat_test,TP,9,0.2509960472464851
y_hat_test,TP,9,0.25196166986343865
y_hat_test,TP,9,0.26379565846058367
y_hat_test,TP,9,0.2719660784376888
y_hat_test,TP,9,0.2338193758707389
y_hat_test,TP,9,0.27074033308525747
y_hat_test,TP,9,0.2723827377020602
y_hat_test,TP,9,0.20699217485430116
y_hat_test,TP,9,0.26622599889856696
y_hat_test,TP,9,0.27248711532743225
y_hat_test,TP,9,0.26623652393124553
y_hat_test,TP,9,0.244188702781507
y_hat_test,TP,9,0.22972243250882557
y_hat_test,TP,9,0.267692037641755
y_hat_test,TP,9,0.25631994513042455
y_hat_train,TP,9,0.20003501480941227
y_hat_train,TP,9,0.2874118364766439
y_hat_train,TP,9,0.2359627141986057
y_hat_train,TP,9,0.27627519626226704
y_hat_train,TP,9,0.22311489418445554
y_hat_train,TP,9,0.27609260118954027
y_hat_train,TP,9,0.2590386238331385
y_hat_train,TP,9,0.2853122375987151
y_hat_train,TP,9,0.2767230699611738
y_hat_train,TP,9,0.2540145764154554
y_hat_train,TP,9,0.2419124430352831
y_hat_train,TP,9,0.2656957339269998
y_hat_train,TP,9,0.2776255901810819
y_hat_train,TP,9,0.23117849583687172
y_hat_train,TP,9,0.25892797254800637
y_hat_train,TP,9,0.27113286075260296
y_hat_train,TP,9,0.2717811440592249
y_hat_train,TP,9,0.2803836440570364
y_hat_train,TP,9,0.26929832684953625
y_hat_train,TP,9,0.25021854328358856
y_hat_train,TP,9,0.2722269150138271
y_hat_train,TP,9,0.1861330298347108
y_hat_train,TP,9,0.2646557539308869
y_hat_train,TP,9,0.24358283106671608
y_hat_train,TP,9,0.280346013245723
y_hat_train,TP,9,0.28285669414131814
y_hat_train,TP,9,0.2758725957310781
y_hat_train,TP,9,0.27216368715706307
y_hat_train,TP,9,0.2823466124547205
y_hat_train,TP,9,0.24539016614714126
y_hat_train,TP,9,0.278648190892772
y_hat_train,TP,9,0.27028825621772
y_hat_train,TP,9,0.2827246149171685
y_hat_train,TP,9,0.17524961857895135
y_hat_train,TP,9,0.21258073989989312
y_hat_train,TP,9,0.2479554933277218
y_hat_train,TP,9,0.2727328325713628
y_hat_train,TP,9,0.2826199430478494
y_hat_train,TP,9,0.19056377290246101
y_hat_train,TP,9,0.287726092504049
y_hat_train,TP,9,0.279057438764041
y_hat_train,TP,9,0.2607502002201987
y_hat_train,TP,9,0.28503549830417896
y_hat_train,TP,9,0.2911448172670168
y_hat_train,TP,9,0.27628632029441014
y_hat_train,TP,9,0.2687650574779256
y_hat_train,TP,9,0.21536994902378803
y_hat_train,TP,9,0.2788231170584434
y_hat_train,TP,9,0.2783182285472234
y_true_train,TP,9,0.05712
y_true_train,TP,9,0.71806
y_true_train,TP,9,0.7413
y_true_train,TP,9,0.11114
y_true_train,TP,9,0.11573
y_true_train,TP,9,0.07726
y_true_train,TP,9,0.08093
y_true_train,TP,9,0.19324
y_true_train,TP,9,0.06523
y_true_train,TP,9,0.62904
y_true_train,TP,9,0.15858
y_true_train,TP,9,0.20565
y_true_train,TP,9,0.11832
y_true_train,TP,9,0.28212
y_true_train,TP,9,0.37907
y_true_train,TP,9,0.09471
y_true_train,TP,9,0.65846
y_true_train,TP,9,0.10654
y_true_train,TP,9,0.34066
y_true_train,TP,9,0.24529
y_true_train,TP,9,0.32987
y_true_train,TP,9,0.0866
y_true_train,TP,9,0.6333
y_true_train,TP,9,0.12853
y_true_train,TP,9,0.10412
y_true_train,TP,9,0.12444
y_true_train,TP,9,0.10483
y_true_train,TP,9,0.68375
y_true_train,TP,9,0.12298
y_true_train,TP,9,0.45712
y_true_train,TP,9,0.78536
y_true_train,TP,9,0.14029
y_true_train,TP,9,0.07847
y_true_train,TP,9,0.12823
y_true_train,TP,9,0.13523
y_true_train,TP,9,0.50834
y_true_train,TP,9,0.08189
y_true_train,TP,9,0.2149
y_true_train,TP,9,0.07571
y_true_train,TP,9,0.13363
y_true_train,TP,9,0.7878
y_true_train,TP,9,0.71073
y_true_train,TP,9,0.11868
y_true_train,TP,9,0.21288
y_true_train,TP,9,0.10045
y_true_train,TP,9,0.09844
y_true_train,TP,9,0.09475
y_true_train,TP,9,0.05394
y_true_train,TP,9,0.11864
y_true_test,TP,9,0.17246
y_true_test,TP,9,0.38444
y_true_test,TP,9,0.06631
y_true_test,TP,9,0.07814
y_true_test,TP,9,0.40332
y_true_test,TP,9,0.43203
y_true_test,TP,9,0.48471
y_true_test,TP,9,0.45597
y_true_test,TP,9,0.56617
y_true_test,TP,9,0.11026
y_true_test,TP,9,0.25603
y_true_test,TP,9,0.34314
y_true_test,TP,9,0.14732
y_true_test,TP,9,0.08297
y_true_test,TP,9,0.17151
y_true_test,TP,9,0.50128
y_true_test,TP,9,0.36156
y_true_test,TP,9,0.50834
y_true_test,TP,9,0.10173
y_true_test,TP,9,0.50153
y_true_test,TP,9,0.2817
test_ind,TP,9,169.0
test_ind,TP,9,27.0
test_ind,TP,9,67.0
test_ind,TP,9,42.0
test_ind,TP,9,61.0
test_ind,TP,9,49.0
test_ind,TP,9,258.0
test_ind,TP,9,136.0
test_ind,TP,9,98.0
test_ind,TP,9,189.0
test_ind,TP,9,28.0
test_ind,TP,9,233.0
test_ind,TP,9,186.0
test_ind,TP,9,16.0
test_ind,TP,9,166.0
test_ind,TP,9,65.0
test_ind,TP,9,95.0
test_ind,TP,9,96.0
test_ind,TP,9,73.0
test_ind,TP,9,244.0
test_ind,TP,9,23.0
train_ind,TP,9,43.0
train_ind,TP,9,140.0
train_ind,TP,9,138.0
train_ind,TP,9,188.0
train_ind,TP,9,243.0
train_ind,TP,9,55.0
train_ind,TP,9,17.0
train_ind,TP,9,57.0
train_ind,TP,9,20.0
train_ind,TP,9,29.0
train_ind,TP,9,248.0
train_ind,TP,9,167.0
train_ind,TP,9,238.0
train_ind,TP,9,118.0
train_ind,TP,9,247.0
train_ind,TP,9,41.0
train_ind,TP,9,48.0
train_ind,TP,9,34.0
train_ind,TP,9,120.0
train_ind,TP,9,52.0
train_ind,TP,9,119.0
train_ind,TP,9,38.0
train_ind,TP,9,99.0
train_ind,TP,9,15.0
train_ind,TP,9,250.0
train_ind,TP,9,51.0
train_ind,TP,9,39.0
train_ind,TP,9,139.0
train_ind,TP,9,214.0
train_ind,TP,9,36.0
train_ind,TP,9,64.0
train_ind,TP,9,168.0
train_ind,TP,9,14.0
train_ind,TP,9,71.0
train_ind,TP,9,72.0
train_ind,TP,9,97.0
train_ind,TP,9,69.0
train_ind,TP,9,212.0
train_ind,TP,9,257.0
train_ind,TP,9,187.0
train_ind,TP,9,236.0
train_ind,TP,9,137.0
train_ind,TP,9,237.0
train_ind,TP,9,211.0
train_ind,TP,9,252.0
train_ind,TP,9,249.0
train_ind,TP,9,59.0
train_ind,TP,9,232.0
train_ind,TP,9,213.0
test_rsq,TP,9,-0.05886645218191955
train_rsq,TP,9,0.014896650614924623
test_rmse,TP,9,0.17082387992700251
train_rmse,TP,9,0.2319598723401896
test_mape,TP,9,77.84715474074363
train_mape,TP,9,114.85135622960543
n_comp,TP,9,1.0
y_hat_test,TP,10,0.3025062339340877
y_hat_test,TP,10,0.27820055521118225
y_hat_test,TP,10,0.19027298493921208
y_hat_test,TP,10,0.2796816493538624
y_hat_test,TP,10,0.23520528392251633
y_hat_test,TP,10,0.28340272278106754
y_hat_test,TP,10,0.2858938272141844
y_hat_test,TP,10,0.31586469690712277
y_hat_test,TP,10,0.3245585850531165
y_hat_test,TP,10,0.30118872681922765
y_hat_test,TP,10,0.31409631920952874
y_hat_test,TP,10,0.3074600320079876
y_hat_test,TP,10,0.2847147202544851
y_hat_test,TP,10,0.29498650741107874
y_hat_test,TP,10,0.32359185848024835
y_hat_test,TP,10,0.2675199637475346
y_hat_test,TP,10,0.32879197110473235
y_hat_test,TP,10,0.2851216650775602
y_hat_test,TP,10,0.31193667525941904
y_hat_test,TP,10,0.2365134367035189
y_hat_test,TP,10,0.3243322327492547
y_hat_train,TP,10,0.2326003276234521
y_hat_train,TP,10,0.15410570977046942
y_hat_train,TP,10,0.275293294340063
y_hat_train,TP,10,0.3114754211643752
y_hat_train,TP,10,0.25967680952187344
y_hat_train,TP,10,0.31781570360305306
y_hat_train,TP,10,0.32762902432133406
y_hat_train,TP,10,0.3038540237037863
y_hat_train,TP,10,0.3167879138605865
y_hat_train,TP,10,0.2197264844102739
y_hat_train,TP,10,0.2980329068370901
y_hat_train,TP,10,0.32124310428438774
y_hat_train,TP,10,0.30480502071086857
y_hat_train,TP,10,0.3027784837704844
y_hat_train,TP,10,0.25040173731703996
y_hat_train,TP,10,0.30728450365874516
y_hat_train,TP,10,0.31090272972766964
y_hat_train,TP,10,0.25452571318692013
y_hat_train,TP,10,0.2221764493016307
y_hat_train,TP,10,0.20445688084982105
y_hat_train,TP,10,0.312646253101346
y_hat_train,TP,10,0.2829238245770156
y_hat_train,TP,10,0.3000869783874575
y_hat_train,TP,10,0.29586592517091564
y_hat_train,TP,10,0.2774457556956026
y_hat_train,TP,10,0.30262387345293884
y_hat_train,TP,10,0.29236079893057676
y_hat_train,TP,10,0.310502701047492
y_hat_train,TP,10,0.30369853744598946
y_hat_train,TP,10,0.2566177979472553
y_hat_train,TP,10,0.3113316050815359
y_hat_train,TP,10,0.3149345835499985
y_hat_train,TP,10,0.1434273978044247
y_hat_train,TP,10,0.28089323773032776
y_hat_train,TP,10,0.3185282153812438
y_hat_train,TP,10,0.3003774795998609
y_hat_train,TP,10,0.2994432370275075
y_hat_train,TP,10,0.21919361568817694
y_hat_train,TP,10,0.3180929957498947
y_hat_train,TP,10,0.26545979140798426
y_hat_train,TP,10,0.3150454236485654
y_hat_train,TP,10,0.3136326510925281
y_hat_train,TP,10,0.2651220994431456
y_hat_train,TP,10,0.2741685709662112
y_hat_train,TP,10,0.19650682685628895
y_hat_train,TP,10,0.18131876048139062
y_hat_train,TP,10,0.24862515834746515
y_hat_train,TP,10,0.1739446583763932
y_hat_train,TP,10,0.317099004046543
y_true_train,TP,10,0.50834
y_true_train,TP,10,0.07571
y_true_train,TP,10,0.37907
y_true_train,TP,10,0.11114
y_true_train,TP,10,0.45712
y_true_train,TP,10,0.2149
y_true_train,TP,10,0.21288
y_true_train,TP,10,0.40332
y_true_train,TP,10,0.11832
y_true_train,TP,10,0.11573
y_true_train,TP,10,0.09844
y_true_train,TP,10,0.12444
y_true_train,TP,10,0.08189
y_true_train,TP,10,0.36156
y_true_train,TP,10,0.12853
y_true_train,TP,10,0.10483
y_true_train,TP,10,0.34314
y_true_train,TP,10,0.45597
y_true_train,TP,10,0.10173
y_true_train,TP,10,0.09475
y_true_train,TP,10,0.10412
y_true_train,TP,10,0.17151
y_true_train,TP,10,0.50128
y_true_train,TP,10,0.14029
y_true_train,TP,10,0.2817
y_true_train,TP,10,0.09471
y_true_train,TP,10,0.07814
y_true_train,TP,10,0.12298
y_true_train,TP,10,0.10045
y_true_train,TP,10,0.50834
y_true_train,TP,10,0.71806
y_true_train,TP,10,0.78536
y_true_train,TP,10,0.0866
y_true_train,TP,10,0.17246
y_true_train,TP,10,0.7878
y_true_train,TP,10,0.65846
y_true_train,TP,10,0.11026
y_true_train,TP,10,0.28212
y_true_train,TP,10,0.11864
y_true_train,TP,10,0.71073
y_true_train,TP,10,0.68375
y_true_train,TP,10,0.07847
y_true_train,TP,10,0.48471
y_true_train,TP,10,0.62904
y_true_train,TP,10,0.13523
y_true_train,TP,10,0.12823
y_true_train,TP,10,0.15858
y_true_train,TP,10,0.05712
y_true_train,TP,10,0.10654
y_true_test,TP,10,0.34066
y_true_test,TP,10,0.08093
y_true_test,TP,10,0.08297
y_true_test,TP,10,0.38444
y_true_test,TP,10,0.7413
y_true_test,TP,10,0.56617
y_true_test,TP,10,0.20565
y_true_test,TP,10,0.07726
y_true_test,TP,10,0.13363
y_true_test,TP,10,0.50153
y_true_test,TP,10,0.32987
y_true_test,TP,10,0.06523
y_true_test,TP,10,0.6333
y_true_test,TP,10,0.14732
y_true_test,TP,10,0.19324
y_true_test,TP,10,0.24529
y_true_test,TP,10,0.11868
y_true_test,TP,10,0.43203
y_true_test,TP,10,0.06631
y_true_test,TP,10,0.25603
y_true_test,TP,10,0.05394
test_ind,TP,10,120.0
test_ind,TP,10,17.0
test_ind,TP,10,16.0
test_ind,TP,10,27.0
test_ind,TP,10,138.0
test_ind,TP,10,98.0
test_ind,TP,10,167.0
test_ind,TP,10,55.0
test_ind,TP,10,187.0
test_ind,TP,10,244.0
test_ind,TP,10,119.0
test_ind,TP,10,20.0
test_ind,TP,10,99.0
test_ind,TP,10,186.0
test_ind,TP,10,57.0
test_ind,TP,10,52.0
test_ind,TP,10,237.0
test_ind,TP,10,49.0
test_ind,TP,10,67.0
test_ind,TP,10,28.0
test_ind,TP,10,232.0
train_ind,TP,10,96.0
train_ind,TP,10,257.0
train_ind,TP,10,247.0
train_ind,TP,10,188.0
train_ind,TP,10,36.0
train_ind,TP,10,212.0
train_ind,TP,10,211.0
train_ind,TP,10,61.0
train_ind,TP,10,238.0
train_ind,TP,10,243.0
train_ind,TP,10,249.0
train_ind,TP,10,51.0
train_ind,TP,10,69.0
train_ind,TP,10,95.0
train_ind,TP,10,15.0
train_ind,TP,10,39.0
train_ind,TP,10,233.0
train_ind,TP,10,136.0
train_ind,TP,10,73.0
train_ind,TP,10,59.0
train_ind,TP,10,250.0
train_ind,TP,10,166.0
train_ind,TP,10,65.0
train_ind,TP,10,168.0
train_ind,TP,10,23.0
train_ind,TP,10,41.0
train_ind,TP,10,42.0
train_ind,TP,10,214.0
train_ind,TP,10,252.0
train_ind,TP,10,97.0
train_ind,TP,10,140.0
train_ind,TP,10,64.0
train_ind,TP,10,38.0
train_ind,TP,10,169.0
train_ind,TP,10,236.0
train_ind,TP,10,48.0
train_ind,TP,10,189.0
train_ind,TP,10,118.0
train_ind,TP,10,213.0
train_ind,TP,10,137.0
train_ind,TP,10,139.0
train_ind,TP,10,14.0
train_ind,TP,10,258.0
train_ind,TP,10,29.0
train_ind,TP,10,72.0
train_ind,TP,10,71.0
train_ind,TP,10,248.0
train_ind,TP,10,43.0
train_ind,TP,10,34.0
test_rsq,TP,10,-0.12899325634162317
train_rsq,TP,10,0.044730631517307606
test_rmse,TP,10,0.2136075542264894
train_rmse,TP,10,0.21793128614342794
test_mape,TP,10,131.3677622510261
train_mape,TP,10,104.4522793773528
n_comp,TP,10,1.0
y_hat_test,TP,11,0.30376625798483925
y_hat_test,TP,11,0.3732214507833017
y_hat_test,TP,11,0.4631430345351732
y_hat_test,TP,11,0.08754167151910924
y_hat_test,TP,11,0.2339095880727902
y_hat_test,TP,11,0.3377282341138844
y_hat_test,TP,11,0.1410115172650684
y_hat_test,TP,11,0.20141333615430654
y_hat_test,TP,11,0.505965079880232
y_hat_test,TP,11,0.33503542459298796
y_hat_test,TP,11,0.3465240786152241
y_hat_test,TP,11,0.29201937429647107
y_hat_test,TP,11,0.27601828301665365
y_hat_test,TP,11,0.26289581734252854
y_hat_test,TP,11,0.22033874792880148
y_hat_test,TP,11,0.29714019636111505
y_hat_test,TP,11,0.21010506237451404
y_hat_test,TP,11,0.24609103036818866
y_hat_test,TP,11,0.27954784305227437
y_hat_test,TP,11,0.02677588749564247
y_hat_test,TP,11,0.3973459615036672
y_hat_train,TP,11,0.16631392359087846
y_hat_train,TP,11,0.2957127839274842
y_hat_train,TP,11,0.432295495867692
y_hat_train,TP,11,0.23551610836888248
y_hat_train,TP,11,0.31214470412758555
y_hat_train,TP,11,0.4967036289544793
y_hat_train,TP,11,0.2614539807999656
y_hat_train,TP,11,0.327110656435227
y_hat_train,TP,11,0.6234844120060925
y_hat_train,TP,11,0.7995100448204937
y_hat_train,TP,11,0.07616016870212372
y_hat_train,TP,11,0.3032108127011222
y_hat_train,TP,11,0.3179892943395316
y_hat_train,TP,11,0.36705870933227525
y_hat_train,TP,11,0.37244062221265817
y_hat_train,TP,11,0.35257629626290593
y_hat_train,TP,11,0.24344142098861604
y_hat_train,TP,11,0.21955044645197916
y_hat_train,TP,11,0.37684283571412736
y_hat_train,TP,11,0.21681366772434632
y_hat_train,TP,11,0.06607995025629315
y_hat_train,TP,11,0.2889764438099104
y_hat_train,TP,11,0.2968329492401405
y_hat_train,TP,11,0.31855186941159064
y_hat_train,TP,11,0.280594398892812
y_hat_train,TP,11,0.05543726589925968
y_hat_train,TP,11,0.28371854921532574
y_hat_train,TP,11,0.31549066690848965
y_hat_train,TP,11,0.32657412531651614
y_hat_train,TP,11,0.2832857580928734
y_hat_train,TP,11,0.37972486233821895
y_hat_train,TP,11,0.27510979884768194
y_hat_train,TP,11,0.3846130922644154
y_hat_train,TP,11,0.2814696211358994
y_hat_train,TP,11,0.30967410152808966
y_hat_train,TP,11,0.44217223106109843
y_hat_train,TP,11,0.23789157812911368
y_hat_train,TP,11,0.3446554568362894
y_hat_train,TP,11,0.08527416048825043
y_hat_train,TP,11,0.4867174885921489
y_hat_train,TP,11,0.2810373699834549
y_hat_train,TP,11,0.07303231785381711
y_hat_train,TP,11,0.3876300327236346
y_hat_train,TP,11,0.38614985562901927
y_hat_train,TP,11,0.3354425667726839
y_hat_train,TP,11,0.2074759297105791
y_hat_train,TP,11,0.27143683175453254
y_hat_train,TP,11,0.25246613546947644
y_hat_train,TP,11,0.42845457850991786
y_true_train,TP,11,0.11868
y_true_train,TP,11,0.12444
y_true_train,TP,11,0.71073
y_true_train,TP,11,0.19324
y_true_train,TP,11,0.2817
y_true_train,TP,11,0.17246
y_true_train,TP,11,0.65846
y_true_train,TP,11,0.62904
y_true_train,TP,11,0.68375
y_true_train,TP,11,0.7413
y_true_train,TP,11,0.11026
y_true_train,TP,11,0.25603
y_true_train,TP,11,0.07814
y_true_train,TP,11,0.34066
y_true_train,TP,11,0.2149
y_true_train,TP,11,0.48471
y_true_train,TP,11,0.7878
y_true_train,TP,11,0.11573
y_true_train,TP,11,0.40332
y_true_train,TP,11,0.11832
y_true_train,TP,11,0.05712
y_true_train,TP,11,0.07847
y_true_train,TP,11,0.71806
y_true_train,TP,11,0.38444
y_true_train,TP,11,0.08093
y_true_train,TP,11,0.13363
y_true_train,TP,11,0.15858
y_true_train,TP,11,0.08189
y_true_train,TP,11,0.43203
y_true_train,TP,11,0.07726
y_true_train,TP,11,0.45597
y_true_train,TP,11,0.32987
y_true_train,TP,11,0.45712
y_true_train,TP,11,0.12853
y_true_train,TP,11,0.10483
y_true_train,TP,11,0.56617
y_true_train,TP,11,0.06523
y_true_train,TP,11,0.17151
y_true_train,TP,11,0.07571
y_true_train,TP,11,0.50834
y_true_train,TP,11,0.14732
y_true_train,TP,11,0.12823
y_true_train,TP,11,0.20565
y_true_train,TP,11,0.78536
y_true_train,TP,11,0.50834
y_true_train,TP,11,0.09471
y_true_train,TP,11,0.12298
y_true_train,TP,11,0.37907
y_true_train,TP,11,0.50128
y_true_test,TP,11,0.10173
y_true_test,TP,11,0.24529
y_true_test,TP,11,0.36156
y_true_test,TP,11,0.0866
y_true_test,TP,11,0.10412
y_true_test,TP,11,0.6333
y_true_test,TP,11,0.09844
y_true_test,TP,11,0.10045
y_true_test,TP,11,0.11114
y_true_test,TP,11,0.21288
y_true_test,TP,11,0.28212
y_true_test,TP,11,0.10654
y_true_test,TP,11,0.09475
y_true_test,TP,11,0.13523
y_true_test,TP,11,0.08297
y_true_test,TP,11,0.14029
y_true_test,TP,11,0.34314
y_true_test,TP,11,0.50153
y_true_test,TP,11,0.06631
y_true_test,TP,11,0.05394
y_true_test,TP,11,0.11864
test_ind,TP,11,73.0
test_ind,TP,11,52.0
test_ind,TP,11,95.0
test_ind,TP,11,38.0
test_ind,TP,11,250.0
test_ind,TP,11,99.0
test_ind,TP,11,249.0
test_ind,TP,11,252.0
test_ind,TP,11,188.0
test_ind,TP,11,211.0
test_ind,TP,11,118.0
test_ind,TP,11,34.0
test_ind,TP,11,59.0
test_ind,TP,11,72.0
test_ind,TP,11,16.0
test_ind,TP,11,168.0
test_ind,TP,11,233.0
test_ind,TP,11,244.0
test_ind,TP,11,67.0
test_ind,TP,11,232.0
test_ind,TP,11,213.0
train_ind,TP,11,237.0
train_ind,TP,11,51.0
train_ind,TP,11,137.0
train_ind,TP,11,57.0
train_ind,TP,11,23.0
train_ind,TP,11,169.0
train_ind,TP,11,48.0
train_ind,TP,11,29.0
train_ind,TP,11,139.0
train_ind,TP,11,138.0
train_ind,TP,11,189.0
train_ind,TP,11,28.0
train_ind,TP,11,42.0
train_ind,TP,11,120.0
train_ind,TP,11,212.0
train_ind,TP,11,258.0
train_ind,TP,11,236.0
train_ind,TP,11,243.0
train_ind,TP,11,61.0
train_ind,TP,11,238.0
train_ind,TP,11,43.0
train_ind,TP,11,14.0
train_ind,TP,11,140.0
train_ind,TP,11,27.0
train_ind,TP,11,17.0
train_ind,TP,11,187.0
train_ind,TP,11,248.0
train_ind,TP,11,69.0
train_ind,TP,11,49.0
train_ind,TP,11,55.0
train_ind,TP,11,136.0
train_ind,TP,11,119.0
train_ind,TP,11,36.0
train_ind,TP,11,15.0
train_ind,TP,11,39.0
train_ind,TP,11,98.0
train_ind,TP,11,20.0
train_ind,TP,11,166.0
train_ind,TP,11,257.0
train_ind,TP,11,96.0
train_ind,TP,11,186.0
train_ind,TP,11,71.0
train_ind,TP,11,167.0
train_ind,TP,11,64.0
train_ind,TP,11,97.0
train_ind,TP,11,41.0
train_ind,TP,11,214.0
train_ind,TP,11,247.0
train_ind,TP,11,65.0
test_rsq,TP,11,-0.4462223731976418
train_rsq,TP,11,0.3277757410167821
test_rmse,TP,11,0.18159870273761228
train_rmse,TP,11,0.18869341780392335
test_mape,TP,11,117.34379773267807
train_mape,TP,11,80.79460625164705
n_comp,TP,11,5.0
y_hat_test,TP,12,0.24667839580513612
y_hat_test,TP,12,0.3180443831776383
y_hat_test,TP,12,0.2505047891372342
y_hat_test,TP,12,0.2318512039574976
y_hat_test,TP,12,0.30219396258880843
y_hat_test,TP,12,0.31798242831332985
y_hat_test,TP,12,0.3159168888329828
y_hat_test,TP,12,0.2803929455030104
y_hat_test,TP,12,0.298668795564386
y_hat_test,TP,12,0.2588534561157683
y_hat_test,TP,12,0.3353315506669679
y_hat_test,TP,12,0.2839023979046019
y_hat_test,TP,12,0.28939535347180806
y_hat_test,TP,12,0.2074053853454833
y_hat_test,TP,12,0.27402339486232324
y_hat_test,TP,12,0.22689125912597258
y_hat_test,TP,12,0.24944666246486397
y_hat_test,TP,12,0.2670737851201072
y_hat_test,TP,12,0.21353106361535007
y_hat_test,TP,12,0.2921681201317465
y_hat_test,TP,12,0.2579160081388342
y_hat_train,TP,12,0.28120606270311893
y_hat_train,TP,12,-0.01653221496627294
y_hat_train,TP,12,0.2644650481025925
y_hat_train,TP,12,0.3029200040884817
y_hat_train,TP,12,0.2945539374543115
y_hat_train,TP,12,0.2586941714957078
y_hat_train,TP,12,0.26727428571371414
y_hat_train,TP,12,0.2879848046308063
y_hat_train,TP,12,0.19268627610436995
y_hat_train,TP,12,0.29517338027432743
y_hat_train,TP,12,0.30943707941475723
y_hat_train,TP,12,0.2759120836533015
y_hat_train,TP,12,0.259229686730011
y_hat_train,TP,12,0.24570897234909514
y_hat_train,TP,12,0.3681812891471961
y_hat_train,TP,12,0.2992086114842159
y_hat_train,TP,12,0.1854389975735362
y_hat_train,TP,12,0.2677654002325167
y_hat_train,TP,12,0.29506874408184947
y_hat_train,TP,12,0.25140485813185887
y_hat_train,TP,12,0.28561129821516623
y_hat_train,TP,12,0.31380482521811354
y_hat_train,TP,12,0.24954789817513703
y_hat_train,TP,12,0.2708200464505212
y_hat_train,TP,12,0.30122722023117154
y_hat_train,TP,12,0.26819427390029954
y_hat_train,TP,12,0.2938129882836501
y_hat_train,TP,12,0.3009038291058528
y_hat_train,TP,12,0.3047935677240674
y_hat_train,TP,12,0.28678736009744604
y_hat_train,TP,12,0.2993908099578914
y_hat_train,TP,12,0.3238688672765091
y_hat_train,TP,12,0.31291312008788813
y_hat_train,TP,12,0.32841169477170046
y_hat_train,TP,12,0.23730116382277322
y_hat_train,TP,12,0.28170909449441334
y_hat_train,TP,12,0.1854014767702363
y_hat_train,TP,12,0.2929054943897975
y_hat_train,TP,12,0.299696687276266
y_hat_train,TP,12,0.27473813510360967
y_hat_train,TP,12,0.2609673911356423
y_hat_train,TP,12,0.3461889790870297
y_hat_train,TP,12,0.33409744929101637
y_hat_train,TP,12,0.20675541868418673
y_hat_train,TP,12,0.31179169912117216
y_hat_train,TP,12,0.27770858276802596
y_hat_train,TP,12,0.19024232681103692
y_hat_train,TP,12,0.2785764261632032
y_hat_train,TP,12,0.2895303971866798
y_true_train,TP,12,0.06631
y_true_train,TP,12,0.12823
y_true_train,TP,12,0.05394
y_true_train,TP,12,0.06523
y_true_train,TP,12,0.20565
y_true_train,TP,12,0.12853
y_true_train,TP,12,0.50153
y_true_train,TP,12,0.7878
y_true_train,TP,12,0.05712
y_true_train,TP,12,0.78536
y_true_train,TP,12,0.17151
y_true_train,TP,12,0.09844
y_true_train,TP,12,0.48471
y_true_train,TP,12,0.68375
y_true_train,TP,12,0.71806
y_true_train,TP,12,0.10654
y_true_train,TP,12,0.07571
y_true_train,TP,12,0.07726
y_true_train,TP,12,0.65846
y_true_train,TP,12,0.15858
y_true_train,TP,12,0.37907
y_true_train,TP,12,0.50834
y_true_train,TP,12,0.10173
y_true_train,TP,12,0.50834
y_true_train,TP,12,0.17246
y_true_train,TP,12,0.28212
y_true_train,TP,12,0.6333
y_true_train,TP,12,0.11868
y_true_train,TP,12,0.12444
y_true_train,TP,12,0.11832
y_true_train,TP,12,0.10483
y_true_train,TP,12,0.71073
y_true_train,TP,12,0.2149
y_true_train,TP,12,0.07847
y_true_train,TP,12,0.45712
y_true_train,TP,12,0.11864
y_true_train,TP,12,0.0866
y_true_train,TP,12,0.56617
y_true_train,TP,12,0.50128
y_true_train,TP,12,0.09471
y_true_train,TP,12,0.2817
y_true_train,TP,12,0.21288
y_true_train,TP,12,0.13363
y_true_train,TP,12,0.09475
y_true_train,TP,12,0.14732
y_true_train,TP,12,0.08093
y_true_train,TP,12,0.08297
y_true_train,TP,12,0.38444
y_true_train,TP,12,0.08189
y_true_test,TP,12,0.24529
y_true_test,TP,12,0.19324
y_true_test,TP,12,0.62904
y_true_test,TP,12,0.25603
y_true_test,TP,12,0.45597
y_true_test,TP,12,0.10045
y_true_test,TP,12,0.10412
y_true_test,TP,12,0.11114
y_true_test,TP,12,0.14029
y_true_test,TP,12,0.32987
y_true_test,TP,12,0.12298
y_true_test,TP,12,0.40332
y_true_test,TP,12,0.07814
y_true_test,TP,12,0.13523
y_true_test,TP,12,0.43203
y_true_test,TP,12,0.7413
y_true_test,TP,12,0.36156
y_true_test,TP,12,0.34066
y_true_test,TP,12,0.11573
y_true_test,TP,12,0.11026
y_true_test,TP,12,0.34314
test_ind,TP,12,52.0
test_ind,TP,12,57.0
test_ind,TP,12,29.0
test_ind,TP,12,28.0
test_ind,TP,12,136.0
test_ind,TP,12,252.0
test_ind,TP,12,250.0
test_ind,TP,12,188.0
test_ind,TP,12,168.0
test_ind,TP,12,119.0
test_ind,TP,12,214.0
test_ind,TP,12,61.0
test_ind,TP,12,42.0
test_ind,TP,12,72.0
test_ind,TP,12,49.0
test_ind,TP,12,138.0
test_ind,TP,12,95.0
test_ind,TP,12,120.0
test_ind,TP,12,243.0
test_ind,TP,12,189.0
test_ind,TP,12,233.0
train_ind,TP,12,67.0
train_ind,TP,12,71.0
train_ind,TP,12,232.0
train_ind,TP,12,20.0
train_ind,TP,12,167.0
train_ind,TP,12,15.0
train_ind,TP,12,244.0
train_ind,TP,12,236.0
train_ind,TP,12,43.0
train_ind,TP,12,64.0
train_ind,TP,12,166.0
train_ind,TP,12,249.0
train_ind,TP,12,258.0
train_ind,TP,12,139.0
train_ind,TP,12,140.0
train_ind,TP,12,34.0
train_ind,TP,12,257.0
train_ind,TP,12,55.0
train_ind,TP,12,48.0
train_ind,TP,12,248.0
train_ind,TP,12,247.0
train_ind,TP,12,96.0
train_ind,TP,12,73.0
train_ind,TP,12,97.0
train_ind,TP,12,169.0
train_ind,TP,12,118.0
train_ind,TP,12,99.0
train_ind,TP,12,237.0
train_ind,TP,12,51.0
train_ind,TP,12,238.0
train_ind,TP,12,39.0
train_ind,TP,12,137.0
train_ind,TP,12,212.0
train_ind,TP,12,14.0
train_ind,TP,12,36.0
train_ind,TP,12,213.0
train_ind,TP,12,38.0
train_ind,TP,12,98.0
train_ind,TP,12,65.0
train_ind,TP,12,41.0
train_ind,TP,12,23.0
train_ind,TP,12,211.0
train_ind,TP,12,187.0
train_ind,TP,12,59.0
train_ind,TP,12,186.0
train_ind,TP,12,17.0
train_ind,TP,12,16.0
train_ind,TP,12,27.0
train_ind,TP,12,69.0
test_rsq,TP,12,-0.17309113994258007
train_rsq,TP,12,0.061237035126998074
test_rmse,TP,12,0.19526880748109937
train_rmse,TP,12,0.2233071815941588
test_mape,TP,12,87.33759250284608
train_mape,TP,12,121.77334356937912
n_comp,TP,12,2.0
y_hat_test,TP,13,0.3207495971574976
y_hat_test,TP,13,0.388377889435238
y_hat_test,TP,13,0.04169889553224326
y_hat_test,TP,13,0.38946085868497793
y_hat_test,TP,13,0.41808964355711864
y_hat_test,TP,13,0.1728875588351435
y_hat_test,TP,13,0.3325729144138534
y_hat_test,TP,13,0.5648075894851123
y_hat_test,TP,13,0.24789996508840542
y_hat_test,TP,13,0.12190830072923045
y_hat_test,TP,13,0.22772046261937295
y_hat_test,TP,13,0.3039071886606424
y_hat_test,TP,13,0.14916850477686677
y_hat_test,TP,13,0.4039297497725093
y_hat_test,TP,13,0.18550112573179736
y_hat_test,TP,13,0.20987607768241068
y_hat_test,TP,13,0.5007766251963316
y_hat_test,TP,13,0.3624397560190228
y_hat_test,TP,13,0.3596137092551243
y_hat_test,TP,13,0.44877396270950587
y_hat_test,TP,13,-0.0012946072890201443
y_hat_train,TP,13,0.24491409010152435
y_hat_train,TP,13,0.1563441361056695
y_hat_train,TP,13,0.8247151138251474
y_hat_train,TP,13,0.0913667759756247
y_hat_train,TP,13,0.4226683159722279
y_hat_train,TP,13,0.3987652821751101
y_hat_train,TP,13,0.34750377842882696
y_hat_train,TP,13,0.21532147829193343
y_hat_train,TP,13,0.32995945747126393
y_hat_train,TP,13,0.1462831620369439
y_hat_train,TP,13,0.35318442369595315
y_hat_train,TP,13,0.4405035521328944
y_hat_train,TP,13,0.35763190980214943
y_hat_train,TP,13,0.3358208656641341
y_hat_train,TP,13,0.2199798851424724
y_hat_train,TP,13,0.16807861722566755
y_hat_train,TP,13,0.2604575833481141
y_hat_train,TP,13,0.2757348832732522
y_hat_train,TP,13,0.313317294191776
y_hat_train,TP,13,0.4974791907433165
y_hat_train,TP,13,-0.014743290771921491
y_hat_train,TP,13,0.1939049063327391
y_hat_train,TP,13,0.5722871424105764
y_hat_train,TP,13,0.16947655930265626
y_hat_train,TP,13,0.1253331314661007
y_hat_train,TP,13,0.5487378060987753
y_hat_train,TP,13,0.15347747327486505
y_hat_train,TP,13,0.31062399124271195
y_hat_train,TP,13,-0.018503202177855116
y_hat_train,TP,13,0.15671602921778702
y_hat_train,TP,13,0.21954903927450847
y_hat_train,TP,13,0.21572073694878513
y_hat_train,TP,13,0.1334365440688109
y_hat_train,TP,13,0.1743519295543613
y_hat_train,TP,13,0.5780087354276676
y_hat_train,TP,13,0.050242983761196375
y_hat_train,TP,13,0.2070677636883741
y_hat_train,TP,13,-0.020585164920836785
y_hat_train,TP,13,0.1573707221436718
y_hat_train,TP,13,0.27118171836601734
y_hat_train,TP,13,0.2161296359791598
y_hat_train,TP,13,0.30569190633166
y_hat_train,TP,13,0.14290951232902463
y_hat_train,TP,13,0.3149780785103931
y_hat_train,TP,13,0.2682928078843288
y_hat_train,TP,13,0.6191803282041951
y_hat_train,TP,13,0.41057535943764306
y_hat_train,TP,13,0.35887727970017497
y_hat_train,TP,13,0.37958974131043477
y_true_train,TP,13,0.10045
y_true_train,TP,13,0.13523
y_true_train,TP,13,0.7413
y_true_train,TP,13,0.05712
y_true_train,TP,13,0.20565
y_true_train,TP,13,0.34314
y_true_train,TP,13,0.38444
y_true_train,TP,13,0.10173
y_true_train,TP,13,0.08189
y_true_train,TP,13,0.09844
y_true_train,TP,13,0.34066
y_true_train,TP,13,0.50834
y_true_train,TP,13,0.25603
y_true_train,TP,13,0.28212
y_true_train,TP,13,0.2149
y_true_train,TP,13,0.15858
y_true_train,TP,13,0.2817
y_true_train,TP,13,0.6333
y_true_train,TP,13,0.45597
y_true_train,TP,13,0.56617
y_true_train,TP,13,0.11114
y_true_train,TP,13,0.10483
y_true_train,TP,13,0.71073
y_true_train,TP,13,0.13363
y_true_train,TP,13,0.12823
y_true_train,TP,13,0.78536
y_true_train,TP,13,0.12444
y_true_train,TP,13,0.12853
y_true_train,TP,13,0.11026
y_true_train,TP,13,0.09475
y_true_train,TP,13,0.10412
y_true_train,TP,13,0.37907
y_true_train,TP,13,0.19324
y_true_train,TP,13,0.24529
y_true_train,TP,13,0.50834
y_true_train,TP,13,0.08297
y_true_train,TP,13,0.21288
y_true_train,TP,13,0.0866
y_true_train,TP,13,0.10654
y_true_train,TP,13,0.45712
y_true_train,TP,13,0.09471
y_true_train,TP,13,0.32987
y_true_train,TP,13,0.11864
y_true_train,TP,13,0.14029
y_true_train,TP,13,0.06631
y_true_train,TP,13,0.7878
y_true_train,TP,13,0.50128
y_true_train,TP,13,0.65846
y_true_train,TP,13,0.14732
y_true_test,TP,13,0.07814
y_true_test,TP,13,0.68375
y_true_test,TP,13,0.12298
y_true_test,TP,13,0.62904
y_true_test,TP,13,0.40332
y_true_test,TP,13,0.71806
y_true_test,TP,13,0.36156
y_true_test,TP,13,0.17151
y_true_test,TP,13,0.48471
y_true_test,TP,13,0.05394
y_true_test,TP,13,0.08093
y_true_test,TP,13,0.43203
y_true_test,TP,13,0.17246
y_true_test,TP,13,0.11868
y_true_test,TP,13,0.07726
y_true_test,TP,13,0.07847
y_true_test,TP,13,0.50153
y_true_test,TP,13,0.06523
y_true_test,TP,13,0.11573
y_true_test,TP,13,0.11832
y_true_test,TP,13,0.07571
test_ind,TP,13,42.0
test_ind,TP,13,139.0
test_ind,TP,13,214.0
test_ind,TP,13,29.0
test_ind,TP,13,61.0
test_ind,TP,13,140.0
test_ind,TP,13,95.0
test_ind,TP,13,166.0
test_ind,TP,13,258.0
test_ind,TP,13,232.0
test_ind,TP,13,17.0
test_ind,TP,13,49.0
test_ind,TP,13,169.0
test_ind,TP,13,237.0
test_ind,TP,13,55.0
test_ind,TP,13,14.0
test_ind,TP,13,244.0
test_ind,TP,13,20.0
test_ind,TP,13,243.0
test_ind,TP,13,238.0
test_ind,TP,13,257.0
train_ind,TP,13,252.0
train_ind,TP,13,72.0
train_ind,TP,13,138.0
train_ind,TP,13,43.0
train_ind,TP,13,167.0
train_ind,TP,13,233.0
train_ind,TP,13,27.0
train_ind,TP,13,73.0
train_ind,TP,13,69.0
train_ind,TP,13,249.0
train_ind,TP,13,120.0
train_ind,TP,13,97.0
train_ind,TP,13,28.0
train_ind,TP,13,118.0
train_ind,TP,13,212.0
train_ind,TP,13,248.0
train_ind,TP,13,23.0
train_ind,TP,13,99.0
train_ind,TP,13,136.0
train_ind,TP,13,98.0
train_ind,TP,13,188.0
train_ind,TP,13,39.0
train_ind,TP,13,137.0
train_ind,TP,13,187.0
train_ind,TP,13,71.0
train_ind,TP,13,64.0
train_ind,TP,13,51.0
train_ind,TP,13,15.0
train_ind,TP,13,189.0
train_ind,TP,13,59.0
train_ind,TP,13,250.0
train_ind,TP,13,247.0
train_ind,TP,13,57.0
train_ind,TP,13,52.0
train_ind,TP,13,96.0
train_ind,TP,13,16.0
train_ind,TP,13,211.0
train_ind,TP,13,38.0
train_ind,TP,13,34.0
train_ind,TP,13,36.0
train_ind,TP,13,41.0
train_ind,TP,13,119.0
train_ind,TP,13,213.0
train_ind,TP,13,168.0
train_ind,TP,13,67.0
train_ind,TP,13,236.0
train_ind,TP,13,65.0
train_ind,TP,13,48.0
train_ind,TP,13,186.0
test_rsq,TP,13,-0.09663633046940157
train_rsq,TP,13,0.6196849780764703
test_rmse,TP,13,0.23253893189853908
train_rmse,TP,13,0.1320672284823508
test_mape,TP,13,131.8861562637
train_mape,TP,13,60.21297799265388
n_comp,TP,13,7.0
y_hat_test,TP,14,0.23740670459863106
y_hat_test,TP,14,0.14587040925239525
y_hat_test,TP,14,0.45825825025392863
y_hat_test,TP,14,0.27507720981361
y_hat_test,TP,14,0.19784551597014965
y_hat_test,TP,14,0.15239297098711982
y_hat_test,TP,14,0.5257006155994361
y_hat_test,TP,14,0.4426342273524877
y_hat_test,TP,14,0.4529364814676806
y_hat_test,TP,14,-0.022438764572224157
y_hat_test,TP,14,0.5060712789054111
y_hat_test,TP,14,0.07934879425607114
y_hat_test,TP,14,0.2212464002092231
y_hat_test,TP,14,0.3013090139876565
y_hat_test,TP,14,0.3049347195028578
y_hat_test,TP,14,-0.3279771334907542
y_hat_test,TP,14,0.26497982198679726
y_hat_test,TP,14,0.2684868578797329
y_hat_test,TP,14,0.46439368101044853
y_hat_test,TP,14,0.4632571920676894
y_hat_test,TP,14,0.5227783660290912
y_hat_train,TP,14,0.18803502682107007
y_hat_train,TP,14,0.3884196023956593
y_hat_train,TP,14,0.17703785499302016
y_hat_train,TP,14,0.21434066558020387
y_hat_train,TP,14,0.3096143243348387
y_hat_train,TP,14,0.032393117029639734
y_hat_train,TP,14,0.24336157035383837
y_hat_train,TP,14,0.5775342757984425
y_hat_train,TP,14,0.14790156936017537
y_hat_train,TP,14,0.24395711030157552
y_hat_train,TP,14,0.2279618784319405
y_hat_train,TP,14,0.11275111927431444
y_hat_train,TP,14,0.2785548319828606
y_hat_train,TP,14,0.14512695463737782
y_hat_train,TP,14,0.20610704825294168
y_hat_train,TP,14,0.2321377837829623
y_hat_train,TP,14,0.16391305860707045
y_hat_train,TP,14,0.4535005079366905
y_hat_train,TP,14,0.21734962223884483
y_hat_train,TP,14,0.32205996226653144
y_hat_train,TP,14,-0.10088180558573728
y_hat_train,TP,14,0.28942786732718273
y_hat_train,TP,14,-0.034042883516644584
y_hat_train,TP,14,0.09781411315722846
y_hat_train,TP,14,0.4353479186957464
y_hat_train,TP,14,0.6540708871028031
y_hat_train,TP,14,0.6631338338731875
y_hat_train,TP,14,0.0781779485643504
y_hat_train,TP,14,0.23691817587431016
y_hat_train,TP,14,0.1432262431663185
y_hat_train,TP,14,0.1580151986942081
y_hat_train,TP,14,0.09673895129271104
y_hat_train,TP,14,0.13535522736033018
y_hat_train,TP,14,0.6891120587652981
y_hat_train,TP,14,0.2615973957271519
y_hat_train,TP,14,0.2116451797003967
y_hat_train,TP,14,0.28658818786833057
y_hat_train,TP,14,-0.04794914526622657
y_hat_train,TP,14,0.5676573998973867
y_hat_train,TP,14,0.5473152982134372
y_hat_train,TP,14,0.12222285526741802
y_hat_train,TP,14,0.3669543676326698
y_hat_train,TP,14,0.37310516015346784
y_hat_train,TP,14,0.04259839482925101
y_hat_train,TP,14,0.26738124404447755
y_hat_train,TP,14,0.29906425481252213
y_hat_train,TP,14,0.128041882770963
y_hat_train,TP,14,0.12667994179192926
y_hat_train,TP,14,0.21619596340553265
y_true_train,TP,14,0.10173
y_true_train,TP,14,0.28212
y_true_train,TP,14,0.11114
y_true_train,TP,14,0.14029
y_true_train,TP,14,0.34066
y_true_train,TP,14,0.0866
y_true_train,TP,14,0.37907
y_true_train,TP,14,0.56617
y_true_train,TP,14,0.24529
y_true_train,TP,14,0.11832
y_true_train,TP,14,0.17246
y_true_train,TP,14,0.09844
y_true_train,TP,14,0.25603
y_true_train,TP,14,0.12853
y_true_train,TP,14,0.15858
y_true_train,TP,14,0.08189
y_true_train,TP,14,0.10654
y_true_train,TP,14,0.36156
y_true_train,TP,14,0.2149
y_true_train,TP,14,0.43203
y_true_train,TP,14,0.05394
y_true_train,TP,14,0.34314
y_true_train,TP,14,0.05712
y_true_train,TP,14,0.08093
y_true_train,TP,14,0.45597
y_true_train,TP,14,0.71073
y_true_train,TP,14,0.7413
y_true_train,TP,14,0.13363
y_true_train,TP,14,0.32987
y_true_train,TP,14,0.2817
y_true_train,TP,14,0.07726
y_true_train,TP,14,0.07571
y_true_train,TP,14,0.07847
y_true_train,TP,14,0.7878
y_true_train,TP,14,0.10412
y_true_train,TP,14,0.09471
y_true_train,TP,14,0.06523
y_true_train,TP,14,0.12298
y_true_train,TP,14,0.50834
y_true_train,TP,14,0.71806
y_true_train,TP,14,0.11864
y_true_train,TP,14,0.40332
y_true_train,TP,14,0.50128
y_true_train,TP,14,0.06631
y_true_train,TP,14,0.11573
y_true_train,TP,14,0.45712
y_true_train,TP,14,0.12823
y_true_train,TP,14,0.09475
y_true_train,TP,14,0.10483
y_true_test,TP,14,0.38444
y_true_test,TP,14,0.6333
y_true_test,TP,14,0.50834
y_true_test,TP,14,0.62904
y_true_test,TP,14,0.12444
y_true_test,TP,14,0.10045
y_true_test,TP,14,0.78536
y_true_test,TP,14,0.50153
y_true_test,TP,14,0.20565
y_true_test,TP,14,0.08297
y_true_test,TP,14,0.68375
y_true_test,TP,14,0.19324
y_true_test,TP,14,0.13523
y_true_test,TP,14,0.48471
y_true_test,TP,14,0.65846
y_true_test,TP,14,0.11026
y_true_test,TP,14,0.07814
y_true_test,TP,14,0.11868
y_true_test,TP,14,0.17151
y_true_test,TP,14,0.21288
y_true_test,TP,14,0.14732
test_ind,TP,14,27.0
test_ind,TP,14,99.0
test_ind,TP,14,97.0
test_ind,TP,14,29.0
test_ind,TP,14,51.0
test_ind,TP,14,252.0
test_ind,TP,14,64.0
test_ind,TP,14,244.0
test_ind,TP,14,167.0
test_ind,TP,14,16.0
test_ind,TP,14,139.0
test_ind,TP,14,57.0
test_ind,TP,14,72.0
test_ind,TP,14,258.0
test_ind,TP,14,48.0
test_ind,TP,14,189.0
test_ind,TP,14,42.0
test_ind,TP,14,237.0
test_ind,TP,14,166.0
test_ind,TP,14,211.0
test_ind,TP,14,186.0
train_ind,TP,14,73.0
train_ind,TP,14,118.0
train_ind,TP,14,188.0
train_ind,TP,14,168.0
train_ind,TP,14,120.0
train_ind,TP,14,38.0
train_ind,TP,14,247.0
train_ind,TP,14,98.0
train_ind,TP,14,52.0
train_ind,TP,14,238.0
train_ind,TP,14,169.0
train_ind,TP,14,249.0
train_ind,TP,14,28.0
train_ind,TP,14,15.0
train_ind,TP,14,248.0
train_ind,TP,14,69.0
train_ind,TP,14,34.0
train_ind,TP,14,95.0
train_ind,TP,14,212.0
train_ind,TP,14,49.0
train_ind,TP,14,232.0
train_ind,TP,14,233.0
train_ind,TP,14,43.0
train_ind,TP,14,17.0
train_ind,TP,14,136.0
train_ind,TP,14,137.0
train_ind,TP,14,138.0
train_ind,TP,14,187.0
train_ind,TP,14,119.0
train_ind,TP,14,23.0
train_ind,TP,14,55.0
train_ind,TP,14,257.0
train_ind,TP,14,14.0
train_ind,TP,14,236.0
train_ind,TP,14,250.0
train_ind,TP,14,41.0
train_ind,TP,14,20.0
train_ind,TP,14,214.0
train_ind,TP,14,96.0
train_ind,TP,14,140.0
train_ind,TP,14,213.0
train_ind,TP,14,61.0
train_ind,TP,14,65.0
train_ind,TP,14,67.0
train_ind,TP,14,243.0
train_ind,TP,14,36.0
train_ind,TP,14,71.0
train_ind,TP,14,59.0
train_ind,TP,14,39.0
test_rsq,TP,14,-0.10379482143708141
train_rsq,TP,14,0.7751496165400523
test_rmse,TP,14,0.247621193969062
train_rmse,TP,14,0.09627249362042324
test_mape,TP,14,101.43923994309571
train_mape,TP,14,58.93138438004088
n_comp,TP,14,8.0
y_hat_test,TP,15,0.07018165037542198
y_hat_test,TP,15,0.24581442927637429
y_hat_test,TP,15,0.23998375138200578
y_hat_test,TP,15,0.2586355875118253
y_hat_test,TP,15,0.2856150521787697
y_hat_test,TP,15,0.286529162622889
y_hat_test,TP,15,0.2270464664427435
y_hat_test,TP,15,0.30749769583240216
y_hat_test,TP,15,0.34306745446444914
y_hat_test,TP,15,0.07095056783793008
y_hat_test,TP,15,0.2756248374876782
y_hat_test,TP,15,0.4239012012951274
y_hat_test,TP,15,0.13515320635086497
y_hat_test,TP,15,0.23844456627881172
y_hat_test,TP,15,0.2940831103358133
y_hat_test,TP,15,0.14799364961763942
y_hat_test,TP,15,0.2944408948841518
y_hat_test,TP,15,0.3396627964705617
y_hat_test,TP,15,0.22144683863884707
y_hat_test,TP,15,0.29066572913926686
y_hat_test,TP,15,0.24339469946336967
y_hat_train,TP,15,0.0021675166543665414
y_hat_train,TP,15,0.30277827320442763
y_hat_train,TP,15,0.05276350071324107
y_hat_train,TP,15,0.14991945557434816
y_hat_train,TP,15,0.013614640815699519
y_hat_train,TP,15,0.19554089698306976
y_hat_train,TP,15,0.2624586635800682
y_hat_train,TP,15,0.1312173292365723
y_hat_train,TP,15,0.35925488538910755
y_hat_train,TP,15,0.23451618839142815
y_hat_train,TP,15,0.24824610782250328
y_hat_train,TP,15,0.20595311444987616
y_hat_train,TP,15,0.25520972257056185
y_hat_train,TP,15,0.19322327085668045
y_hat_train,TP,15,0.25450900419128697
y_hat_train,TP,15,0.2825733660142552
y_hat_train,TP,15,0.14560629991182578
y_hat_train,TP,15,0.02002746763812882
y_hat_train,TP,15,0.350031335150201
y_hat_train,TP,15,0.11027886728858194
y_hat_train,TP,15,0.21038018320542312
y_hat_train,TP,15,0.24046298731016807
y_hat_train,TP,15,0.27973564029652526
y_hat_train,TP,15,0.268718447300237
y_hat_train,TP,15,0.24754137630260217
y_hat_train,TP,15,0.33748529844741326
y_hat_train,TP,15,-0.003961619712225195
y_hat_train,TP,15,0.2242528681117107
y_hat_train,TP,15,0.1491195236505531
y_hat_train,TP,15,0.29628459682798547
y_hat_train,TP,15,0.3211802335376081
y_hat_train,TP,15,0.3143273529616453
y_hat_train,TP,15,0.24911009833646686
y_hat_train,TP,15,0.6631732428162386
y_hat_train,TP,15,0.10305140058569143
y_hat_train,TP,15,0.061347362519797805
y_hat_train,TP,15,0.3800509000860907
y_hat_train,TP,15,0.3428754741965905
y_hat_train,TP,15,0.30086160051829175
y_hat_train,TP,15,0.36942762410424534
y_hat_train,TP,15,0.2924724180082082
y_hat_train,TP,15,0.2965879133064763
y_hat_train,TP,15,0.1590542960264577
y_hat_train,TP,15,0.288990207372089
y_hat_train,TP,15,0.27812874621789985
y_hat_train,TP,15,0.10988716431034055
y_hat_train,TP,15,0.22507218652732777
y_hat_train,TP,15,0.28543931338283246
y_hat_train,TP,15,0.3098832570090772
y_true_train,TP,15,0.13363
y_true_train,TP,15,0.50128
y_true_train,TP,15,0.11026
y_true_train,TP,15,0.14732
y_true_train,TP,15,0.07571
y_true_train,TP,15,0.10045
y_true_train,TP,15,0.34314
y_true_train,TP,15,0.08297
y_true_train,TP,15,0.25603
y_true_train,TP,15,0.12298
y_true_train,TP,15,0.08093
y_true_train,TP,15,0.10412
y_true_train,TP,15,0.11573
y_true_train,TP,15,0.09475
y_true_train,TP,15,0.2149
y_true_train,TP,15,0.38444
y_true_train,TP,15,0.11114
y_true_train,TP,15,0.0866
y_true_train,TP,15,0.56617
y_true_train,TP,15,0.06631
y_true_train,TP,15,0.19324
y_true_train,TP,15,0.7878
y_true_train,TP,15,0.11832
y_true_train,TP,15,0.12853
y_true_train,TP,15,0.15858
y_true_train,TP,15,0.34066
y_true_train,TP,15,0.05394
y_true_train,TP,15,0.37907
y_true_train,TP,15,0.09471
y_true_train,TP,15,0.17151
y_true_train,TP,15,0.24529
y_true_train,TP,15,0.32987
y_true_train,TP,15,0.45597
y_true_train,TP,15,0.7413
y_true_train,TP,15,0.06523
y_true_train,TP,15,0.05712
y_true_train,TP,15,0.45712
y_true_train,TP,15,0.50834
y_true_train,TP,15,0.40332
y_true_train,TP,15,0.36156
y_true_train,TP,15,0.20565
y_true_train,TP,15,0.43203
y_true_train,TP,15,0.13523
y_true_train,TP,15,0.17246
y_true_train,TP,15,0.08189
y_true_train,TP,15,0.12823
y_true_train,TP,15,0.07847
y_true_train,TP,15,0.2817
y_true_train,TP,15,0.10483
y_true_test,TP,15,0.09844
y_true_test,TP,15,0.71073
y_true_test,TP,15,0.10173
y_true_test,TP,15,0.78536
y_true_test,TP,15,0.14029
y_true_test,TP,15,0.6333
y_true_test,TP,15,0.28212
y_true_test,TP,15,0.10654
y_true_test,TP,15,0.11864
y_true_test,TP,15,0.71806
y_true_test,TP,15,0.50834
y_true_test,TP,15,0.68375
y_true_test,TP,15,0.21288
y_true_test,TP,15,0.12444
y_true_test,TP,15,0.07814
y_true_test,TP,15,0.07726
y_true_test,TP,15,0.48471
y_true_test,TP,15,0.62904
y_true_test,TP,15,0.65846
y_true_test,TP,15,0.50153
y_true_test,TP,15,0.11868
test_ind,TP,15,249.0
test_ind,TP,15,137.0
test_ind,TP,15,73.0
test_ind,TP,15,64.0
test_ind,TP,15,168.0
test_ind,TP,15,99.0
test_ind,TP,15,118.0
test_ind,TP,15,34.0
test_ind,TP,15,213.0
test_ind,TP,15,140.0
test_ind,TP,15,97.0
test_ind,TP,15,139.0
test_ind,TP,15,211.0
test_ind,TP,15,51.0
test_ind,TP,15,42.0
test_ind,TP,15,55.0
test_ind,TP,15,258.0
test_ind,TP,15,29.0
test_ind,TP,15,48.0
test_ind,TP,15,244.0
test_ind,TP,15,237.0
train_ind,TP,15,187.0
train_ind,TP,15,65.0
train_ind,TP,15,189.0
train_ind,TP,15,186.0
train_ind,TP,15,257.0
train_ind,TP,15,252.0
train_ind,TP,15,233.0
train_ind,TP,15,16.0
train_ind,TP,15,28.0
train_ind,TP,15,214.0
train_ind,TP,15,17.0
train_ind,TP,15,250.0
train_ind,TP,15,243.0
train_ind,TP,15,59.0
train_ind,TP,15,212.0
train_ind,TP,15,27.0
train_ind,TP,15,188.0
train_ind,TP,15,38.0
train_ind,TP,15,98.0
train_ind,TP,15,67.0
train_ind,TP,15,57.0
train_ind,TP,15,236.0
train_ind,TP,15,238.0
train_ind,TP,15,15.0
train_ind,TP,15,248.0
train_ind,TP,15,120.0
train_ind,TP,15,232.0
train_ind,TP,15,247.0
train_ind,TP,15,41.0
train_ind,TP,15,166.0
train_ind,TP,15,52.0
train_ind,TP,15,119.0
train_ind,TP,15,136.0
train_ind,TP,15,138.0
train_ind,TP,15,20.0
train_ind,TP,15,43.0
train_ind,TP,15,36.0
train_ind,TP,15,96.0
train_ind,TP,15,61.0
train_ind,TP,15,95.0
train_ind,TP,15,167.0
train_ind,TP,15,49.0
train_ind,TP,15,72.0
train_ind,TP,15,169.0
train_ind,TP,15,69.0
train_ind,TP,15,71.0
train_ind,TP,15,14.0
train_ind,TP,15,23.0
train_ind,TP,15,39.0
test_rsq,TP,15,-0.20583677149576207
train_rsq,TP,15,0.43911828455056723
test_rmse,TP,15,0.28707829672621393
train_rmse,TP,15,0.13405482598106636
test_mape,TP,15,86.73504116152209
train_mape,TP,15,62.391425759723354
n_comp,TP,15,6.0
y_hat_test,TP,16,0.28096729337902665
y_hat_test,TP,16,-0.03723890371927446
y_hat_test,TP,16,0.04763412781324933
y_hat_test,TP,16,0.37168488287282286
y_hat_test,TP,16,0.4206852636758499
y_hat_test,TP,16,0.18199040316132487
y_hat_test,TP,16,0.10046731433920225
y_hat_test,TP,16,0.19354081158288058
y_hat_test,TP,16,0.03865099219826906
y_hat_test,TP,16,0.19733379576831137
y_hat_test,TP,16,0.5574380761844795
y_hat_test,TP,16,0.6550455846134864
y_hat_test,TP,16,0.29157250279642993
y_hat_test,TP,16,0.45054591604338917
y_hat_test,TP,16,0.26137629879556457
y_hat_test,TP,16,0.522106749484627
y_hat_test,TP,16,0.49397973301177156
y_hat_test,TP,16,0.2104643731376195
y_hat_test,TP,16,0.2753241648835052
y_hat_test,TP,16,0.608241399066568
y_hat_test,TP,16,0.2984463982694119
y_hat_train,TP,16,0.2140323928327598
y_hat_train,TP,16,0.10604783869571127
y_hat_train,TP,16,0.0780504409685761
y_hat_train,TP,16,0.7720097145743277
y_hat_train,TP,16,0.5262935829298954
y_hat_train,TP,16,0.3722280456841902
y_hat_train,TP,16,0.13855923604617676
y_hat_train,TP,16,0.5094469434229381
y_hat_train,TP,16,0.0776935309550057
y_hat_train,TP,16,0.1316532497761074
y_hat_train,TP,16,0.6218168069167826
y_hat_train,TP,16,0.7084216096352078
y_hat_train,TP,16,0.18918144346371407
y_hat_train,TP,16,0.07365904889802713
y_hat_train,TP,16,0.18721692079863245
y_hat_train,TP,16,0.11711942291145305
y_hat_train,TP,16,0.10204445529990985
y_hat_train,TP,16,0.10693519958071301
y_hat_train,TP,16,0.43292759316676005
y_hat_train,TP,16,0.2678503151037489
y_hat_train,TP,16,0.17807491233069822
y_hat_train,TP,16,0.22546414036527834
y_hat_train,TP,16,0.6300654135573256
y_hat_train,TP,16,0.17919716556816312
y_hat_train,TP,16,0.12217748185043101
y_hat_train,TP,16,0.12239957369664706
y_hat_train,TP,16,0.3316924378416983
y_hat_train,TP,16,0.07402635475774222
y_hat_train,TP,16,0.0950702726527144
y_hat_train,TP,16,0.1250331575935452
y_hat_train,TP,16,0.051113030583142455
y_hat_train,TP,16,0.09368818866171613
y_hat_train,TP,16,0.5643382059259512
y_hat_train,TP,16,0.44465254379779817
y_hat_train,TP,16,0.0801295712293631
y_hat_train,TP,16,0.11878964839581713
y_hat_train,TP,16,0.5212005050103072
y_hat_train,TP,16,0.22190136183480708
y_hat_train,TP,16,0.11576582101717245
y_hat_train,TP,16,0.1270936070761409
y_hat_train,TP,16,0.7743392272971805
y_hat_train,TP,16,0.06409046450140865
y_hat_train,TP,16,0.09155431435849984
y_hat_train,TP,16,0.6707288627359844
y_hat_train,TP,16,0.4850151376973869
y_hat_train,TP,16,0.07301761466336229
y_hat_train,TP,16,0.36831143717638837
y_hat_train,TP,16,0.08320041729027416
y_hat_train,TP,16,0.742881338872436
y_true_train,TP,16,0.20565
y_true_train,TP,16,0.10654
y_true_train,TP,16,0.0866
y_true_train,TP,16,0.78536
y_true_train,TP,16,0.50153
y_true_train,TP,16,0.37907
y_true_train,TP,16,0.10483
y_true_train,TP,16,0.50128
y_true_train,TP,16,0.07726
y_true_train,TP,16,0.11868
y_true_train,TP,16,0.6333
y_true_train,TP,16,0.71806
y_true_train,TP,16,0.15858
y_true_train,TP,16,0.05712
y_true_train,TP,16,0.19324
y_true_train,TP,16,0.12298
y_true_train,TP,16,0.07571
y_true_train,TP,16,0.11026
y_true_train,TP,16,0.43203
y_true_train,TP,16,0.28212
y_true_train,TP,16,0.17246
y_true_train,TP,16,0.2149
y_true_train,TP,16,0.62904
y_true_train,TP,16,0.17151
y_true_train,TP,16,0.11832
y_true_train,TP,16,0.12823
y_true_train,TP,16,0.32987
y_true_train,TP,16,0.07847
y_true_train,TP,16,0.09471
y_true_train,TP,16,0.13523
y_true_train,TP,16,0.07814
y_true_train,TP,16,0.11573
y_true_train,TP,16,0.56617
y_true_train,TP,16,0.45712
y_true_train,TP,16,0.10045
y_true_train,TP,16,0.12853
y_true_train,TP,16,0.50834
y_true_train,TP,16,0.21288
y_true_train,TP,16,0.12444
y_true_train,TP,16,0.14029
y_true_train,TP,16,0.7878
y_true_train,TP,16,0.05394
y_true_train,TP,16,0.10173
y_true_train,TP,16,0.65846
y_true_train,TP,16,0.48471
y_true_train,TP,16,0.06523
y_true_train,TP,16,0.36156
y_true_train,TP,16,0.09844
y_true_train,TP,16,0.7413
y_true_test,TP,16,0.11864
y_true_test,TP,16,0.08297
y_true_test,TP,16,0.2817
y_true_test,TP,16,0.09475
y_true_test,TP,16,0.14732
y_true_test,TP,16,0.11114
y_true_test,TP,16,0.10412
y_true_test,TP,16,0.13363
y_true_test,TP,16,0.24529
y_true_test,TP,16,0.06631
y_true_test,TP,16,0.25603
y_true_test,TP,16,0.68375
y_true_test,TP,16,0.50834
y_true_test,TP,16,0.34314
y_true_test,TP,16,0.08093
y_true_test,TP,16,0.71073
y_true_test,TP,16,0.08189
y_true_test,TP,16,0.45597
y_true_test,TP,16,0.38444
y_true_test,TP,16,0.40332
y_true_test,TP,16,0.34066
test_ind,TP,16,213.0
test_ind,TP,16,16.0
test_ind,TP,16,23.0
test_ind,TP,16,59.0
test_ind,TP,16,186.0
test_ind,TP,16,188.0
test_ind,TP,16,250.0
test_ind,TP,16,187.0
test_ind,TP,16,52.0
test_ind,TP,16,67.0
test_ind,TP,16,28.0
test_ind,TP,16,139.0
test_ind,TP,16,97.0
test_ind,TP,16,233.0
test_ind,TP,16,17.0
test_ind,TP,16,137.0
test_ind,TP,16,69.0
test_ind,TP,16,136.0
test_ind,TP,16,27.0
test_ind,TP,16,61.0
test_ind,TP,16,120.0
train_ind,TP,16,167.0
train_ind,TP,16,34.0
train_ind,TP,16,38.0
train_ind,TP,16,64.0
train_ind,TP,16,244.0
train_ind,TP,16,247.0
train_ind,TP,16,39.0
train_ind,TP,16,65.0
train_ind,TP,16,55.0
train_ind,TP,16,237.0
train_ind,TP,16,99.0
train_ind,TP,16,140.0
train_ind,TP,16,248.0
train_ind,TP,16,43.0
train_ind,TP,16,57.0
train_ind,TP,16,214.0
train_ind,TP,16,257.0
train_ind,TP,16,189.0
train_ind,TP,16,49.0
train_ind,TP,16,118.0
train_ind,TP,16,169.0
train_ind,TP,16,212.0
train_ind,TP,16,29.0
train_ind,TP,16,166.0
train_ind,TP,16,238.0
train_ind,TP,16,71.0
train_ind,TP,16,119.0
train_ind,TP,16,14.0
train_ind,TP,16,41.0
train_ind,TP,16,72.0
train_ind,TP,16,42.0
train_ind,TP,16,243.0
train_ind,TP,16,98.0
train_ind,TP,16,36.0
train_ind,TP,16,252.0
train_ind,TP,16,15.0
train_ind,TP,16,96.0
train_ind,TP,16,211.0
train_ind,TP,16,51.0
train_ind,TP,16,168.0
train_ind,TP,16,236.0
train_ind,TP,16,232.0
train_ind,TP,16,73.0
train_ind,TP,16,48.0
train_ind,TP,16,258.0
train_ind,TP,16,20.0
train_ind,TP,16,95.0
train_ind,TP,16,249.0
train_ind,TP,16,138.0
test_rsq,TP,16,-0.04203097716082804
train_rsq,TP,16,0.9966346769324077
test_rmse,TP,16,0.19755704948811248
train_rmse,TP,16,0.013098391023267514
test_mape,TP,16,110.98000552937246
train_mape,TP,16,7.650145942129324
n_comp,TP,16,16.0
y_hat_test,TP,17,0.33498381479872597
y_hat_test,TP,17,0.24227020440282554
y_hat_test,TP,17,0.34175994303361645
y_hat_test,TP,17,0.1860255373352152
y_hat_test,TP,17,0.1740049451200511
y_hat_test,TP,17,0.08154418901667634
y_hat_test,TP,17,-0.09183747809935983
y_hat_test,TP,17,0.19093758778898695
y_hat_test,TP,17,0.09813090953288717
y_hat_test,TP,17,0.21670414883530711
y_hat_test,TP,17,0.21635552647321385
y_hat_test,TP,17,0.1457807203724666
y_hat_test,TP,17,0.07935659439043352
y_hat_test,TP,17,-0.42836978377806495
y_hat_test,TP,17,0.26301300164217867
y_hat_test,TP,17,0.3743087101523286
y_hat_test,TP,17,0.10024262509641815
y_hat_test,TP,17,0.2859219911353214
y_hat_test,TP,17,0.21711808249712888
y_hat_test,TP,17,0.1226788945632182
y_hat_test,TP,17,0.2019082587319903
y_hat_train,TP,17,0.14580206457278883
y_hat_train,TP,17,0.2540922711890069
y_hat_train,TP,17,0.2576361220315655
y_hat_train,TP,17,0.29518019122201294
y_hat_train,TP,17,0.354900367737914
y_hat_train,TP,17,0.3750914638358571
y_hat_train,TP,17,0.2866192205152009
y_hat_train,TP,17,0.363735374385107
y_hat_train,TP,17,0.14201199786561222
y_hat_train,TP,17,-0.03667305988012748
y_hat_train,TP,17,0.28131954995173725
y_hat_train,TP,17,0.36691170305037746
y_hat_train,TP,17,0.32727109234867197
y_hat_train,TP,17,0.37995333893251354
y_hat_train,TP,17,0.31950390680881746
y_hat_train,TP,17,0.32755190306340126
y_hat_train,TP,17,0.10191588855991449
y_hat_train,TP,17,0.11293396821293125
y_hat_train,TP,17,0.4293732383838998
y_hat_train,TP,17,0.14091804112572687
y_hat_train,TP,17,0.3072913317914488
y_hat_train,TP,17,0.4949133782275447
y_hat_train,TP,17,0.24640520207117406
y_hat_train,TP,17,0.224914367633413
y_hat_train,TP,17,0.2673661582444123
y_hat_train,TP,17,0.2906670711569242
y_hat_train,TP,17,-0.0011746678994606907
y_hat_train,TP,17,0.2873804310862947
y_hat_train,TP,17,0.31869922885129953
y_hat_train,TP,17,-0.060832602244246026
y_hat_train,TP,17,0.3048904034729149
y_hat_train,TP,17,0.40982759618947157
y_hat_train,TP,17,0.42563533283335286
y_hat_train,TP,17,0.665747314262641
y_hat_train,TP,17,0.345116903296776
y_hat_train,TP,17,0.27101657494936565
y_hat_train,TP,17,0.3165037054342503
y_hat_train,TP,17,0.43196541866269417
y_hat_train,TP,17,0.32460907342635575
y_hat_train,TP,17,0.06316412912634967
y_hat_train,TP,17,0.37727570801682375
y_hat_train,TP,17,0.09668278366633157
y_hat_train,TP,17,0.37232262001178196
y_hat_train,TP,17,0.22034628983043117
y_hat_train,TP,17,0.33851850518301124
y_hat_train,TP,17,0.18485952282271598
y_hat_train,TP,17,0.2310428540572484
y_hat_train,TP,17,0.30761219447579147
y_hat_train,TP,17,0.03289452744995666
y_true_train,TP,17,0.11868
y_true_train,TP,17,0.11573
y_true_train,TP,17,0.2149
y_true_train,TP,17,0.07814
y_true_train,TP,17,0.48471
y_true_train,TP,17,0.50128
y_true_train,TP,17,0.78536
y_true_train,TP,17,0.50834
y_true_train,TP,17,0.06631
y_true_train,TP,17,0.0866
y_true_train,TP,17,0.37907
y_true_train,TP,17,0.40332
y_true_train,TP,17,0.28212
y_true_train,TP,17,0.62904
y_true_train,TP,17,0.24529
y_true_train,TP,17,0.17246
y_true_train,TP,17,0.09471
y_true_train,TP,17,0.08297
y_true_train,TP,17,0.71073
y_true_train,TP,17,0.14732
y_true_train,TP,17,0.2817
y_true_train,TP,17,0.50834
y_true_train,TP,17,0.32987
y_true_train,TP,17,0.12298
y_true_train,TP,17,0.10173
y_true_train,TP,17,0.11864
y_true_train,TP,17,0.13363
y_true_train,TP,17,0.34066
y_true_train,TP,17,0.08189
y_true_train,TP,17,0.07571
y_true_train,TP,17,0.08093
y_true_train,TP,17,0.56617
y_true_train,TP,17,0.45712
y_true_train,TP,17,0.7413
y_true_train,TP,17,0.43203
y_true_train,TP,17,0.14029
y_true_train,TP,17,0.12853
y_true_train,TP,17,0.25603
y_true_train,TP,17,0.17151
y_true_train,TP,17,0.07726
y_true_train,TP,17,0.45597
y_true_train,TP,17,0.06523
y_true_train,TP,17,0.36156
y_true_train,TP,17,0.10045
y_true_train,TP,17,0.20565
y_true_train,TP,17,0.34314
y_true_train,TP,17,0.09475
y_true_train,TP,17,0.38444
y_true_train,TP,17,0.05712
y_true_test,TP,17,0.15858
y_true_test,TP,17,0.10654
y_true_test,TP,17,0.6333
y_true_test,TP,17,0.11114
y_true_test,TP,17,0.10412
y_true_test,TP,17,0.71806
y_true_test,TP,17,0.05394
y_true_test,TP,17,0.12444
y_true_test,TP,17,0.7878
y_true_test,TP,17,0.65846
y_true_test,TP,17,0.11832
y_true_test,TP,17,0.11026
y_true_test,TP,17,0.09844
y_true_test,TP,17,0.12823
y_true_test,TP,17,0.50153
y_true_test,TP,17,0.68375
y_true_test,TP,17,0.13523
y_true_test,TP,17,0.10483
y_true_test,TP,17,0.07847
y_true_test,TP,17,0.21288
y_true_test,TP,17,0.19324
test_ind,TP,17,248.0
test_ind,TP,17,34.0
test_ind,TP,17,99.0
test_ind,TP,17,188.0
test_ind,TP,17,250.0
test_ind,TP,17,140.0
test_ind,TP,17,232.0
test_ind,TP,17,51.0
test_ind,TP,17,236.0
test_ind,TP,17,48.0
test_ind,TP,17,238.0
test_ind,TP,17,189.0
test_ind,TP,17,249.0
test_ind,TP,17,71.0
test_ind,TP,17,244.0
test_ind,TP,17,139.0
test_ind,TP,17,72.0
test_ind,TP,17,39.0
test_ind,TP,17,14.0
test_ind,TP,17,211.0
test_ind,TP,17,57.0
train_ind,TP,17,237.0
train_ind,TP,17,243.0
train_ind,TP,17,212.0
train_ind,TP,17,42.0
train_ind,TP,17,258.0
train_ind,TP,17,65.0
train_ind,TP,17,64.0
train_ind,TP,17,97.0
train_ind,TP,17,67.0
train_ind,TP,17,38.0
train_ind,TP,17,247.0
train_ind,TP,17,61.0
train_ind,TP,17,118.0
train_ind,TP,17,29.0
train_ind,TP,17,52.0
train_ind,TP,17,169.0
train_ind,TP,17,41.0
train_ind,TP,17,16.0
train_ind,TP,17,137.0
train_ind,TP,17,186.0
train_ind,TP,17,23.0
train_ind,TP,17,96.0
train_ind,TP,17,119.0
train_ind,TP,17,214.0
train_ind,TP,17,73.0
train_ind,TP,17,213.0
train_ind,TP,17,187.0
train_ind,TP,17,120.0
train_ind,TP,17,69.0
train_ind,TP,17,257.0
train_ind,TP,17,17.0
train_ind,TP,17,98.0
train_ind,TP,17,36.0
train_ind,TP,17,138.0
train_ind,TP,17,49.0
train_ind,TP,17,168.0
train_ind,TP,17,15.0
train_ind,TP,17,28.0
train_ind,TP,17,166.0
train_ind,TP,17,55.0
train_ind,TP,17,136.0
train_ind,TP,17,20.0
train_ind,TP,17,95.0
train_ind,TP,17,252.0
train_ind,TP,17,167.0
train_ind,TP,17,233.0
train_ind,TP,17,59.0
train_ind,TP,17,27.0
train_ind,TP,17,43.0
test_rsq,TP,17,-0.3451907870018618
train_rsq,TP,17,0.47301835376671486
test_rmse,TP,17,0.2912847536009401
train_rmse,TP,17,0.14520304419342447
test_mape,TP,17,98.55466705323353
train_mape,TP,17,69.68370624686868
n_comp,TP,17,6.0
y_hat_test,TP,18,0.34624686993381354
y_hat_test,TP,18,0.7333530173555667
y_hat_test,TP,18,0.39998745795069457
y_hat_test,TP,18,0.2232896649941371
y_hat_test,TP,18,0.5070368368911282
y_hat_test,TP,18,0.31574509927048705
y_hat_test,TP,18,0.3858749683962035
y_hat_test,TP,18,0.10608526352090072
y_hat_test,TP,18,0.2503476016801358
y_hat_test,TP,18,0.22638167412816082
y_hat_test,TP,18,0.16383441752919736
y_hat_test,TP,18,0.2803174461955416
y_hat_test,TP,18,0.2700005489334923
y_hat_test,TP,18,-0.10520736960989524
y_hat_test,TP,18,0.25454779511944203
y_hat_test,TP,18,0.14158240231140623
y_hat_test,TP,18,0.42114408706716105
y_hat_test,TP,18,0.46789282091903217
y_hat_test,TP,18,0.30139076718464597
y_hat_test,TP,18,0.34264138935842714
y_hat_test,TP,18,0.4814987419215344
y_hat_train,TP,18,0.12085144619731014
y_hat_train,TP,18,0.37617385943506776
y_hat_train,TP,18,0.24305653637544467
y_hat_train,TP,18,0.06278467351111508
y_hat_train,TP,18,0.4980907373136394
y_hat_train,TP,18,0.26387946495081543
y_hat_train,TP,18,0.1766621422519048
y_hat_train,TP,18,0.03905436238733681
y_hat_train,TP,18,0.5888817631768464
y_hat_train,TP,18,0.05726150112286127
y_hat_train,TP,18,0.6147100706322838
y_hat_train,TP,18,0.3146282883765241
y_hat_train,TP,18,0.11307641702616189
y_hat_train,TP,18,-0.0015591152878093317
y_hat_train,TP,18,-0.05623267818057898
y_hat_train,TP,18,0.3095266508496662
y_hat_train,TP,18,0.6260153528830631
y_hat_train,TP,18,0.16764421824171827
y_hat_train,TP,18,0.15227319489562566
y_hat_train,TP,18,0.1380947659776764
y_hat_train,TP,18,0.1571893752484768
y_hat_train,TP,18,0.2180429922560892
y_hat_train,TP,18,0.30202815855599263
y_hat_train,TP,18,0.30993719544326215
y_hat_train,TP,18,0.3319898448158208
y_hat_train,TP,18,0.3300543527836821
y_hat_train,TP,18,0.2505818441417082
y_hat_train,TP,18,0.1745468209374934
y_hat_train,TP,18,0.2594422231307706
y_hat_train,TP,18,0.452100732145884
y_hat_train,TP,18,0.255739995526246
y_hat_train,TP,18,0.3494974199948426
y_hat_train,TP,18,0.059109194624979045
y_hat_train,TP,18,0.2643316578688737
y_hat_train,TP,18,0.17383009638940228
y_hat_train,TP,18,0.36949134985756527
y_hat_train,TP,18,0.3797581802657788
y_hat_train,TP,18,0.22060007306955207
y_hat_train,TP,18,0.15156840751717768
y_hat_train,TP,18,0.18581459567725622
y_hat_train,TP,18,0.31365202154829325
y_hat_train,TP,18,0.5223751020508385
y_hat_train,TP,18,0.6691277711942378
y_hat_train,TP,18,0.4853569316298073
y_hat_train,TP,18,0.24314422638524452
y_hat_train,TP,18,0.038181490369292165
y_hat_train,TP,18,0.5366053982522507
y_hat_train,TP,18,0.06586632467623507
y_hat_train,TP,18,0.7399225715062769
y_true_train,TP,18,0.07726
y_true_train,TP,18,0.34066
y_true_train,TP,18,0.09475
y_true_train,TP,18,0.08297
y_true_train,TP,18,0.40332
y_true_train,TP,18,0.6333
y_true_train,TP,18,0.11864
y_true_train,TP,18,0.11114
y_true_train,TP,18,0.50834
y_true_train,TP,18,0.12823
y_true_train,TP,18,0.71073
y_true_train,TP,18,0.14732
y_true_train,TP,18,0.05712
y_true_train,TP,18,0.12298
y_true_train,TP,18,0.05394
y_true_train,TP,18,0.34314
y_true_train,TP,18,0.7878
y_true_train,TP,18,0.13523
y_true_train,TP,18,0.07847
y_true_train,TP,18,0.12444
y_true_train,TP,18,0.15858
y_true_train,TP,18,0.09471
y_true_train,TP,18,0.11868
y_true_train,TP,18,0.38444
y_true_train,TP,18,0.07814
y_true_train,TP,18,0.11832
y_true_train,TP,18,0.10654
y_true_train,TP,18,0.08093
y_true_train,TP,18,0.12853
y_true_train,TP,18,0.71806
y_true_train,TP,18,0.06523
y_true_train,TP,18,0.28212
y_true_train,TP,18,0.0866
y_true_train,TP,18,0.2149
y_true_train,TP,18,0.21288
y_true_train,TP,18,0.45712
y_true_train,TP,18,0.48471
y_true_train,TP,18,0.17246
y_true_train,TP,18,0.19324
y_true_train,TP,18,0.2817
y_true_train,TP,18,0.43203
y_true_train,TP,18,0.56617
y_true_train,TP,18,0.78536
y_true_train,TP,18,0.62904
y_true_train,TP,18,0.14029
y_true_train,TP,18,0.13363
y_true_train,TP,18,0.50153
y_true_train,TP,18,0.24529
y_true_train,TP,18,0.68375
y_true_test,TP,18,0.50834
y_true_test,TP,18,0.7413
y_true_test,TP,18,0.20565
y_true_test,TP,18,0.10045
y_true_test,TP,18,0.36156
y_true_test,TP,18,0.11573
y_true_test,TP,18,0.25603
y_true_test,TP,18,0.09844
y_true_test,TP,18,0.10412
y_true_test,TP,18,0.06631
y_true_test,TP,18,0.37907
y_true_test,TP,18,0.10483
y_true_test,TP,18,0.65846
y_true_test,TP,18,0.11026
y_true_test,TP,18,0.45597
y_true_test,TP,18,0.07571
y_true_test,TP,18,0.08189
y_true_test,TP,18,0.17151
y_true_test,TP,18,0.10173
y_true_test,TP,18,0.32987
y_true_test,TP,18,0.50128
test_ind,TP,18,97.0
test_ind,TP,18,138.0
test_ind,TP,18,167.0
test_ind,TP,18,252.0
test_ind,TP,18,95.0
test_ind,TP,18,243.0
test_ind,TP,18,28.0
test_ind,TP,18,249.0
test_ind,TP,18,250.0
test_ind,TP,18,67.0
test_ind,TP,18,247.0
test_ind,TP,18,39.0
test_ind,TP,18,48.0
test_ind,TP,18,189.0
test_ind,TP,18,136.0
test_ind,TP,18,257.0
test_ind,TP,18,69.0
test_ind,TP,18,166.0
test_ind,TP,18,73.0
test_ind,TP,18,119.0
test_ind,TP,18,65.0
train_ind,TP,18,55.0
train_ind,TP,18,120.0
train_ind,TP,18,59.0
train_ind,TP,18,16.0
train_ind,TP,18,61.0
train_ind,TP,18,99.0
train_ind,TP,18,213.0
train_ind,TP,18,188.0
train_ind,TP,18,96.0
train_ind,TP,18,71.0
train_ind,TP,18,137.0
train_ind,TP,18,186.0
train_ind,TP,18,43.0
train_ind,TP,18,214.0
train_ind,TP,18,232.0
train_ind,TP,18,233.0
train_ind,TP,18,236.0
train_ind,TP,18,72.0
train_ind,TP,18,14.0
train_ind,TP,18,51.0
train_ind,TP,18,248.0
train_ind,TP,18,41.0
train_ind,TP,18,237.0
train_ind,TP,18,27.0
train_ind,TP,18,42.0
train_ind,TP,18,238.0
train_ind,TP,18,34.0
train_ind,TP,18,17.0
train_ind,TP,18,15.0
train_ind,TP,18,140.0
train_ind,TP,18,20.0
train_ind,TP,18,118.0
train_ind,TP,18,38.0
train_ind,TP,18,212.0
train_ind,TP,18,211.0
train_ind,TP,18,36.0
train_ind,TP,18,258.0
train_ind,TP,18,169.0
train_ind,TP,18,57.0
train_ind,TP,18,23.0
train_ind,TP,18,49.0
train_ind,TP,18,98.0
train_ind,TP,18,64.0
train_ind,TP,18,29.0
train_ind,TP,18,168.0
train_ind,TP,18,187.0
train_ind,TP,18,244.0
train_ind,TP,18,52.0
train_ind,TP,18,139.0
test_rsq,TP,18,0.10822606935855283
train_rsq,TP,18,0.6870726085863514
test_rmse,TP,18,0.19111219433622473
train_rmse,TP,18,0.1243736785868137
test_mape,TP,18,109.71810908392243
train_mape,TP,18,65.75857779408773
n_comp,TP,18,7.0
y_hat_test,TP,19,0.2966768505248592
y_hat_test,TP,19,0.17140434042979036
y_hat_test,TP,19,0.31401530305459735
y_hat_test,TP,19,0.2940163885853195
y_hat_test,TP,19,0.39379371691103027
y_hat_test,TP,19,0.2862495476316387
y_hat_test,TP,19,0.357796353741543
y_hat_test,TP,19,0.25388101543123853
y_hat_test,TP,19,0.3098815779375361
y_hat_test,TP,19,0.22660019480587684
y_hat_test,TP,19,0.21753724800711477
y_hat_test,TP,19,0.2246918657864227
y_hat_test,TP,19,0.27013583957908477
y_hat_test,TP,19,0.18561202611460503
y_hat_test,TP,19,0.3233383067271901
y_hat_test,TP,19,0.3992820741571192
y_hat_test,TP,19,0.31611514169102617
y_hat_test,TP,19,0.29519821476581243
y_hat_test,TP,19,0.35177557744129256
y_hat_test,TP,19,0.4108094820683592
y_hat_test,TP,19,0.3562259006462875
y_hat_train,TP,19,0.390665379128619
y_hat_train,TP,19,0.31582994099185463
y_hat_train,TP,19,0.32391618830643343
y_hat_train,TP,19,0.33764599346079344
y_hat_train,TP,19,0.339881656781999
y_hat_train,TP,19,0.28209431288729225
y_hat_train,TP,19,0.2670165936804155
y_hat_train,TP,19,0.3339885518186592
y_hat_train,TP,19,0.19648842064614808
y_hat_train,TP,19,0.1374926173212286
y_hat_train,TP,19,0.2676789502437056
y_hat_train,TP,19,0.1749774198556444
y_hat_train,TP,19,0.2986780914150698
y_hat_train,TP,19,0.33241454675164067
y_hat_train,TP,19,0.41804389985431417
y_hat_train,TP,19,0.2843522167981121
y_hat_train,TP,19,0.413528433099598
y_hat_train,TP,19,0.2776763496782506
y_hat_train,TP,19,0.28719618025512855
y_hat_train,TP,19,0.3136675128818185
y_hat_train,TP,19,0.2410324829103406
y_hat_train,TP,19,0.29467456093259364
y_hat_train,TP,19,0.09544312795297286
y_hat_train,TP,19,0.332044404082187
y_hat_train,TP,19,0.31877779969948317
y_hat_train,TP,19,0.392446969624545
y_hat_train,TP,19,0.248739730880029
y_hat_train,TP,19,0.27720307424119356
y_hat_train,TP,19,0.15411561177951336
y_hat_train,TP,19,0.3049311841436222
y_hat_train,TP,19,0.167991057004579
y_hat_train,TP,19,0.3528227456026505
y_hat_train,TP,19,0.30196642157957465
y_hat_train,TP,19,0.1462084823688073
y_hat_train,TP,19,0.20471491231942796
y_hat_train,TP,19,0.3322513229531681
y_hat_train,TP,19,0.3778260775406901
y_hat_train,TP,19,0.3080957660570369
y_hat_train,TP,19,0.21655878747920143
y_hat_train,TP,19,0.19404816895965882
y_hat_train,TP,19,0.35995559858084947
y_hat_train,TP,19,0.2880715072102436
y_hat_train,TP,19,0.35133676849232337
y_hat_train,TP,19,0.2577482461174478
y_hat_train,TP,19,0.1573236984693971
y_hat_train,TP,19,0.3489920484993774
y_hat_train,TP,19,0.4857697753438552
y_hat_train,TP,19,0.25922508784305
y_hat_train,TP,19,0.33781132547545467
y_true_train,TP,19,0.13363
y_true_train,TP,19,0.14732
y_true_train,TP,19,0.40332
y_true_train,TP,19,0.08189
y_true_train,TP,19,0.50128
y_true_train,TP,19,0.34066
y_true_train,TP,19,0.34314
y_true_train,TP,19,0.10412
y_true_train,TP,19,0.07726
y_true_train,TP,19,0.09471
y_true_train,TP,19,0.37907
y_true_train,TP,19,0.07571
y_true_train,TP,19,0.10483
y_true_train,TP,19,0.68375
y_true_train,TP,19,0.71806
y_true_train,TP,19,0.17246
y_true_train,TP,19,0.50834
y_true_train,TP,19,0.50153
y_true_train,TP,19,0.20565
y_true_train,TP,19,0.6333
y_true_train,TP,19,0.08297
y_true_train,TP,19,0.43203
y_true_train,TP,19,0.12823
y_true_train,TP,19,0.10045
y_true_train,TP,19,0.32987
y_true_train,TP,19,0.19324
y_true_train,TP,19,0.06523
y_true_train,TP,19,0.7878
y_true_train,TP,19,0.0866
y_true_train,TP,19,0.10654
y_true_train,TP,19,0.25603
y_true_train,TP,19,0.11864
y_true_train,TP,19,0.65846
y_true_train,TP,19,0.09844
y_true_train,TP,19,0.05712
y_true_train,TP,19,0.45597
y_true_train,TP,19,0.17151
y_true_train,TP,19,0.11114
y_true_train,TP,19,0.15858
y_true_train,TP,19,0.45712
y_true_train,TP,19,0.50834
y_true_train,TP,19,0.2817
y_true_train,TP,19,0.56617
y_true_train,TP,19,0.09475
y_true_train,TP,19,0.05394
y_true_train,TP,19,0.36156
y_true_train,TP,19,0.21288
y_true_train,TP,19,0.24529
y_true_train,TP,19,0.71073
y_true_test,TP,19,0.38444
y_true_test,TP,19,0.62904
y_true_test,TP,19,0.10173
y_true_test,TP,19,0.13523
y_true_test,TP,19,0.2149
y_true_test,TP,19,0.12853
y_true_test,TP,19,0.12444
y_true_test,TP,19,0.7413
y_true_test,TP,19,0.14029
y_true_test,TP,19,0.48471
y_true_test,TP,19,0.06631
y_true_test,TP,19,0.11573
y_true_test,TP,19,0.07814
y_true_test,TP,19,0.11026
y_true_test,TP,19,0.11832
y_true_test,TP,19,0.12298
y_true_test,TP,19,0.78536
y_true_test,TP,19,0.08093
y_true_test,TP,19,0.11868
y_true_test,TP,19,0.07847
y_true_test,TP,19,0.28212
test_ind,TP,19,27.0
test_ind,TP,19,29.0
test_ind,TP,19,73.0
test_ind,TP,19,72.0
test_ind,TP,19,212.0
test_ind,TP,19,15.0
test_ind,TP,19,51.0
test_ind,TP,19,138.0
test_ind,TP,19,168.0
test_ind,TP,19,258.0
test_ind,TP,19,67.0
test_ind,TP,19,243.0
test_ind,TP,19,42.0
test_ind,TP,19,189.0
test_ind,TP,19,238.0
test_ind,TP,19,214.0
test_ind,TP,19,64.0
test_ind,TP,19,17.0
test_ind,TP,19,237.0
test_ind,TP,19,14.0
test_ind,TP,19,118.0
train_ind,TP,19,187.0
train_ind,TP,19,186.0
train_ind,TP,19,61.0
train_ind,TP,19,69.0
train_ind,TP,19,65.0
train_ind,TP,19,120.0
train_ind,TP,19,233.0
train_ind,TP,19,250.0
train_ind,TP,19,55.0
train_ind,TP,19,41.0
train_ind,TP,19,247.0
train_ind,TP,19,257.0
train_ind,TP,19,39.0
train_ind,TP,19,139.0
train_ind,TP,19,140.0
train_ind,TP,19,169.0
train_ind,TP,19,96.0
train_ind,TP,19,244.0
train_ind,TP,19,167.0
train_ind,TP,19,99.0
train_ind,TP,19,16.0
train_ind,TP,19,49.0
train_ind,TP,19,71.0
train_ind,TP,19,252.0
train_ind,TP,19,119.0
train_ind,TP,19,57.0
train_ind,TP,19,20.0
train_ind,TP,19,236.0
train_ind,TP,19,38.0
train_ind,TP,19,34.0
train_ind,TP,19,28.0
train_ind,TP,19,213.0
train_ind,TP,19,48.0
train_ind,TP,19,249.0
train_ind,TP,19,43.0
train_ind,TP,19,136.0
train_ind,TP,19,166.0
train_ind,TP,19,188.0
train_ind,TP,19,248.0
train_ind,TP,19,36.0
train_ind,TP,19,97.0
train_ind,TP,19,23.0
train_ind,TP,19,98.0
train_ind,TP,19,59.0
train_ind,TP,19,232.0
train_ind,TP,19,95.0
train_ind,TP,19,211.0
train_ind,TP,19,52.0
train_ind,TP,19,137.0
test_rsq,TP,19,-0.32107525360181044
train_rsq,TP,19,0.14264070705661835
test_rmse,TP,19,0.2548331098609328
train_rmse,TP,19,0.19707372165269155
test_mape,TP,19,145.71222465949234
train_mape,TP,19,94.2272076820456
n_comp,TP,19,3.0
y_hat_test,OP,0,0.043891860207409844
y_hat_test,OP,0,0.04241844036533202
y_hat_test,OP,0,0.03902984219733881
y_hat_test,OP,0,0.042181753035280975
y_hat_test,OP,0,0.03858570632951194
y_hat_test,OP,0,0.04338208839473382
y_hat_test,OP,0,0.04409615296621343
y_hat_test,OP,0,0.043242676199061914
y_hat_test,OP,0,0.047784294331738704
y_hat_test,OP,0,0.036161370691908196
y_hat_test,OP,0,0.04028429119395785
y_hat_test,OP,0,0.04548493885108403
y_hat_test,OP,0,0.043637235720022184
y_hat_test,OP,0,0.037732939214671884
y_hat_test,OP,0,0.04463435276186772
y_hat_test,OP,0,0.039903283316346516
y_hat_test,OP,0,0.04401727077209749
y_hat_test,OP,0,0.0439767429532653
y_hat_test,OP,0,0.041205542937712204
y_hat_test,OP,0,0.0395173905252652
y_hat_test,OP,0,0.03146046408299717
y_hat_train,OP,0,0.04474950868374921
y_hat_train,OP,0,0.0419613608148272
y_hat_train,OP,0,0.04869668148734689
y_hat_train,OP,0,0.042357514928259794
y_hat_train,OP,0,0.038058759892505054
y_hat_train,OP,0,0.04264566597079331
y_hat_train,OP,0,0.04196085912848106
y_hat_train,OP,0,0.04211629685779128
y_hat_train,OP,0,0.04121153679913233
y_hat_train,OP,0,0.04183103078072471
y_hat_train,OP,0,0.03815081808359131
y_hat_train,OP,0,0.04807195459151147
y_hat_train,OP,0,0.041677429492558496
y_hat_train,OP,0,0.037762203491029524
y_hat_train,OP,0,0.04139956741167516
y_hat_train,OP,0,0.04469119093022377
y_hat_train,OP,0,0.04069729260340313
y_hat_train,OP,0,0.04253156518358302
y_hat_train,OP,0,0.039253081894918385
y_hat_train,OP,0,0.041231948547371895
y_hat_train,OP,0,0.04656306934027638
y_hat_train,OP,0,0.041367073726339354
y_hat_train,OP,0,0.041221735549385366
y_hat_train,OP,0,0.0383011736717445
y_hat_train,OP,0,0.040995343861373365
y_hat_train,OP,0,0.04157786901521163
y_hat_train,OP,0,0.04037981631536653
y_hat_train,OP,0,0.04119545914034281
y_hat_train,OP,0,0.037689736532130126
y_hat_train,OP,0,0.0414826844636723
y_hat_train,OP,0,0.03855422542741218
y_hat_train,OP,0,0.04318742769982145
y_hat_train,OP,0,0.03962470452816693
y_hat_train,OP,0,0.04607856597616051
y_hat_train,OP,0,0.045907493984890024
y_hat_train,OP,0,0.04386814997598386
y_hat_train,OP,0,0.04060675388979124
y_hat_train,OP,0,0.03902062456638894
y_hat_train,OP,0,0.03956525920517627
y_hat_train,OP,0,0.04216907565138372
y_hat_train,OP,0,0.04009621569959263
y_hat_train,OP,0,0.04670398330365508
y_hat_train,OP,0,0.04176873564174507
y_hat_train,OP,0,0.039867982431497216
y_hat_train,OP,0,0.039557983901409154
y_hat_train,OP,0,0.04099962367336098
y_hat_train,OP,0,0.04261493116358397
y_hat_train,OP,0,0.0425680340906614
y_true_train,OP,0,0.01982
y_true_train,OP,0,0.06727
y_true_train,OP,0,0.03345
y_true_train,OP,0,0.00988
y_true_train,OP,0,0.02909
y_true_train,OP,0,0.06588
y_true_train,OP,0,0.09088
y_true_train,OP,0,0.05088
y_true_train,OP,0,0.05206
y_true_train,OP,0,0.03003
y_true_train,OP,0,0.04784
y_true_train,OP,0,0.07927
y_true_train,OP,0,0.02538
y_true_train,OP,0,0.00672
y_true_train,OP,0,0.06462
y_true_train,OP,0,0.03339
y_true_train,OP,0,0.07209
y_true_train,OP,0,0.08395
y_true_train,OP,0,0.02697
y_true_train,OP,0,0.02816
y_true_train,OP,0,0.02017
y_true_train,OP,0,0.03753
y_true_train,OP,0,0.06761
y_true_train,OP,0,0.00541
y_true_train,OP,0,0.00687
y_true_train,OP,0,0.08927
y_true_train,OP,0,0.04351
y_true_train,OP,0,0.01784
y_true_train,OP,0,0.05269
y_true_train,OP,0,0.05172
y_true_train,OP,0,0.01598
y_true_train,OP,0,0.01461
y_true_train,OP,0,0.05172
y_true_train,OP,0,0.03917
y_true_train,OP,0,0.05421
y_true_train,OP,0,0.01899
y_true_train,OP,0,0.04208
y_true_train,OP,0,0.05251
y_true_train,OP,0,0.06382
y_true_train,OP,0,0.0186
y_true_train,OP,0,0.06774
y_true_train,OP,0,0.05916
y_true_train,OP,0,0.03697
y_true_train,OP,0,0.02988
y_true_train,OP,0,0.03542
y_true_train,OP,0,0.01405
y_true_train,OP,0,0.04298
y_true_train,OP,0,0.03645
y_true_test,OP,0,0.01241
y_true_test,OP,0,0.09823
y_true_test,OP,0,0.1123
y_true_test,OP,0,0.01612
y_true_test,OP,0,0.0213
y_true_test,OP,0,0.05222
y_true_test,OP,0,0.06591
y_true_test,OP,0,0.03158
y_true_test,OP,0,0.02278
y_true_test,OP,0,0.00721
y_true_test,OP,0,0.0307
y_true_test,OP,0,0.02438
y_true_test,OP,0,0.07927
y_true_test,OP,0,0.06115
y_true_test,OP,0,0.02615
y_true_test,OP,0,0.10287
y_true_test,OP,0,0.02927
y_true_test,OP,0,0.00897
y_true_test,OP,0,0.02659
y_true_test,OP,0,0.00832
y_true_test,OP,0,0.0605
test_ind,OP,0,248.0
test_ind,OP,0,98.0
test_ind,OP,0,236.0
test_ind,OP,0,252.0
test_ind,OP,0,188.0
test_ind,OP,0,166.0
test_ind,OP,0,28.0
test_ind,OP,0,247.0
test_ind,OP,0,257.0
test_ind,OP,0,139.0
test_ind,OP,0,69.0
test_ind,OP,0,73.0
test_ind,OP,0,97.0
test_ind,OP,0,95.0
test_ind,OP,0,59.0
test_ind,OP,0,212.0
test_ind,OP,0,243.0
test_ind,OP,0,140.0
test_ind,OP,0,20.0
test_ind,OP,0,67.0
test_ind,OP,0,71.0
train_ind,OP,0,16.0
train_ind,OP,0,214.0
train_ind,OP,0,38.0
train_ind,OP,0,17.0
train_ind,OP,0,213.0
train_ind,OP,0,258.0
train_ind,OP,0,36.0
train_ind,OP,0,138.0
train_ind,OP,0,187.0
train_ind,OP,0,168.0
train_ind,OP,0,233.0
train_ind,OP,0,96.0
train_ind,OP,0,42.0
train_ind,OP,0,232.0
train_ind,OP,0,52.0
train_ind,OP,0,72.0
train_ind,OP,0,211.0
train_ind,OP,0,99.0
train_ind,OP,0,51.0
train_ind,OP,0,14.0
train_ind,OP,0,43.0
train_ind,OP,0,23.0
train_ind,OP,0,48.0
train_ind,OP,0,55.0
train_ind,OP,0,250.0
train_ind,OP,0,29.0
train_ind,OP,0,41.0
train_ind,OP,0,65.0
train_ind,OP,0,119.0
train_ind,OP,0,49.0
train_ind,OP,0,237.0
train_ind,OP,0,169.0
train_ind,OP,0,244.0
train_ind,OP,0,137.0
train_ind,OP,0,136.0
train_ind,OP,0,15.0
train_ind,OP,0,39.0
train_ind,OP,0,238.0
train_ind,OP,0,64.0
train_ind,OP,0,27.0
train_ind,OP,0,61.0
train_ind,OP,0,118.0
train_ind,OP,0,189.0
train_ind,OP,0,57.0
train_ind,OP,0,34.0
train_ind,OP,0,249.0
train_ind,OP,0,186.0
train_ind,OP,0,167.0
test_rsq,OP,0,-0.055405195641442306
train_rsq,OP,0,0.013202060877650634
test_rmse,OP,0,0.032907431458618006
train_rmse,OP,0,0.022386401301421385
test_mape,OP,0,117.54002663339456
train_mape,OP,0,86.40636593986888
n_comp,OP,0,1.0
y_hat_test,OP,1,0.036321770374819325
y_hat_test,OP,1,0.045139582560296695
y_hat_test,OP,1,0.030999010778691785
y_hat_test,OP,1,0.039584949004188325
y_hat_test,OP,1,0.025846664399243227
y_hat_test,OP,1,0.02837025181095206
y_hat_test,OP,1,0.04262350132242936
y_hat_test,OP,1,0.04072189420232239
y_hat_test,OP,1,0.017000244202282026
y_hat_test,OP,1,0.024778824776436205
y_hat_test,OP,1,0.03966026653843432
y_hat_test,OP,1,0.017163565849677827
y_hat_test,OP,1,0.048232526103584666
y_hat_test,OP,1,0.04995906958420389
y_hat_test,OP,1,0.04725206918177729
y_hat_test,OP,1,0.04280501810363687
y_hat_test,OP,1,0.012333112698294249
y_hat_test,OP,1,0.029991270772586228
y_hat_test,OP,1,0.03448785196951424
y_hat_test,OP,1,0.048800367336899575
y_hat_test,OP,1,0.04385178269480403
y_hat_train,OP,1,0.025816390026415642
y_hat_train,OP,1,0.03249437220227779
y_hat_train,OP,1,0.03818922468031757
y_hat_train,OP,1,0.03458776810727742
y_hat_train,OP,1,0.048847466087792314
y_hat_train,OP,1,0.041863854788678434
y_hat_train,OP,1,0.061197324585164234
y_hat_train,OP,1,0.024145023640579452
y_hat_train,OP,1,0.04606703245766876
y_hat_train,OP,1,0.04162321120217373
y_hat_train,OP,1,0.042564867568079784
y_hat_train,OP,1,0.0636091916660727
y_hat_train,OP,1,0.047082340687067056
y_hat_train,OP,1,0.029599077709170717
y_hat_train,OP,1,0.03200765232513338
y_hat_train,OP,1,0.08799135285879281
y_hat_train,OP,1,0.04199127555693944
y_hat_train,OP,1,0.02827273644600376
y_hat_train,OP,1,0.03744777839162221
y_hat_train,OP,1,0.036503311134906694
y_hat_train,OP,1,0.05051111099972975
y_hat_train,OP,1,0.036846637471096566
y_hat_train,OP,1,0.0408593903638654
y_hat_train,OP,1,0.03971011564056666
y_hat_train,OP,1,0.05421884509299649
y_hat_train,OP,1,0.02600312328464086
y_hat_train,OP,1,0.04945772098297534
y_hat_train,OP,1,0.03076987452182229
y_hat_train,OP,1,0.044070825245456524
y_hat_train,OP,1,0.004867464450517521
y_hat_train,OP,1,0.022968613549498935
y_hat_train,OP,1,0.01210651406967745
y_hat_train,OP,1,0.03350730174041534
y_hat_train,OP,1,0.05170559044604261
y_hat_train,OP,1,0.03119149575888133
y_hat_train,OP,1,0.033702451235525004
y_hat_train,OP,1,0.046365302197014534
y_hat_train,OP,1,0.043319549869481014
y_hat_train,OP,1,0.04306607023490453
y_hat_train,OP,1,0.07123501791152238
y_hat_train,OP,1,0.0186147774477644
y_hat_train,OP,1,0.04103921903439753
y_hat_train,OP,1,0.042319362496225
y_hat_train,OP,1,0.0194374151948127
y_hat_train,OP,1,0.042600256320194124
y_hat_train,OP,1,0.04628850161208949
y_hat_train,OP,1,0.04757752584015663
y_hat_train,OP,1,0.05145867486559551
y_true_train,OP,1,0.02988
y_true_train,OP,1,0.01598
y_true_train,OP,1,0.00988
y_true_train,OP,1,0.06727
y_true_train,OP,1,0.05222
y_true_train,OP,1,0.1123
y_true_train,OP,1,0.09088
y_true_train,OP,1,0.02017
y_true_train,OP,1,0.06462
y_true_train,OP,1,0.03917
y_true_train,OP,1,0.06382
y_true_train,OP,1,0.08927
y_true_train,OP,1,0.05172
y_true_train,OP,1,0.02816
y_true_train,OP,1,0.03158
y_true_train,OP,1,0.05088
y_true_train,OP,1,0.02927
y_true_train,OP,1,0.01612
y_true_train,OP,1,0.04351
y_true_train,OP,1,0.02615
y_true_train,OP,1,0.07927
y_true_train,OP,1,0.02438
y_true_train,OP,1,0.00721
y_true_train,OP,1,0.05251
y_true_train,OP,1,0.06774
y_true_train,OP,1,0.02659
y_true_train,OP,1,0.02538
y_true_train,OP,1,0.03339
y_true_train,OP,1,0.0605
y_true_train,OP,1,0.00897
y_true_train,OP,1,0.03345
y_true_train,OP,1,0.00672
y_true_train,OP,1,0.02697
y_true_train,OP,1,0.06588
y_true_train,OP,1,0.00541
y_true_train,OP,1,0.03697
y_true_train,OP,1,0.01784
y_true_train,OP,1,0.0186
y_true_train,OP,1,0.03003
y_true_train,OP,1,0.06591
y_true_train,OP,1,0.02278
y_true_train,OP,1,0.01899
y_true_train,OP,1,0.06761
y_true_train,OP,1,0.01405
y_true_train,OP,1,0.03753
y_true_train,OP,1,0.03542
y_true_train,OP,1,0.04208
y_true_train,OP,1,0.05269
y_true_test,OP,1,0.01241
y_true_test,OP,1,0.06115
y_true_test,OP,1,0.00832
y_true_test,OP,1,0.05916
y_true_test,OP,1,0.00687
y_true_test,OP,1,0.04298
y_true_test,OP,1,0.08395
y_true_test,OP,1,0.04784
y_true_test,OP,1,0.0213
y_true_test,OP,1,0.01982
y_true_test,OP,1,0.05421
y_true_test,OP,1,0.05206
y_true_test,OP,1,0.09823
y_true_test,OP,1,0.02909
y_true_test,OP,1,0.0307
y_true_test,OP,1,0.05172
y_true_test,OP,1,0.07209
y_true_test,OP,1,0.10287
y_true_test,OP,1,0.01461
y_true_test,OP,1,0.03645
y_true_test,OP,1,0.07927
test_ind,OP,1,248.0
test_ind,OP,1,95.0
test_ind,OP,1,67.0
test_ind,OP,1,118.0
test_ind,OP,1,250.0
test_ind,OP,1,186.0
test_ind,OP,1,99.0
test_ind,OP,1,233.0
test_ind,OP,1,188.0
test_ind,OP,1,16.0
test_ind,OP,1,136.0
test_ind,OP,1,187.0
test_ind,OP,1,98.0
test_ind,OP,1,213.0
test_ind,OP,1,69.0
test_ind,OP,1,244.0
test_ind,OP,1,211.0
test_ind,OP,1,212.0
test_ind,OP,1,169.0
test_ind,OP,1,167.0
test_ind,OP,1,97.0
train_ind,OP,1,57.0
train_ind,OP,1,237.0
train_ind,OP,1,17.0
train_ind,OP,1,214.0
train_ind,OP,1,166.0
train_ind,OP,1,236.0
train_ind,OP,1,36.0
train_ind,OP,1,43.0
train_ind,OP,1,52.0
train_ind,OP,1,137.0
train_ind,OP,1,64.0
train_ind,OP,1,29.0
train_ind,OP,1,49.0
train_ind,OP,1,14.0
train_ind,OP,1,247.0
train_ind,OP,1,138.0
train_ind,OP,1,243.0
train_ind,OP,1,252.0
train_ind,OP,1,41.0
train_ind,OP,1,59.0
train_ind,OP,1,96.0
train_ind,OP,1,73.0
train_ind,OP,1,139.0
train_ind,OP,1,238.0
train_ind,OP,1,61.0
train_ind,OP,1,20.0
train_ind,OP,1,42.0
train_ind,OP,1,72.0
train_ind,OP,1,71.0
train_ind,OP,1,140.0
train_ind,OP,1,38.0
train_ind,OP,1,232.0
train_ind,OP,1,51.0
train_ind,OP,1,258.0
train_ind,OP,1,55.0
train_ind,OP,1,189.0
train_ind,OP,1,65.0
train_ind,OP,1,27.0
train_ind,OP,1,168.0
train_ind,OP,1,28.0
train_ind,OP,1,257.0
train_ind,OP,1,15.0
train_ind,OP,1,48.0
train_ind,OP,1,249.0
train_ind,OP,1,23.0
train_ind,OP,1,34.0
train_ind,OP,1,39.0
train_ind,OP,1,119.0
test_rsq,OP,1,-0.16814644282861013
train_rsq,OP,1,0.3444431580899866
test_rmse,OP,1,0.030475036108099134
train_rmse,OP,1,0.01974156643409798
test_mape,OP,1,76.19450690987041
train_mape,OP,1,61.756467077465395
n_comp,OP,1,6.0
y_hat_test,OP,2,0.03890512231510502
y_hat_test,OP,2,0.040717185518537424
y_hat_test,OP,2,0.04523793455459032
y_hat_test,OP,2,0.0533743984013723
y_hat_test,OP,2,0.03733451195426494
y_hat_test,OP,2,0.0479712997397259
y_hat_test,OP,2,0.037611735643202415
y_hat_test,OP,2,0.04636014140979298
y_hat_test,OP,2,0.03999458385662448
y_hat_test,OP,2,0.03615163958555413
y_hat_test,OP,2,0.04743766276378857
y_hat_test,OP,2,0.04355201103226534
y_hat_test,OP,2,0.042730642670984975
y_hat_test,OP,2,0.03520265997119042
y_hat_test,OP,2,0.05001964164777961
y_hat_test,OP,2,0.05134688366733884
y_hat_test,OP,2,0.05036625992832818
y_hat_test,OP,2,0.04793146509958095
y_hat_test,OP,2,0.04224535721064708
y_hat_test,OP,2,0.045346702392980054
y_hat_test,OP,2,0.04896996578036443
y_hat_train,OP,2,0.05243764661955908
y_hat_train,OP,2,0.045765964258082346
y_hat_train,OP,2,0.04385699127585466
y_hat_train,OP,2,0.04367030788910651
y_hat_train,OP,2,0.04492841616136182
y_hat_train,OP,2,0.04493618095118077
y_hat_train,OP,2,0.045226363774064374
y_hat_train,OP,2,0.03067589870690524
y_hat_train,OP,2,0.050513453618369675
y_hat_train,OP,2,0.04224389482051406
y_hat_train,OP,2,0.04989713014932512
y_hat_train,OP,2,0.04714842052511965
y_hat_train,OP,2,0.0461605917069774
y_hat_train,OP,2,0.036722260620860155
y_hat_train,OP,2,0.0512863640604713
y_hat_train,OP,2,0.04421717119065158
y_hat_train,OP,2,0.049568181456975675
y_hat_train,OP,2,0.04403426599624962
y_hat_train,OP,2,0.04226872257958174
y_hat_train,OP,2,0.04892071318913116
y_hat_train,OP,2,0.044990848202249085
y_hat_train,OP,2,0.04918986705862011
y_hat_train,OP,2,0.04181517143518433
y_hat_train,OP,2,0.047875989009691894
y_hat_train,OP,2,0.044298598489805566
y_hat_train,OP,2,0.046245408917878525
y_hat_train,OP,2,0.04715890630109283
y_hat_train,OP,2,0.04363486487144779
y_hat_train,OP,2,0.045800003057586434
y_hat_train,OP,2,0.038300168694797077
y_hat_train,OP,2,0.04377868892651816
y_hat_train,OP,2,0.038435768334472264
y_hat_train,OP,2,0.05167192952292932
y_hat_train,OP,2,0.04913487580209369
y_hat_train,OP,2,0.04941692297642014
y_hat_train,OP,2,0.04784942611402895
y_hat_train,OP,2,0.04827946985529536
y_hat_train,OP,2,0.043971692587759105
y_hat_train,OP,2,0.049612424543108824
y_hat_train,OP,2,0.028802477426833704
y_hat_train,OP,2,0.05117311505181315
y_hat_train,OP,2,0.049428583976946695
y_hat_train,OP,2,0.0442414174301086
y_hat_train,OP,2,0.038977515469879785
y_hat_train,OP,2,0.04321444426090671
y_hat_train,OP,2,0.03765122694515614
y_hat_train,OP,2,0.03351809459999457
y_hat_train,OP,2,0.04136316058703931
y_true_train,OP,2,0.0605
y_true_train,OP,2,0.04351
y_true_train,OP,2,0.08395
y_true_train,OP,2,0.08927
y_true_train,OP,2,0.02538
y_true_train,OP,2,0.01405
y_true_train,OP,2,0.05172
y_true_train,OP,2,0.02278
y_true_train,OP,2,0.04784
y_true_train,OP,2,0.01461
y_true_train,OP,2,0.02697
y_true_train,OP,2,0.04208
y_true_train,OP,2,0.06761
y_true_train,OP,2,0.01982
y_true_train,OP,2,0.02909
y_true_train,OP,2,0.06462
y_true_train,OP,2,0.1123
y_true_train,OP,2,0.0186
y_true_train,OP,2,0.03158
y_true_train,OP,2,0.06382
y_true_train,OP,2,0.03753
y_true_train,OP,2,0.07209
y_true_train,OP,2,0.07927
y_true_train,OP,2,0.05206
y_true_train,OP,2,0.03697
y_true_train,OP,2,0.06727
y_true_train,OP,2,0.00687
y_true_train,OP,2,0.00897
y_true_train,OP,2,0.02659
y_true_train,OP,2,0.05421
y_true_train,OP,2,0.00988
y_true_train,OP,2,0.03917
y_true_train,OP,2,0.05269
y_true_train,OP,2,0.10287
y_true_train,OP,2,0.00541
y_true_train,OP,2,0.00832
y_true_train,OP,2,0.05172
y_true_train,OP,2,0.04298
y_true_train,OP,2,0.02988
y_true_train,OP,2,0.03345
y_true_train,OP,2,0.06115
y_true_train,OP,2,0.0213
y_true_train,OP,2,0.09823
y_true_train,OP,2,0.06591
y_true_train,OP,2,0.05222
y_true_train,OP,2,0.02615
y_true_train,OP,2,0.02017
y_true_train,OP,2,0.05088
y_true_test,OP,2,0.02927
y_true_test,OP,2,0.01899
y_true_test,OP,2,0.03003
y_true_test,OP,2,0.00721
y_true_test,OP,2,0.03339
y_true_test,OP,2,0.06774
y_true_test,OP,2,0.02438
y_true_test,OP,2,0.01784
y_true_test,OP,2,0.01241
y_true_test,OP,2,0.05916
y_true_test,OP,2,0.02816
y_true_test,OP,2,0.03645
y_true_test,OP,2,0.09088
y_true_test,OP,2,0.07927
y_true_test,OP,2,0.05251
y_true_test,OP,2,0.01598
y_true_test,OP,2,0.00672
y_true_test,OP,2,0.0307
y_true_test,OP,2,0.06588
y_true_test,OP,2,0.01612
y_true_test,OP,2,0.03542
test_ind,OP,2,243.0
test_ind,OP,2,15.0
test_ind,OP,2,168.0
test_ind,OP,2,139.0
test_ind,OP,2,72.0
test_ind,OP,2,61.0
test_ind,OP,2,73.0
test_ind,OP,2,65.0
test_ind,OP,2,248.0
test_ind,OP,2,118.0
test_ind,OP,2,14.0
test_ind,OP,2,167.0
test_ind,OP,2,36.0
test_ind,OP,2,96.0
test_ind,OP,2,238.0
test_ind,OP,2,237.0
test_ind,OP,2,232.0
test_ind,OP,2,69.0
test_ind,OP,2,258.0
test_ind,OP,2,252.0
test_ind,OP,2,34.0
train_ind,OP,2,71.0
train_ind,OP,2,41.0
train_ind,OP,2,99.0
train_ind,OP,2,29.0
train_ind,OP,2,42.0
train_ind,OP,2,249.0
train_ind,OP,2,49.0
train_ind,OP,2,257.0
train_ind,OP,2,233.0
train_ind,OP,2,169.0
train_ind,OP,2,51.0
train_ind,OP,2,39.0
train_ind,OP,2,48.0
train_ind,OP,2,16.0
train_ind,OP,2,213.0
train_ind,OP,2,52.0
train_ind,OP,2,236.0
train_ind,OP,2,27.0
train_ind,OP,2,247.0
train_ind,OP,2,64.0
train_ind,OP,2,23.0
train_ind,OP,2,211.0
train_ind,OP,2,97.0
train_ind,OP,2,187.0
train_ind,OP,2,189.0
train_ind,OP,2,214.0
train_ind,OP,2,250.0
train_ind,OP,2,140.0
train_ind,OP,2,20.0
train_ind,OP,2,136.0
train_ind,OP,2,17.0
train_ind,OP,2,137.0
train_ind,OP,2,119.0
train_ind,OP,2,212.0
train_ind,OP,2,55.0
train_ind,OP,2,67.0
train_ind,OP,2,244.0
train_ind,OP,2,186.0
train_ind,OP,2,57.0
train_ind,OP,2,38.0
train_ind,OP,2,95.0
train_ind,OP,2,188.0
train_ind,OP,2,98.0
train_ind,OP,2,28.0
train_ind,OP,2,166.0
train_ind,OP,2,59.0
train_ind,OP,2,43.0
train_ind,OP,2,138.0
test_rsq,OP,2,-0.32744509129930255
train_rsq,OP,2,0.03892529345167994
test_rmse,OP,2,0.02703627608566493
train_rmse,OP,2,0.02582394897215332
test_mape,OP,2,130.39060872019402
train_mape,OP,2,96.40174847703294
n_comp,OP,2,1.0
y_hat_test,OP,3,0.043644730411052046
y_hat_test,OP,3,0.04738402238041737
y_hat_test,OP,3,0.041981638307142174
y_hat_test,OP,3,0.0644568778237108
y_hat_test,OP,3,0.03150866328544103
y_hat_test,OP,3,0.04760225440000931
y_hat_test,OP,3,0.043538400275376046
y_hat_test,OP,3,0.03866208303712087
y_hat_test,OP,3,0.028492405273483096
y_hat_test,OP,3,0.02493988786712172
y_hat_test,OP,3,0.04708105092979077
y_hat_test,OP,3,0.06685404310101309
y_hat_test,OP,3,0.0626117129120205
y_hat_test,OP,3,0.05381647357997906
y_hat_test,OP,3,0.058495691432615265
y_hat_test,OP,3,0.0522873598996329
y_hat_test,OP,3,0.003083662063813858
y_hat_test,OP,3,0.018667662072567877
y_hat_test,OP,3,0.050853947830965265
y_hat_test,OP,3,0.012042940399715034
y_hat_test,OP,3,0.05446242217899467
y_hat_train,OP,3,0.03509019372457276
y_hat_train,OP,3,0.05496810335387595
y_hat_train,OP,3,0.05897089067456259
y_hat_train,OP,3,0.022263627108983605
y_hat_train,OP,3,0.05182573600900256
y_hat_train,OP,3,0.07779623913875326
y_hat_train,OP,3,0.053751052834628915
y_hat_train,OP,3,0.05708329284057083
y_hat_train,OP,3,0.018790484620633638
y_hat_train,OP,3,0.014817724084690353
y_hat_train,OP,3,0.030242677313400718
y_hat_train,OP,3,0.05751961564254566
y_hat_train,OP,3,0.023840476717010558
y_hat_train,OP,3,0.04206001640175574
y_hat_train,OP,3,0.05886907440607448
y_hat_train,OP,3,0.05412895353352999
y_hat_train,OP,3,0.03854892704926699
y_hat_train,OP,3,0.07226387649588342
y_hat_train,OP,3,0.03508222795163021
y_hat_train,OP,3,0.04037419533475595
y_hat_train,OP,3,0.02379100747325762
y_hat_train,OP,3,0.04316177045662967
y_hat_train,OP,3,0.0108811463433248
y_hat_train,OP,3,0.037331111428224054
y_hat_train,OP,3,0.04868608148947607
y_hat_train,OP,3,0.04093291532244665
y_hat_train,OP,3,0.02537007220761452
y_hat_train,OP,3,0.042595276882202195
y_hat_train,OP,3,0.04839468659370355
y_hat_train,OP,3,0.04220546628516722
y_hat_train,OP,3,0.05764877893625203
y_hat_train,OP,3,0.009355928080140283
y_hat_train,OP,3,0.06427877063802034
y_hat_train,OP,3,0.06151095530237852
y_hat_train,OP,3,0.007050883648048678
y_hat_train,OP,3,-0.009204228722743762
y_hat_train,OP,3,0.007692861327422515
y_hat_train,OP,3,0.00682855872406829
y_hat_train,OP,3,0.08041943392621556
y_hat_train,OP,3,0.055542635807483434
y_hat_train,OP,3,0.058458101386938646
y_hat_train,OP,3,0.021199625926098434
y_hat_train,OP,3,0.0661330846493772
y_hat_train,OP,3,0.03208827194979941
y_hat_train,OP,3,0.03298224726552026
y_hat_train,OP,3,0.04973473985498791
y_hat_train,OP,3,0.036715482087935306
y_hat_train,OP,3,0.0725769494938826
y_true_train,OP,3,0.02697
y_true_train,OP,3,0.03542
y_true_train,OP,3,0.05916
y_true_train,OP,3,0.00687
y_true_train,OP,3,0.07209
y_true_train,OP,3,0.06774
y_true_train,OP,3,0.02909
y_true_train,OP,3,0.05206
y_true_train,OP,3,0.01612
y_true_train,OP,3,0.01461
y_true_train,OP,3,0.02438
y_true_train,OP,3,0.10287
y_true_train,OP,3,0.02017
y_true_train,OP,3,0.06727
y_true_train,OP,3,0.06591
y_true_train,OP,3,0.06588
y_true_train,OP,3,0.03697
y_true_train,OP,3,0.07927
y_true_train,OP,3,0.03753
y_true_train,OP,3,0.03003
y_true_train,OP,3,0.01899
y_true_train,OP,3,0.02927
y_true_train,OP,3,0.01982
y_true_train,OP,3,0.02615
y_true_train,OP,3,0.04298
y_true_train,OP,3,0.05172
y_true_train,OP,3,0.00832
y_true_train,OP,3,0.02538
y_true_train,OP,3,0.03917
y_true_train,OP,3,0.03339
y_true_train,OP,3,0.03645
y_true_train,OP,3,0.00541
y_true_train,OP,3,0.07927
y_true_train,OP,3,0.05421
y_true_train,OP,3,0.00672
y_true_train,OP,3,0.01405
y_true_train,OP,3,0.01241
y_true_train,OP,3,0.00721
y_true_train,OP,3,0.1123
y_true_train,OP,3,0.05222
y_true_train,OP,3,0.09088
y_true_train,OP,3,0.06462
y_true_train,OP,3,0.05172
y_true_train,OP,3,0.02988
y_true_train,OP,3,0.02816
y_true_train,OP,3,0.04784
y_true_train,OP,3,0.00988
y_true_train,OP,3,0.06382
y_true_test,OP,3,0.04351
y_true_test,OP,3,0.05251
y_true_test,OP,3,0.00897
y_true_test,OP,3,0.01784
y_true_test,OP,3,0.03345
y_true_test,OP,3,0.0186
y_true_test,OP,3,0.05088
y_true_test,OP,3,0.08927
y_true_test,OP,3,0.02278
y_true_test,OP,3,0.02659
y_true_test,OP,3,0.05269
y_true_test,OP,3,0.04208
y_true_test,OP,3,0.06115
y_true_test,OP,3,0.06761
y_true_test,OP,3,0.09823
y_true_test,OP,3,0.01598
y_true_test,OP,3,0.0605
y_true_test,OP,3,0.03158
y_true_test,OP,3,0.08395
y_true_test,OP,3,0.0213
y_true_test,OP,3,0.0307
test_ind,OP,3,41.0
test_ind,OP,3,238.0
test_ind,OP,3,140.0
test_ind,OP,3,65.0
test_ind,OP,3,38.0
test_ind,OP,3,27.0
test_ind,OP,3,138.0
test_ind,OP,3,29.0
test_ind,OP,3,257.0
test_ind,OP,3,20.0
test_ind,OP,3,119.0
test_ind,OP,3,39.0
test_ind,OP,3,95.0
test_ind,OP,3,48.0
test_ind,OP,3,98.0
test_ind,OP,3,237.0
test_ind,OP,3,71.0
test_ind,OP,3,247.0
test_ind,OP,3,99.0
test_ind,OP,3,188.0
test_ind,OP,3,69.0
train_ind,OP,3,51.0
train_ind,OP,3,34.0
train_ind,OP,3,118.0
train_ind,OP,3,250.0
train_ind,OP,3,211.0
train_ind,OP,3,61.0
train_ind,OP,3,213.0
train_ind,OP,3,187.0
train_ind,OP,3,252.0
train_ind,OP,3,169.0
train_ind,OP,3,73.0
train_ind,OP,3,212.0
train_ind,OP,3,43.0
train_ind,OP,3,214.0
train_ind,OP,3,28.0
train_ind,OP,3,258.0
train_ind,OP,3,189.0
train_ind,OP,3,97.0
train_ind,OP,3,23.0
train_ind,OP,3,168.0
train_ind,OP,3,15.0
train_ind,OP,3,243.0
train_ind,OP,3,16.0
train_ind,OP,3,59.0
train_ind,OP,3,186.0
train_ind,OP,3,49.0
train_ind,OP,3,67.0
train_ind,OP,3,42.0
train_ind,OP,3,137.0
train_ind,OP,3,72.0
train_ind,OP,3,167.0
train_ind,OP,3,55.0
train_ind,OP,3,96.0
train_ind,OP,3,136.0
train_ind,OP,3,232.0
train_ind,OP,3,249.0
train_ind,OP,3,248.0
train_ind,OP,3,139.0
train_ind,OP,3,236.0
train_ind,OP,3,166.0
train_ind,OP,3,36.0
train_ind,OP,3,52.0
train_ind,OP,3,244.0
train_ind,OP,3,57.0
train_ind,OP,3,14.0
train_ind,OP,3,233.0
train_ind,OP,3,17.0
train_ind,OP,3,64.0
test_rsq,OP,3,-0.21356728313426565
train_rsq,OP,3,0.6175411110589243
test_rmse,OP,3,0.027367185528160712
train_rmse,OP,3,0.01617347778541779
test_mape,OP,3,74.26545279639244
train_mape,OP,3,42.61274790123186
n_comp,OP,3,7.0
y_hat_test,OP,4,0.04152304703028633
y_hat_test,OP,4,0.0429324479865642
y_hat_test,OP,4,0.05613091335800314
y_hat_test,OP,4,0.038497763372278
y_hat_test,OP,4,0.04723063260677598
y_hat_test,OP,4,0.03827852091979748
y_hat_test,OP,4,0.04029756169859769
y_hat_test,OP,4,0.049205821026258395
y_hat_test,OP,4,0.05356284916606567
y_hat_test,OP,4,0.046061319714399244
y_hat_test,OP,4,0.04220086653973253
y_hat_test,OP,4,0.03823925559145074
y_hat_test,OP,4,0.04246474120433574
y_hat_test,OP,4,0.039133109096105526
y_hat_test,OP,4,0.04755102653554328
y_hat_test,OP,4,0.0310456002291946
y_hat_test,OP,4,0.02773902367515627
y_hat_test,OP,4,0.02535033996342923
y_hat_test,OP,4,0.042274926839562944
y_hat_test,OP,4,0.039218973682614615
y_hat_test,OP,4,0.02766441976552081
y_hat_train,OP,4,0.048181710583804424
y_hat_train,OP,4,0.06445551675592862
y_hat_train,OP,4,0.041834766130130346
y_hat_train,OP,4,0.042424977484054334
y_hat_train,OP,4,0.034045191811968765
y_hat_train,OP,4,0.04308539050869126
y_hat_train,OP,4,0.046828993843397164
y_hat_train,OP,4,0.042913542424896874
y_hat_train,OP,4,0.041760782728125063
y_hat_train,OP,4,0.05127350894309187
y_hat_train,OP,4,0.04742688061170966
y_hat_train,OP,4,0.05492638726879695
y_hat_train,OP,4,0.03330828425122587
y_hat_train,OP,4,0.05081570400462093
y_hat_train,OP,4,0.05759414180883079
y_hat_train,OP,4,0.053815811156987164
y_hat_train,OP,4,0.04910427697138975
y_hat_train,OP,4,0.050208424344410266
y_hat_train,OP,4,0.046991787896628556
y_hat_train,OP,4,0.05059055945299254
y_hat_train,OP,4,0.028335334984217406
y_hat_train,OP,4,0.04653345743272072
y_hat_train,OP,4,0.039441317946974905
y_hat_train,OP,4,0.03607000103249697
y_hat_train,OP,4,0.05554824248271211
y_hat_train,OP,4,0.027775028937524128
y_hat_train,OP,4,0.0537982420717491
y_hat_train,OP,4,0.0530649437981572
y_hat_train,OP,4,0.0544943743394079
y_hat_train,OP,4,0.04095577965188558
y_hat_train,OP,4,0.05112877192521048
y_hat_train,OP,4,0.041830714485659226
y_hat_train,OP,4,0.04093250933368429
y_hat_train,OP,4,0.045178927781412775
y_hat_train,OP,4,0.04729199127667862
y_hat_train,OP,4,0.04757735552712012
y_hat_train,OP,4,0.0308787275336272
y_hat_train,OP,4,0.03054852463918973
y_hat_train,OP,4,0.04276558849199375
y_hat_train,OP,4,0.04214091092133832
y_hat_train,OP,4,0.04242918965227093
y_hat_train,OP,4,0.03425135649622417
y_hat_train,OP,4,0.04973455346181866
y_hat_train,OP,4,0.043796253237596845
y_hat_train,OP,4,0.03184414222483792
y_hat_train,OP,4,0.03919003524666178
y_hat_train,OP,4,0.03373394148074259
y_hat_train,OP,4,0.0392331446244054
y_true_train,OP,4,0.09823
y_true_train,OP,4,0.07209
y_true_train,OP,4,0.04208
y_true_train,OP,4,0.08395
y_true_train,OP,4,0.06588
y_true_train,OP,4,0.1123
y_true_train,OP,4,0.03339
y_true_train,OP,4,0.06761
y_true_train,OP,4,0.05172
y_true_train,OP,4,0.02697
y_true_train,OP,4,0.01784
y_true_train,OP,4,0.06115
y_true_train,OP,4,0.02017
y_true_train,OP,4,0.06727
y_true_train,OP,4,0.0605
y_true_train,OP,4,0.02909
y_true_train,OP,4,0.07927
y_true_train,OP,4,0.07927
y_true_train,OP,4,0.06774
y_true_train,OP,4,0.05222
y_true_train,OP,4,0.08927
y_true_train,OP,4,0.05251
y_true_train,OP,4,0.01982
y_true_train,OP,4,0.03158
y_true_train,OP,4,0.10287
y_true_train,OP,4,0.01405
y_true_train,OP,4,0.05206
y_true_train,OP,4,0.02988
y_true_train,OP,4,0.02816
y_true_train,OP,4,0.00988
y_true_train,OP,4,0.00897
y_true_train,OP,4,0.05421
y_true_train,OP,4,0.03645
y_true_train,OP,4,0.00687
y_true_train,OP,4,0.05916
y_true_train,OP,4,0.05088
y_true_train,OP,4,0.01241
y_true_train,OP,4,0.02278
y_true_train,OP,4,0.02438
y_true_train,OP,4,0.03003
y_true_train,OP,4,0.03917
y_true_train,OP,4,0.02927
y_true_train,OP,4,0.01598
y_true_train,OP,4,0.03542
y_true_train,OP,4,0.03697
y_true_train,OP,4,0.01899
y_true_train,OP,4,0.00672
y_true_train,OP,4,0.01461
y_true_test,OP,4,0.05172
y_true_test,OP,4,0.01612
y_true_test,OP,4,0.00721
y_true_test,OP,4,0.00541
y_true_test,OP,4,0.06382
y_true_test,OP,4,0.02659
y_true_test,OP,4,0.06462
y_true_test,OP,4,0.05269
y_true_test,OP,4,0.0213
y_true_test,OP,4,0.04298
y_true_test,OP,4,0.03753
y_true_test,OP,4,0.02538
y_true_test,OP,4,0.04784
y_true_test,OP,4,0.00832
y_true_test,OP,4,0.0307
y_true_test,OP,4,0.09088
y_true_test,OP,4,0.04351
y_true_test,OP,4,0.06591
y_true_test,OP,4,0.0186
y_true_test,OP,4,0.02615
y_true_test,OP,4,0.03345
test_ind,OP,4,244.0
test_ind,OP,4,252.0
test_ind,OP,4,139.0
test_ind,OP,4,55.0
test_ind,OP,4,64.0
test_ind,OP,4,20.0
test_ind,OP,4,52.0
test_ind,OP,4,119.0
test_ind,OP,4,188.0
test_ind,OP,4,186.0
test_ind,OP,4,23.0
test_ind,OP,4,42.0
test_ind,OP,4,233.0
test_ind,OP,4,67.0
test_ind,OP,4,69.0
test_ind,OP,4,36.0
test_ind,OP,4,41.0
test_ind,OP,4,28.0
test_ind,OP,4,27.0
test_ind,OP,4,59.0
test_ind,OP,4,38.0
train_ind,OP,4,98.0
train_ind,OP,4,211.0
train_ind,OP,4,39.0
train_ind,OP,4,99.0
train_ind,OP,4,258.0
train_ind,OP,4,236.0
train_ind,OP,4,72.0
train_ind,OP,4,48.0
train_ind,OP,4,49.0
train_ind,OP,4,51.0
train_ind,OP,4,65.0
train_ind,OP,4,95.0
train_ind,OP,4,43.0
train_ind,OP,4,214.0
train_ind,OP,4,71.0
train_ind,OP,4,213.0
train_ind,OP,4,97.0
train_ind,OP,4,96.0
train_ind,OP,4,61.0
train_ind,OP,4,166.0
train_ind,OP,4,29.0
train_ind,OP,4,238.0
train_ind,OP,4,16.0
train_ind,OP,4,247.0
train_ind,OP,4,212.0
train_ind,OP,4,249.0
train_ind,OP,4,187.0
train_ind,OP,4,57.0
train_ind,OP,4,14.0
train_ind,OP,4,17.0
train_ind,OP,4,140.0
train_ind,OP,4,136.0
train_ind,OP,4,167.0
train_ind,OP,4,250.0
train_ind,OP,4,118.0
train_ind,OP,4,138.0
train_ind,OP,4,248.0
train_ind,OP,4,257.0
train_ind,OP,4,73.0
train_ind,OP,4,168.0
train_ind,OP,4,137.0
train_ind,OP,4,243.0
train_ind,OP,4,237.0
train_ind,OP,4,34.0
train_ind,OP,4,189.0
train_ind,OP,4,15.0
train_ind,OP,4,232.0
train_ind,OP,4,169.0
test_rsq,OP,4,-0.40349363479567324
train_rsq,OP,4,0.09106906558511596
test_rmse,OP,4,0.025879841485188706
train_rmse,OP,4,0.02581580615608442
test_mape,OP,4,124.13217305435936
train_mape,OP,4,84.08460283155063
n_comp,OP,4,3.0
y_hat_test,OP,5,0.039378192509884
y_hat_test,OP,5,0.0389557630653114
y_hat_test,OP,5,0.03509408406228325
y_hat_test,OP,5,0.04048078943600727
y_hat_test,OP,5,0.03830421420327242
y_hat_test,OP,5,0.037584686582368916
y_hat_test,OP,5,0.0394464945046962
y_hat_test,OP,5,0.04153194672136414
y_hat_test,OP,5,0.035788812934511874
y_hat_test,OP,5,0.03626810084301401
y_hat_test,OP,5,0.04113577003347534
y_hat_test,OP,5,0.04214026428409797
y_hat_test,OP,5,0.04008971174045747
y_hat_test,OP,5,0.0366238321101038
y_hat_test,OP,5,0.04027873264030599
y_hat_test,OP,5,0.039194866142083715
y_hat_test,OP,5,0.04065840741965585
y_hat_test,OP,5,0.03998292327809226
y_hat_test,OP,5,0.04161988052098755
y_hat_test,OP,5,0.041494937747868346
y_hat_test,OP,5,0.03479647699293422
y_hat_train,OP,5,0.03624418879086718
y_hat_train,OP,5,0.0416871123499028
y_hat_train,OP,5,0.03963920127051375
y_hat_train,OP,5,0.041599563741704974
y_hat_train,OP,5,0.04073347663680731
y_hat_train,OP,5,0.03869722610348399
y_hat_train,OP,5,0.03927089041762593
y_hat_train,OP,5,0.03923343230884803
y_hat_train,OP,5,0.0380400189401295
y_hat_train,OP,5,0.034589624425791145
y_hat_train,OP,5,0.04083552723220841
y_hat_train,OP,5,0.041285810921660324
y_hat_train,OP,5,0.04044609420567495
y_hat_train,OP,5,0.03754949242683429
y_hat_train,OP,5,0.0409763505148139
y_hat_train,OP,5,0.039254666978308456
y_hat_train,OP,5,0.03988477574946959
y_hat_train,OP,5,0.040767197421453454
y_hat_train,OP,5,0.041263403734446355
y_hat_train,OP,5,0.04141368375429455
y_hat_train,OP,5,0.041445783405610476
y_hat_train,OP,5,0.04042292076186565
y_hat_train,OP,5,0.04133829479801948
y_hat_train,OP,5,0.04152342654308082
y_hat_train,OP,5,0.03537090226101412
y_hat_train,OP,5,0.04105545582004688
y_hat_train,OP,5,0.040958179894322086
y_hat_train,OP,5,0.03967839104497075
y_hat_train,OP,5,0.03773588857676332
y_hat_train,OP,5,0.03167948901406563
y_hat_train,OP,5,0.040223551625970334
y_hat_train,OP,5,0.039396697776513064
y_hat_train,OP,5,0.039984694513464446
y_hat_train,OP,5,0.038441572360594825
y_hat_train,OP,5,0.037971508869399886
y_hat_train,OP,5,0.04149496112077961
y_hat_train,OP,5,0.04061916465660902
y_hat_train,OP,5,0.03363344103481022
y_hat_train,OP,5,0.04074578871381902
y_hat_train,OP,5,0.03705842310038836
y_hat_train,OP,5,0.03236197791460487
y_hat_train,OP,5,0.0361316760906881
y_hat_train,OP,5,0.04146093996063006
y_hat_train,OP,5,0.04073741787327719
y_hat_train,OP,5,0.03893323830525395
y_hat_train,OP,5,0.03905133409918972
y_hat_train,OP,5,0.04033919758724744
y_hat_train,OP,5,0.0406639443521616
y_true_train,OP,5,0.02927
y_true_train,OP,5,0.02988
y_true_train,OP,5,0.05172
y_true_train,OP,5,0.00672
y_true_train,OP,5,0.00832
y_true_train,OP,5,0.06462
y_true_train,OP,5,0.05222
y_true_train,OP,5,0.0186
y_true_train,OP,5,0.07927
y_true_train,OP,5,0.01982
y_true_train,OP,5,0.06115
y_true_train,OP,5,0.04784
y_true_train,OP,5,0.02659
y_true_train,OP,5,0.05421
y_true_train,OP,5,0.02816
y_true_train,OP,5,0.03753
y_true_train,OP,5,0.02538
y_true_train,OP,5,0.06727
y_true_train,OP,5,0.10287
y_true_train,OP,5,0.1123
y_true_train,OP,5,0.00721
y_true_train,OP,5,0.00897
y_true_train,OP,5,0.03542
y_true_train,OP,5,0.02697
y_true_train,OP,5,0.02615
y_true_train,OP,5,0.00541
y_true_train,OP,5,0.00687
y_true_train,OP,5,0.04298
y_true_train,OP,5,0.01899
y_true_train,OP,5,0.03345
y_true_train,OP,5,0.04351
y_true_train,OP,5,0.03645
y_true_train,OP,5,0.01405
y_true_train,OP,5,0.06588
y_true_train,OP,5,0.03917
y_true_train,OP,5,0.02909
y_true_train,OP,5,0.0213
y_true_train,OP,5,0.02017
y_true_train,OP,5,0.04208
y_true_train,OP,5,0.06591
y_true_train,OP,5,0.02278
y_true_train,OP,5,0.02438
y_true_train,OP,5,0.05206
y_true_train,OP,5,0.0307
y_true_train,OP,5,0.03158
y_true_train,OP,5,0.08927
y_true_train,OP,5,0.06761
y_true_train,OP,5,0.05172
y_true_test,OP,5,0.09823
y_true_test,OP,5,0.01461
y_true_test,OP,5,0.0605
y_true_test,OP,5,0.01612
y_true_test,OP,5,0.09088
y_true_test,OP,5,0.01241
y_true_test,OP,5,0.08395
y_true_test,OP,5,0.05269
y_true_test,OP,5,0.05916
y_true_test,OP,5,0.07927
y_true_test,OP,5,0.06382
y_true_test,OP,5,0.01598
y_true_test,OP,5,0.03003
y_true_test,OP,5,0.05088
y_true_test,OP,5,0.01784
y_true_test,OP,5,0.00988
y_true_test,OP,5,0.06774
y_true_test,OP,5,0.03697
y_true_test,OP,5,0.07209
y_true_test,OP,5,0.05251
y_true_test,OP,5,0.03339
test_ind,OP,5,98.0
test_ind,OP,5,169.0
test_ind,OP,5,71.0
test_ind,OP,5,252.0
test_ind,OP,5,36.0
test_ind,OP,5,248.0
test_ind,OP,5,99.0
test_ind,OP,5,119.0
test_ind,OP,5,118.0
test_ind,OP,5,96.0
test_ind,OP,5,64.0
test_ind,OP,5,237.0
test_ind,OP,5,168.0
test_ind,OP,5,138.0
test_ind,OP,5,65.0
test_ind,OP,5,17.0
test_ind,OP,5,61.0
test_ind,OP,5,189.0
test_ind,OP,5,211.0
test_ind,OP,5,238.0
test_ind,OP,5,72.0
train_ind,OP,5,243.0
train_ind,OP,5,57.0
train_ind,OP,5,49.0
train_ind,OP,5,232.0
train_ind,OP,5,67.0
train_ind,OP,5,52.0
train_ind,OP,5,166.0
train_ind,OP,5,27.0
train_ind,OP,5,97.0
train_ind,OP,5,16.0
train_ind,OP,5,95.0
train_ind,OP,5,233.0
train_ind,OP,5,20.0
train_ind,OP,5,136.0
train_ind,OP,5,14.0
train_ind,OP,5,23.0
train_ind,OP,5,42.0
train_ind,OP,5,214.0
train_ind,OP,5,212.0
train_ind,OP,5,236.0
train_ind,OP,5,139.0
train_ind,OP,5,140.0
train_ind,OP,5,34.0
train_ind,OP,5,51.0
train_ind,OP,5,59.0
train_ind,OP,5,55.0
train_ind,OP,5,250.0
train_ind,OP,5,186.0
train_ind,OP,5,15.0
train_ind,OP,5,38.0
train_ind,OP,5,41.0
train_ind,OP,5,167.0
train_ind,OP,5,249.0
train_ind,OP,5,258.0
train_ind,OP,5,137.0
train_ind,OP,5,213.0
train_ind,OP,5,188.0
train_ind,OP,5,43.0
train_ind,OP,5,39.0
train_ind,OP,5,28.0
train_ind,OP,5,257.0
train_ind,OP,5,73.0
train_ind,OP,5,187.0
train_ind,OP,5,69.0
train_ind,OP,5,247.0
train_ind,OP,5,29.0
train_ind,OP,5,48.0
train_ind,OP,5,244.0
test_rsq,OP,5,-0.14288521581183788
train_rsq,OP,5,0.009819811637186926
test_rmse,OP,5,0.029158053919020672
train_rmse,OP,5,0.02448439079752033
test_mape,OP,5,78.43597789308875
train_mape,OP,5,97.3302529273679
n_comp,OP,5,1.0
y_hat_test,OP,6,0.011325435756845647
y_hat_test,OP,6,0.056232442743337385
y_hat_test,OP,6,0.026527321501649218
y_hat_test,OP,6,0.029078994965587107
y_hat_test,OP,6,0.020860568311859198
y_hat_test,OP,6,0.060726927241717084
y_hat_test,OP,6,0.04247900440393632
y_hat_test,OP,6,0.002356768585006948
y_hat_test,OP,6,0.08296415938316834
y_hat_test,OP,6,0.02999123128503269
y_hat_test,OP,6,0.04465052708803351
y_hat_test,OP,6,0.04696946073518364
y_hat_test,OP,6,0.04875071776789721
y_hat_test,OP,6,0.08349028332434336
y_hat_test,OP,6,0.05526020013453067
y_hat_test,OP,6,0.03338499008495883
y_hat_test,OP,6,0.048180490565778805
y_hat_test,OP,6,0.04867277580960215
y_hat_test,OP,6,0.04611736758435338
y_hat_test,OP,6,0.04398655339012818
y_hat_test,OP,6,0.022390188312251584
y_hat_train,OP,6,0.017148925512834378
y_hat_train,OP,6,0.03360008495904052
y_hat_train,OP,6,0.05048178379874928
y_hat_train,OP,6,0.028390215934997687
y_hat_train,OP,6,0.06243306576411975
y_hat_train,OP,6,0.0638093034262534
y_hat_train,OP,6,0.0433245455720809
y_hat_train,OP,6,0.009594947211587011
y_hat_train,OP,6,0.04939044530817967
y_hat_train,OP,6,0.05934634527312387
y_hat_train,OP,6,0.03934166047655398
y_hat_train,OP,6,0.04098677793630055
y_hat_train,OP,6,0.04968970054901041
y_hat_train,OP,6,0.06383788971845003
y_hat_train,OP,6,0.010228728646807555
y_hat_train,OP,6,0.039105956603630844
y_hat_train,OP,6,0.06848679008193821
y_hat_train,OP,6,0.02837061826332204
y_hat_train,OP,6,0.053405469470426306
y_hat_train,OP,6,0.013364229913381362
y_hat_train,OP,6,0.02844561977789687
y_hat_train,OP,6,0.05651254685782017
y_hat_train,OP,6,0.007640646787876931
y_hat_train,OP,6,0.056749569226308555
y_hat_train,OP,6,0.03199606763955913
y_hat_train,OP,6,0.011116398351149321
y_hat_train,OP,6,0.015418288879332533
y_hat_train,OP,6,0.029902576919528228
y_hat_train,OP,6,0.03075512221379194
y_hat_train,OP,6,0.004074131782456469
y_hat_train,OP,6,0.0664868258616082
y_hat_train,OP,6,0.03107031171295207
y_hat_train,OP,6,0.032431749322620884
y_hat_train,OP,6,0.05454172430562608
y_hat_train,OP,6,0.006917039299477297
y_hat_train,OP,6,0.06583728695779982
y_hat_train,OP,6,0.05819250594422911
y_hat_train,OP,6,0.01947777799691194
y_hat_train,OP,6,0.01535470428901448
y_hat_train,OP,6,0.06607108860782634
y_hat_train,OP,6,0.06891177463156296
y_hat_train,OP,6,0.0665406734493555
y_hat_train,OP,6,0.0055000654370008575
y_hat_train,OP,6,0.08188420282822481
y_hat_train,OP,6,0.022810740746949616
y_hat_train,OP,6,0.036238565242991475
y_hat_train,OP,6,0.027833630252249844
y_hat_train,OP,6,0.07520088025709151
y_true_train,OP,6,0.00687
y_true_train,OP,6,0.03345
y_true_train,OP,6,0.08395
y_true_train,OP,6,0.00988
y_true_train,OP,6,0.07927
y_true_train,OP,6,0.06588
y_true_train,OP,6,0.0186
y_true_train,OP,6,0.01405
y_true_train,OP,6,0.04784
y_true_train,OP,6,0.06774
y_true_train,OP,6,0.02538
y_true_train,OP,6,0.05206
y_true_train,OP,6,0.02927
y_true_train,OP,6,0.0605
y_true_train,OP,6,0.02988
y_true_train,OP,6,0.06462
y_true_train,OP,6,0.05421
y_true_train,OP,6,0.03697
y_true_train,OP,6,0.06761
y_true_train,OP,6,0.00897
y_true_train,OP,6,0.01598
y_true_train,OP,6,0.05269
y_true_train,OP,6,0.0213
y_true_train,OP,6,0.05222
y_true_train,OP,6,0.02615
y_true_train,OP,6,0.01612
y_true_train,OP,6,0.02017
y_true_train,OP,6,0.01241
y_true_train,OP,6,0.03753
y_true_train,OP,6,0.00672
y_true_train,OP,6,0.06115
y_true_train,OP,6,0.0307
y_true_train,OP,6,0.00541
y_true_train,OP,6,0.04208
y_true_train,OP,6,0.01982
y_true_train,OP,6,0.08927
y_true_train,OP,6,0.05172
y_true_train,OP,6,0.02659
y_true_train,OP,6,0.01461
y_true_train,OP,6,0.03645
y_true_train,OP,6,0.07927
y_true_train,OP,6,0.04298
y_true_train,OP,6,0.00832
y_true_train,OP,6,0.1123
y_true_train,OP,6,0.01899
y_true_train,OP,6,0.01784
y_true_train,OP,6,0.03158
y_true_train,OP,6,0.09088
y_true_test,OP,6,0.02816
y_true_test,OP,6,0.04351
y_true_test,OP,6,0.10287
y_true_test,OP,6,0.02278
y_true_test,OP,6,0.07209
y_true_test,OP,6,0.09823
y_true_test,OP,6,0.05172
y_true_test,OP,6,0.06727
y_true_test,OP,6,0.05088
y_true_test,OP,6,0.02438
y_true_test,OP,6,0.03339
y_true_test,OP,6,0.03003
y_true_test,OP,6,0.00721
y_true_test,OP,6,0.06591
y_true_test,OP,6,0.05916
y_true_test,OP,6,0.05251
y_true_test,OP,6,0.03917
y_true_test,OP,6,0.02909
y_true_test,OP,6,0.03542
y_true_test,OP,6,0.06382
y_true_test,OP,6,0.02697
test_ind,OP,6,14.0
test_ind,OP,6,41.0
test_ind,OP,6,212.0
test_ind,OP,6,257.0
test_ind,OP,6,211.0
test_ind,OP,6,98.0
test_ind,OP,6,49.0
test_ind,OP,6,214.0
test_ind,OP,6,138.0
test_ind,OP,6,73.0
test_ind,OP,6,72.0
test_ind,OP,6,168.0
test_ind,OP,6,139.0
test_ind,OP,6,28.0
test_ind,OP,6,118.0
test_ind,OP,6,238.0
test_ind,OP,6,137.0
test_ind,OP,6,213.0
test_ind,OP,6,34.0
test_ind,OP,6,64.0
test_ind,OP,6,51.0
train_ind,OP,6,250.0
train_ind,OP,6,38.0
train_ind,OP,6,99.0
train_ind,OP,6,17.0
train_ind,OP,6,96.0
train_ind,OP,6,258.0
train_ind,OP,6,27.0
train_ind,OP,6,249.0
train_ind,OP,6,233.0
train_ind,OP,6,61.0
train_ind,OP,6,42.0
train_ind,OP,6,187.0
train_ind,OP,6,243.0
train_ind,OP,6,71.0
train_ind,OP,6,57.0
train_ind,OP,6,52.0
train_ind,OP,6,136.0
train_ind,OP,6,189.0
train_ind,OP,6,48.0
train_ind,OP,6,140.0
train_ind,OP,6,237.0
train_ind,OP,6,119.0
train_ind,OP,6,188.0
train_ind,OP,6,166.0
train_ind,OP,6,59.0
train_ind,OP,6,252.0
train_ind,OP,6,43.0
train_ind,OP,6,248.0
train_ind,OP,6,23.0
train_ind,OP,6,232.0
train_ind,OP,6,95.0
train_ind,OP,6,69.0
train_ind,OP,6,55.0
train_ind,OP,6,39.0
train_ind,OP,6,16.0
train_ind,OP,6,29.0
train_ind,OP,6,244.0
train_ind,OP,6,20.0
train_ind,OP,6,169.0
train_ind,OP,6,167.0
train_ind,OP,6,97.0
train_ind,OP,6,186.0
train_ind,OP,6,67.0
train_ind,OP,6,236.0
train_ind,OP,6,15.0
train_ind,OP,6,65.0
train_ind,OP,6,247.0
train_ind,OP,6,36.0
test_rsq,OP,6,-0.6182187574087818
train_rsq,OP,6,0.6815102739045504
test_rmse,OP,6,0.030493518272605567
train_rmse,OP,6,0.014767773540475284
test_mape,OP,6,66.91053950172092
train_mape,OP,6,50.60357655382176
n_comp,OP,6,8.0
y_hat_test,OP,7,0.052619118555416414
y_hat_test,OP,7,0.04984481796164907
y_hat_test,OP,7,0.05711021100717836
y_hat_test,OP,7,0.05134214295165792
y_hat_test,OP,7,0.044661798067321026
y_hat_test,OP,7,0.04701905745608468
y_hat_test,OP,7,0.0524277078323683
y_hat_test,OP,7,0.05393887274035744
y_hat_test,OP,7,0.045111491742679144
y_hat_test,OP,7,0.04651938463372512
y_hat_test,OP,7,0.04573488942915113
y_hat_test,OP,7,0.04418931851662999
y_hat_test,OP,7,0.026125879224615026
y_hat_test,OP,7,0.04554925599705606
y_hat_test,OP,7,0.07666242090269787
y_hat_test,OP,7,0.04861677791013513
y_hat_test,OP,7,0.05470115807392961
y_hat_test,OP,7,0.049533857753070044
y_hat_test,OP,7,0.03587241410273238
y_hat_test,OP,7,0.047654367249458617
y_hat_test,OP,7,0.05360173945153761
y_hat_train,OP,7,0.051617869860065946
y_hat_train,OP,7,0.056408047028752684
y_hat_train,OP,7,0.039488233054196714
y_hat_train,OP,7,0.04926201576833698
y_hat_train,OP,7,0.0546970196778534
y_hat_train,OP,7,0.04545010265146095
y_hat_train,OP,7,0.04958618607512846
y_hat_train,OP,7,0.060050493101454785
y_hat_train,OP,7,0.048894836246372496
y_hat_train,OP,7,0.04503168718586886
y_hat_train,OP,7,0.04467837175819634
y_hat_train,OP,7,0.03911600945739978
y_hat_train,OP,7,0.0460697027797372
y_hat_train,OP,7,0.044981813738686975
y_hat_train,OP,7,0.04512110163789029
y_hat_train,OP,7,0.03745838237961682
y_hat_train,OP,7,0.05867254113834354
y_hat_train,OP,7,0.05100178554637759
y_hat_train,OP,7,0.031766987746706374
y_hat_train,OP,7,0.025493601820441636
y_hat_train,OP,7,0.04775527194000714
y_hat_train,OP,7,0.04902297119066665
y_hat_train,OP,7,0.027233273014171375
y_hat_train,OP,7,0.04781385327355997
y_hat_train,OP,7,0.047488813917908844
y_hat_train,OP,7,0.05913473047183408
y_hat_train,OP,7,0.0457995084682676
y_hat_train,OP,7,0.04486916281244051
y_hat_train,OP,7,0.03632807828518151
y_hat_train,OP,7,0.053293390664528616
y_hat_train,OP,7,0.04110473228653971
y_hat_train,OP,7,0.035878048336350755
y_hat_train,OP,7,0.04790035566756909
y_hat_train,OP,7,0.03466571914580141
y_hat_train,OP,7,0.04117253936998119
y_hat_train,OP,7,0.03779597899623436
y_hat_train,OP,7,0.03931567668173015
y_hat_train,OP,7,0.034507693157132216
y_hat_train,OP,7,0.04376540088284998
y_hat_train,OP,7,0.03791180635046135
y_hat_train,OP,7,0.03965452935140517
y_hat_train,OP,7,0.035350284514725897
y_hat_train,OP,7,0.04450529504608579
y_hat_train,OP,7,0.04133223890834021
y_hat_train,OP,7,0.045032894309529704
y_hat_train,OP,7,0.0504946112388474
y_hat_train,OP,7,0.04831783969818653
y_hat_train,OP,7,0.039428513366774956
y_true_train,OP,7,0.05251
y_true_train,OP,7,0.05269
y_true_train,OP,7,0.09088
y_true_train,OP,7,0.05916
y_true_train,OP,7,0.10287
y_true_train,OP,7,0.04208
y_true_train,OP,7,0.02615
y_true_train,OP,7,0.06115
y_true_train,OP,7,0.05222
y_true_train,OP,7,0.01899
y_true_train,OP,7,0.06761
y_true_train,OP,7,0.06588
y_true_train,OP,7,0.00687
y_true_train,OP,7,0.00988
y_true_train,OP,7,0.08395
y_true_train,OP,7,0.01241
y_true_train,OP,7,0.00721
y_true_train,OP,7,0.06727
y_true_train,OP,7,0.00672
y_true_train,OP,7,0.01405
y_true_train,OP,7,0.03542
y_true_train,OP,7,0.09823
y_true_train,OP,7,0.03697
y_true_train,OP,7,0.06382
y_true_train,OP,7,0.03753
y_true_train,OP,7,0.07209
y_true_train,OP,7,0.06462
y_true_train,OP,7,0.0186
y_true_train,OP,7,0.03345
y_true_train,OP,7,0.02816
y_true_train,OP,7,0.03645
y_true_train,OP,7,0.06591
y_true_train,OP,7,0.05206
y_true_train,OP,7,0.02659
y_true_train,OP,7,0.05421
y_true_train,OP,7,0.03917
y_true_train,OP,7,0.03158
y_true_train,OP,7,0.00832
y_true_train,OP,7,0.00897
y_true_train,OP,7,0.01461
y_true_train,OP,7,0.02278
y_true_train,OP,7,0.08927
y_true_train,OP,7,0.01612
y_true_train,OP,7,0.02538
y_true_train,OP,7,0.1123
y_true_train,OP,7,0.06774
y_true_train,OP,7,0.01784
y_true_train,OP,7,0.04298
y_true_test,OP,7,0.02697
y_true_test,OP,7,0.01982
y_true_test,OP,7,0.02909
y_true_test,OP,7,0.0307
y_true_test,OP,7,0.03003
y_true_test,OP,7,0.07927
y_true_test,OP,7,0.07927
y_true_test,OP,7,0.01598
y_true_test,OP,7,0.02927
y_true_test,OP,7,0.05172
y_true_test,OP,7,0.05088
y_true_test,OP,7,0.02017
y_true_test,OP,7,0.04351
y_true_test,OP,7,0.0213
y_true_test,OP,7,0.0605
y_true_test,OP,7,0.02438
y_true_test,OP,7,0.02988
y_true_test,OP,7,0.04784
y_true_test,OP,7,0.00541
y_true_test,OP,7,0.05172
y_true_test,OP,7,0.03339
test_ind,OP,7,51.0
test_ind,OP,7,16.0
test_ind,OP,7,213.0
test_ind,OP,7,69.0
test_ind,OP,7,168.0
test_ind,OP,7,96.0
test_ind,OP,7,97.0
test_ind,OP,7,237.0
test_ind,OP,7,243.0
test_ind,OP,7,49.0
test_ind,OP,7,138.0
test_ind,OP,7,43.0
test_ind,OP,7,41.0
test_ind,OP,7,188.0
test_ind,OP,7,71.0
test_ind,OP,7,73.0
test_ind,OP,7,57.0
test_ind,OP,7,233.0
test_ind,OP,7,55.0
test_ind,OP,7,244.0
test_ind,OP,7,72.0
train_ind,OP,7,238.0
train_ind,OP,7,119.0
train_ind,OP,7,36.0
train_ind,OP,7,118.0
train_ind,OP,7,212.0
train_ind,OP,7,39.0
train_ind,OP,7,59.0
train_ind,OP,7,95.0
train_ind,OP,7,166.0
train_ind,OP,7,15.0
train_ind,OP,7,48.0
train_ind,OP,7,258.0
train_ind,OP,7,250.0
train_ind,OP,7,17.0
train_ind,OP,7,99.0
train_ind,OP,7,248.0
train_ind,OP,7,139.0
train_ind,OP,7,214.0
train_ind,OP,7,232.0
train_ind,OP,7,249.0
train_ind,OP,7,34.0
train_ind,OP,7,98.0
train_ind,OP,7,189.0
train_ind,OP,7,64.0
train_ind,OP,7,23.0
train_ind,OP,7,211.0
train_ind,OP,7,52.0
train_ind,OP,7,27.0
train_ind,OP,7,38.0
train_ind,OP,7,14.0
train_ind,OP,7,167.0
train_ind,OP,7,28.0
train_ind,OP,7,187.0
train_ind,OP,7,20.0
train_ind,OP,7,136.0
train_ind,OP,7,137.0
train_ind,OP,7,247.0
train_ind,OP,7,67.0
train_ind,OP,7,140.0
train_ind,OP,7,169.0
train_ind,OP,7,257.0
train_ind,OP,7,29.0
train_ind,OP,7,252.0
train_ind,OP,7,42.0
train_ind,OP,7,236.0
train_ind,OP,7,61.0
train_ind,OP,7,65.0
train_ind,OP,7,186.0
test_rsq,OP,7,-0.3980363217554639
train_rsq,OP,7,0.07464679436873045
test_rmse,OP,7,0.022655215579019172
train_rmse,OP,7,0.02689171647682312
test_mape,OP,7,93.44487294830702
train_mape,OP,7,102.29723254764977
n_comp,OP,7,3.0
y_hat_test,OP,8,0.04094741512028395
y_hat_test,OP,8,0.039815155077829546
y_hat_test,OP,8,0.03894350501633978
y_hat_test,OP,8,0.03936500409297498
y_hat_test,OP,8,0.04248573711872007
y_hat_test,OP,8,0.03831125654413446
y_hat_test,OP,8,0.03652644514268009
y_hat_test,OP,8,0.04148823264553683
y_hat_test,OP,8,0.04025935866685477
y_hat_test,OP,8,0.04111045373895065
y_hat_test,OP,8,0.04232617986091882
y_hat_test,OP,8,0.03588067865735103
y_hat_test,OP,8,0.035052175054737844
y_hat_test,OP,8,0.04319861333744686
y_hat_test,OP,8,0.03227590394971265
y_hat_test,OP,8,0.03900864307166067
y_hat_test,OP,8,0.039648655392680504
y_hat_test,OP,8,0.03678294931175071
y_hat_test,OP,8,0.04138500001665668
y_hat_test,OP,8,0.04210061881648628
y_hat_test,OP,8,0.039941421292427136
y_hat_train,OP,8,0.03889205953227199
y_hat_train,OP,8,0.03957378511361853
y_hat_train,OP,8,0.0436041194371753
y_hat_train,OP,8,0.0415793081515994
y_hat_train,OP,8,0.04385041907489806
y_hat_train,OP,8,0.03975436588790594
y_hat_train,OP,8,0.04036966332579606
y_hat_train,OP,8,0.03884744438068447
y_hat_train,OP,8,0.043135183750507115
y_hat_train,OP,8,0.042687079034168726
y_hat_train,OP,8,0.04421939767302388
y_hat_train,OP,8,0.03708856630075793
y_hat_train,OP,8,0.042822965887071525
y_hat_train,OP,8,0.04692703910117558
y_hat_train,OP,8,0.04401308111086367
y_hat_train,OP,8,0.0406324784748848
y_hat_train,OP,8,0.04434930752241933
y_hat_train,OP,8,0.0387223060580736
y_hat_train,OP,8,0.0400626180983197
y_hat_train,OP,8,0.036696912678442786
y_hat_train,OP,8,0.041745290498315886
y_hat_train,OP,8,0.045381167027986814
y_hat_train,OP,8,0.03911860135101247
y_hat_train,OP,8,0.037389543848921465
y_hat_train,OP,8,0.04052259216004867
y_hat_train,OP,8,0.04086843790979972
y_hat_train,OP,8,0.04261174737735233
y_hat_train,OP,8,0.03666609154357793
y_hat_train,OP,8,0.04028661241699517
y_hat_train,OP,8,0.04302990301919139
y_hat_train,OP,8,0.04003875109172177
y_hat_train,OP,8,0.036997281660158976
y_hat_train,OP,8,0.03486524968788597
y_hat_train,OP,8,0.0424980559094926
y_hat_train,OP,8,0.040536038905718295
y_hat_train,OP,8,0.03949762852011738
y_hat_train,OP,8,0.04206003024903825
y_hat_train,OP,8,0.039427023786201124
y_hat_train,OP,8,0.042502889984278834
y_hat_train,OP,8,0.042805571681502924
y_hat_train,OP,8,0.03763344649026136
y_hat_train,OP,8,0.04282883603575123
y_hat_train,OP,8,0.04045058599202055
y_hat_train,OP,8,0.04165734688980018
y_hat_train,OP,8,0.03782630435959403
y_hat_train,OP,8,0.03975270737317898
y_hat_train,OP,8,0.04061793872084181
y_hat_train,OP,8,0.03332622491557526
y_true_train,OP,8,0.05088
y_true_train,OP,8,0.04298
y_true_train,OP,8,0.04784
y_true_train,OP,8,0.02816
y_true_train,OP,8,0.01598
y_true_train,OP,8,0.08395
y_true_train,OP,8,0.01612
y_true_train,OP,8,0.03158
y_true_train,OP,8,0.00672
y_true_train,OP,8,0.00541
y_true_train,OP,8,0.06115
y_true_train,OP,8,0.02615
y_true_train,OP,8,0.1123
y_true_train,OP,8,0.0605
y_true_train,OP,8,0.02909
y_true_train,OP,8,0.05172
y_true_train,OP,8,0.05269
y_true_train,OP,8,0.01461
y_true_train,OP,8,0.01405
y_true_train,OP,8,0.01982
y_true_train,OP,8,0.00832
y_true_train,OP,8,0.00721
y_true_train,OP,8,0.00897
y_true_train,OP,8,0.06591
y_true_train,OP,8,0.02659
y_true_train,OP,8,0.06727
y_true_train,OP,8,0.10287
y_true_train,OP,8,0.05421
y_true_train,OP,8,0.02538
y_true_train,OP,8,0.02697
y_true_train,OP,8,0.09823
y_true_train,OP,8,0.03339
y_true_train,OP,8,0.02017
y_true_train,OP,8,0.03542
y_true_train,OP,8,0.04351
y_true_train,OP,8,0.03645
y_true_train,OP,8,0.0307
y_true_train,OP,8,0.09088
y_true_train,OP,8,0.07209
y_true_train,OP,8,0.0213
y_true_train,OP,8,0.02927
y_true_train,OP,8,0.02988
y_true_train,OP,8,0.03003
y_true_train,OP,8,0.05206
y_true_train,OP,8,0.01241
y_true_train,OP,8,0.08927
y_true_train,OP,8,0.03753
y_true_train,OP,8,0.02278
y_true_test,OP,8,0.06761
y_true_test,OP,8,0.00988
y_true_test,OP,8,0.07927
y_true_test,OP,8,0.05222
y_true_test,OP,8,0.06382
y_true_test,OP,8,0.01899
y_true_test,OP,8,0.03917
y_true_test,OP,8,0.04208
y_true_test,OP,8,0.06462
y_true_test,OP,8,0.01784
y_true_test,OP,8,0.05172
y_true_test,OP,8,0.05916
y_true_test,OP,8,0.07927
y_true_test,OP,8,0.05251
y_true_test,OP,8,0.03345
y_true_test,OP,8,0.06588
y_true_test,OP,8,0.03697
y_true_test,OP,8,0.02438
y_true_test,OP,8,0.00687
y_true_test,OP,8,0.06774
y_true_test,OP,8,0.0186
test_ind,OP,8,48.0
test_ind,OP,8,17.0
test_ind,OP,8,97.0
test_ind,OP,8,166.0
test_ind,OP,8,64.0
test_ind,OP,8,15.0
test_ind,OP,8,137.0
test_ind,OP,8,39.0
test_ind,OP,8,52.0
test_ind,OP,8,65.0
test_ind,OP,8,244.0
test_ind,OP,8,118.0
test_ind,OP,8,96.0
test_ind,OP,8,238.0
test_ind,OP,8,38.0
test_ind,OP,8,258.0
test_ind,OP,8,189.0
test_ind,OP,8,73.0
test_ind,OP,8,250.0
test_ind,OP,8,61.0
test_ind,OP,8,27.0
train_ind,OP,8,138.0
train_ind,OP,8,186.0
train_ind,OP,8,233.0
train_ind,OP,8,14.0
train_ind,OP,8,237.0
train_ind,OP,8,99.0
train_ind,OP,8,252.0
train_ind,OP,8,247.0
train_ind,OP,8,232.0
train_ind,OP,8,55.0
train_ind,OP,8,95.0
train_ind,OP,8,59.0
train_ind,OP,8,236.0
train_ind,OP,8,71.0
train_ind,OP,8,213.0
train_ind,OP,8,49.0
train_ind,OP,8,119.0
train_ind,OP,8,169.0
train_ind,OP,8,249.0
train_ind,OP,8,16.0
train_ind,OP,8,67.0
train_ind,OP,8,139.0
train_ind,OP,8,140.0
train_ind,OP,8,28.0
train_ind,OP,8,20.0
train_ind,OP,8,214.0
train_ind,OP,8,212.0
train_ind,OP,8,136.0
train_ind,OP,8,42.0
train_ind,OP,8,51.0
train_ind,OP,8,98.0
train_ind,OP,8,72.0
train_ind,OP,8,43.0
train_ind,OP,8,34.0
train_ind,OP,8,41.0
train_ind,OP,8,167.0
train_ind,OP,8,69.0
train_ind,OP,8,36.0
train_ind,OP,8,211.0
train_ind,OP,8,188.0
train_ind,OP,8,243.0
train_ind,OP,8,57.0
train_ind,OP,8,168.0
train_ind,OP,8,187.0
train_ind,OP,8,248.0
train_ind,OP,8,29.0
train_ind,OP,8,23.0
train_ind,OP,8,257.0
test_rsq,OP,8,-0.08311418308335905
train_rsq,OP,8,0.010091697518225362
test_rmse,OP,8,0.02312482058796408
train_rmse,OP,8,0.026961853781197916
test_mape,OP,8,77.03871800255338
train_mape,OP,8,101.32606070683565
n_comp,OP,8,1.0
y_hat_test,OP,9,0.03993585949589037
y_hat_test,OP,9,0.04370064858872459
y_hat_test,OP,9,0.03840387400320027
y_hat_test,OP,9,0.041372788461591564
y_hat_test,OP,9,0.040293670157241994
y_hat_test,OP,9,0.041434531947415094
y_hat_test,OP,9,0.04177575526499933
y_hat_test,OP,9,0.04859010931546548
y_hat_test,OP,9,0.04143330838517109
y_hat_test,OP,9,0.038594363549914475
y_hat_test,OP,9,0.04114812474278775
y_hat_test,OP,9,0.041055612972290004
y_hat_test,OP,9,0.039982074631102774
y_hat_test,OP,9,0.03999153912138191
y_hat_test,OP,9,0.045962397089612375
y_hat_test,OP,9,0.04585504472516146
y_hat_test,OP,9,0.041793293667942905
y_hat_test,OP,9,0.04917516737785312
y_hat_test,OP,9,0.04007181086459942
y_hat_test,OP,9,0.04626196449371682
y_hat_test,OP,9,0.041116991105442244
y_hat_train,OP,9,0.043030873851044704
y_hat_train,OP,9,0.03823544066397056
y_hat_train,OP,9,0.04144061159865104
y_hat_train,OP,9,0.038704638511789805
y_hat_train,OP,9,0.038517441926340795
y_hat_train,OP,9,0.0409074079410062
y_hat_train,OP,9,0.03999526523234882
y_hat_train,OP,9,0.045015724664466045
y_hat_train,OP,9,0.040548970334751765
y_hat_train,OP,9,0.038404758407143004
y_hat_train,OP,9,0.03894229376377547
y_hat_train,OP,9,0.038318493218620735
y_hat_train,OP,9,0.03994002563318993
y_hat_train,OP,9,0.037249049329447295
y_hat_train,OP,9,0.03822192896093992
y_hat_train,OP,9,0.039713374239837555
y_hat_train,OP,9,0.03856917684040008
y_hat_train,OP,9,0.042885500109315945
y_hat_train,OP,9,0.04246706307089233
y_hat_train,OP,9,0.039800378000113004
y_hat_train,OP,9,0.0508127736203358
y_hat_train,OP,9,0.04088642845411164
y_hat_train,OP,9,0.04354990928422094
y_hat_train,OP,9,0.038557871448118
y_hat_train,OP,9,0.03879609373180278
y_hat_train,OP,9,0.03911977017176351
y_hat_train,OP,9,0.03869558554606736
y_hat_train,OP,9,0.04195434469711673
y_hat_train,OP,9,0.0424047842479375
y_hat_train,OP,9,0.03895823810999577
y_hat_train,OP,9,0.0406837371261096
y_hat_train,OP,9,0.03936010105571184
y_hat_train,OP,9,0.05253770374746474
y_hat_train,OP,9,0.048456982113789904
y_hat_train,OP,9,0.043770497897125456
y_hat_train,OP,9,0.03993090346434231
y_hat_train,OP,9,0.03951390055692295
y_hat_train,OP,9,0.050330513884767066
y_hat_train,OP,9,0.039601299879238785
y_hat_train,OP,9,0.038238632960485686
y_hat_train,OP,9,0.04521969878778398
y_hat_train,OP,9,0.039013600562616525
y_hat_train,OP,9,0.039293889904019774
y_hat_train,OP,9,0.039271937373206764
y_hat_train,OP,9,0.038784607086215867
y_hat_train,OP,9,0.04743646377938402
y_hat_train,OP,9,0.03941536492731926
y_hat_train,OP,9,0.03924594928398041
y_true_train,OP,9,0.01241
y_true_train,OP,9,0.00541
y_true_train,OP,9,0.00988
y_true_train,OP,9,0.02988
y_true_train,OP,9,0.02659
y_true_train,OP,9,0.08927
y_true_train,OP,9,0.03003
y_true_train,OP,9,0.07927
y_true_train,OP,9,0.03645
y_true_train,OP,9,0.00832
y_true_train,OP,9,0.07209
y_true_train,OP,9,0.05206
y_true_train,OP,9,0.04298
y_true_train,OP,9,0.00672
y_true_train,OP,9,0.04351
y_true_train,OP,9,0.06761
y_true_train,OP,9,0.03542
y_true_train,OP,9,0.05421
y_true_train,OP,9,0.06462
y_true_train,OP,9,0.05269
y_true_train,OP,9,0.03345
y_true_train,OP,9,0.08395
y_true_train,OP,9,0.01899
y_true_train,OP,9,0.01405
y_true_train,OP,9,0.02697
y_true_train,OP,9,0.04208
y_true_train,OP,9,0.00897
y_true_train,OP,9,0.06588
y_true_train,OP,9,0.09088
y_true_train,OP,9,0.06382
y_true_train,OP,9,0.01461
y_true_train,OP,9,0.02816
y_true_train,OP,9,0.0605
y_true_train,OP,9,0.03339
y_true_train,OP,9,0.07927
y_true_train,OP,9,0.0307
y_true_train,OP,9,0.02909
y_true_train,OP,9,0.02278
y_true_train,OP,9,0.0213
y_true_train,OP,9,0.01598
y_true_train,OP,9,0.05088
y_true_train,OP,9,0.05251
y_true_train,OP,9,0.10287
y_true_train,OP,9,0.01612
y_true_train,OP,9,0.00687
y_true_train,OP,9,0.02615
y_true_train,OP,9,0.04784
y_true_train,OP,9,0.06727
y_true_test,OP,9,0.05172
y_true_test,OP,9,0.06591
y_true_test,OP,9,0.1123
y_true_test,OP,9,0.0186
y_true_test,OP,9,0.00721
y_true_test,OP,9,0.09823
y_true_test,OP,9,0.03917
y_true_test,OP,9,0.01982
y_true_test,OP,9,0.05222
y_true_test,OP,9,0.03697
y_true_test,OP,9,0.06115
y_true_test,OP,9,0.05172
y_true_test,OP,9,0.02538
y_true_test,OP,9,0.06774
y_true_test,OP,9,0.02438
y_true_test,OP,9,0.02927
y_true_test,OP,9,0.03753
y_true_test,OP,9,0.02017
y_true_test,OP,9,0.01784
y_true_test,OP,9,0.05916
y_true_test,OP,9,0.03158
test_ind,OP,9,244.0
test_ind,OP,9,28.0
test_ind,OP,9,236.0
test_ind,OP,9,27.0
test_ind,OP,9,139.0
test_ind,OP,9,98.0
test_ind,OP,9,137.0
test_ind,OP,9,16.0
test_ind,OP,9,166.0
test_ind,OP,9,189.0
test_ind,OP,9,95.0
test_ind,OP,9,49.0
test_ind,OP,9,42.0
test_ind,OP,9,61.0
test_ind,OP,9,73.0
test_ind,OP,9,243.0
test_ind,OP,9,23.0
test_ind,OP,9,43.0
test_ind,OP,9,65.0
test_ind,OP,9,118.0
test_ind,OP,9,247.0
train_ind,OP,9,248.0
train_ind,OP,9,55.0
train_ind,OP,9,17.0
train_ind,OP,9,57.0
train_ind,OP,9,20.0
train_ind,OP,9,29.0
train_ind,OP,9,168.0
train_ind,OP,9,96.0
train_ind,OP,9,167.0
train_ind,OP,9,67.0
train_ind,OP,9,211.0
train_ind,OP,9,187.0
train_ind,OP,9,186.0
train_ind,OP,9,232.0
train_ind,OP,9,41.0
train_ind,OP,9,48.0
train_ind,OP,9,34.0
train_ind,OP,9,136.0
train_ind,OP,9,52.0
train_ind,OP,9,119.0
train_ind,OP,9,38.0
train_ind,OP,9,99.0
train_ind,OP,9,15.0
train_ind,OP,9,249.0
train_ind,OP,9,51.0
train_ind,OP,9,39.0
train_ind,OP,9,140.0
train_ind,OP,9,258.0
train_ind,OP,9,36.0
train_ind,OP,9,64.0
train_ind,OP,9,169.0
train_ind,OP,9,14.0
train_ind,OP,9,71.0
train_ind,OP,9,72.0
train_ind,OP,9,97.0
train_ind,OP,9,69.0
train_ind,OP,9,213.0
train_ind,OP,9,257.0
train_ind,OP,9,188.0
train_ind,OP,9,237.0
train_ind,OP,9,138.0
train_ind,OP,9,238.0
train_ind,OP,9,212.0
train_ind,OP,9,252.0
train_ind,OP,9,250.0
train_ind,OP,9,59.0
train_ind,OP,9,233.0
train_ind,OP,9,214.0
test_rsq,OP,9,-0.09170157997564798
train_rsq,OP,9,0.01923679149767621
test_rmse,OP,9,0.027372232347977893
train_rmse,OP,9,0.025325644603547443
test_mape,OP,9,74.62141528268262
train_mape,OP,9,102.60667780683946
n_comp,OP,9,1.0
y_hat_test,OP,10,0.06390242414974545
y_hat_test,OP,10,0.06454653421044243
y_hat_test,OP,10,0.013856375303928654
y_hat_test,OP,10,0.06572234424971637
y_hat_test,OP,10,0.008323895849700579
y_hat_test,OP,10,0.005322516609146261
y_hat_test,OP,10,0.04136062716120605
y_hat_test,OP,10,0.06359228907076744
y_hat_test,OP,10,0.009621476991403914
y_hat_test,OP,10,0.015770418621346545
y_hat_test,OP,10,0.02832962705111681
y_hat_test,OP,10,0.03478931311784637
y_hat_test,OP,10,0.05014735162065014
y_hat_test,OP,10,0.03765318033289875
y_hat_test,OP,10,0.09486102010081182
y_hat_test,OP,10,0.028300115172318938
y_hat_test,OP,10,0.04520824152396302
y_hat_test,OP,10,0.10131572161363311
y_hat_test,OP,10,0.09277005867869441
y_hat_test,OP,10,0.06597507768938873
y_hat_test,OP,10,0.036603942178678336
y_hat_train,OP,10,0.027161684247893458
y_hat_train,OP,10,0.07870282911454313
y_hat_train,OP,10,0.04754167086169055
y_hat_train,OP,10,0.06356754596749956
y_hat_train,OP,10,0.05429047834221358
y_hat_train,OP,10,0.040734285672925155
y_hat_train,OP,10,0.021528573790796642
y_hat_train,OP,10,0.025557950847316196
y_hat_train,OP,10,0.024096000939832773
y_hat_train,OP,10,0.09821240105560682
y_hat_train,OP,10,0.06073535418468202
y_hat_train,OP,10,0.021378955613088176
y_hat_train,OP,10,0.05317396912551346
y_hat_train,OP,10,0.110008676193277
y_hat_train,OP,10,0.028084998113964733
y_hat_train,OP,10,0.017674108155160136
y_hat_train,OP,10,0.02909809501586398
y_hat_train,OP,10,0.0011317973019338082
y_hat_train,OP,10,0.011879033081801237
y_hat_train,OP,10,0.027225980461581603
y_hat_train,OP,10,0.05172406721597011
y_hat_train,OP,10,0.03506721350325678
y_hat_train,OP,10,0.043895508006542336
y_hat_train,OP,10,0.03792274368210223
y_hat_train,OP,10,0.09665566839781645
y_hat_train,OP,10,0.05034221072331233
y_hat_train,OP,10,0.08440922206233356
y_hat_train,OP,10,0.048115047838863646
y_hat_train,OP,10,0.05792097398618555
y_hat_train,OP,10,0.027371103268568276
y_hat_train,OP,10,0.04691767277937932
y_hat_train,OP,10,0.01048923150863016
y_hat_train,OP,10,0.06615245816109516
y_hat_train,OP,10,0.06927934596542797
y_hat_train,OP,10,0.058672863012616476
y_hat_train,OP,10,0.07006278984540831
y_hat_train,OP,10,0.04874808052556954
y_hat_train,OP,10,0.013961615956669733
y_hat_train,OP,10,0.023125479834706482
y_hat_train,OP,10,0.07100297073499641
y_hat_train,OP,10,0.09039102364637883
y_hat_train,OP,10,0.020002851806502773
y_hat_train,OP,10,0.019498872010093996
y_hat_train,OP,10,0.039768354173547606
y_hat_train,OP,10,0.06154623198948573
y_hat_train,OP,10,0.0018468228195969716
y_hat_train,OP,10,0.02420248333579983
y_hat_train,OP,10,0.03696270512196066
y_true_train,OP,10,0.02927
y_true_train,OP,10,0.09088
y_true_train,OP,10,0.03697
y_true_train,OP,10,0.06774
y_true_train,OP,10,0.05269
y_true_train,OP,10,0.03917
y_true_train,OP,10,0.02697
y_true_train,OP,10,0.0307
y_true_train,OP,10,0.02659
y_true_train,OP,10,0.09823
y_true_train,OP,10,0.06115
y_true_train,OP,10,0.01899
y_true_train,OP,10,0.04208
y_true_train,OP,10,0.1123
y_true_train,OP,10,0.03003
y_true_train,OP,10,0.02438
y_true_train,OP,10,0.02615
y_true_train,OP,10,0.00687
y_true_train,OP,10,0.00721
y_true_train,OP,10,0.01784
y_true_train,OP,10,0.05206
y_true_train,OP,10,0.03753
y_true_train,OP,10,0.04351
y_true_train,OP,10,0.02538
y_true_train,OP,10,0.10287
y_true_train,OP,10,0.05172
y_true_train,OP,10,0.07927
y_true_train,OP,10,0.05222
y_true_train,OP,10,0.06382
y_true_train,OP,10,0.03345
y_true_train,OP,10,0.04298
y_true_train,OP,10,0.00672
y_true_train,OP,10,0.06761
y_true_train,OP,10,0.07209
y_true_train,OP,10,0.05916
y_true_train,OP,10,0.06727
y_true_train,OP,10,0.05088
y_true_train,OP,10,0.00897
y_true_train,OP,10,0.02816
y_true_train,OP,10,0.06588
y_true_train,OP,10,0.08927
y_true_train,OP,10,0.01598
y_true_train,OP,10,0.0213
y_true_train,OP,10,0.03339
y_true_train,OP,10,0.0605
y_true_train,OP,10,0.01405
y_true_train,OP,10,0.02017
y_true_train,OP,10,0.03542
y_true_test,OP,10,0.04784
y_true_test,OP,10,0.00988
y_true_test,OP,10,0.01982
y_true_test,OP,10,0.0186
y_true_test,OP,10,0.02988
y_true_test,OP,10,0.00832
y_true_test,OP,10,0.03158
y_true_test,OP,10,0.08395
y_true_test,OP,10,0.01461
y_true_test,OP,10,0.05251
y_true_test,OP,10,0.01612
y_true_test,OP,10,0.00541
y_true_test,OP,10,0.06462
y_true_test,OP,10,0.05172
y_true_test,OP,10,0.03645
y_true_test,OP,10,0.07927
y_true_test,OP,10,0.01241
y_true_test,OP,10,0.06591
y_true_test,OP,10,0.02909
y_true_test,OP,10,0.05421
y_true_test,OP,10,0.02278
test_ind,OP,10,233.0
test_ind,OP,10,17.0
test_ind,OP,10,16.0
test_ind,OP,10,27.0
test_ind,OP,10,57.0
test_ind,OP,10,67.0
test_ind,OP,10,247.0
test_ind,OP,10,99.0
test_ind,OP,10,169.0
test_ind,OP,10,238.0
test_ind,OP,10,252.0
test_ind,OP,10,55.0
test_ind,OP,10,52.0
test_ind,OP,10,49.0
test_ind,OP,10,167.0
test_ind,OP,10,96.0
test_ind,OP,10,248.0
test_ind,OP,10,28.0
test_ind,OP,10,213.0
test_ind,OP,10,136.0
test_ind,OP,10,257.0
train_ind,OP,10,243.0
train_ind,OP,10,36.0
train_ind,OP,10,189.0
train_ind,OP,10,61.0
train_ind,OP,10,119.0
train_ind,OP,10,137.0
train_ind,OP,10,51.0
train_ind,OP,10,69.0
train_ind,OP,10,20.0
train_ind,OP,10,98.0
train_ind,OP,10,95.0
train_ind,OP,10,15.0
train_ind,OP,10,39.0
train_ind,OP,10,236.0
train_ind,OP,10,168.0
train_ind,OP,10,73.0
train_ind,OP,10,59.0
train_ind,OP,10,250.0
train_ind,OP,10,139.0
train_ind,OP,10,65.0
train_ind,OP,10,187.0
train_ind,OP,10,23.0
train_ind,OP,10,41.0
train_ind,OP,10,42.0
train_ind,OP,10,212.0
train_ind,OP,10,244.0
train_ind,OP,10,97.0
train_ind,OP,10,166.0
train_ind,OP,10,64.0
train_ind,OP,10,38.0
train_ind,OP,10,186.0
train_ind,OP,10,232.0
train_ind,OP,10,48.0
train_ind,OP,10,211.0
train_ind,OP,10,118.0
train_ind,OP,10,214.0
train_ind,OP,10,138.0
train_ind,OP,10,140.0
train_ind,OP,10,14.0
train_ind,OP,10,258.0
train_ind,OP,10,29.0
train_ind,OP,10,237.0
train_ind,OP,10,188.0
train_ind,OP,10,72.0
train_ind,OP,10,71.0
train_ind,OP,10,249.0
train_ind,OP,10,43.0
train_ind,OP,10,34.0
test_rsq,OP,10,-0.9110300996536294
train_rsq,OP,10,0.9591023636547668
test_rmse,OP,10,0.0323700536774437
train_rmse,OP,10,0.005326178610691879
test_mape,OP,10,126.19331766747497
train_mape,OP,10,17.358293258715292
n_comp,OP,10,12.0
y_hat_test,OP,11,0.027212679486228568
y_hat_test,OP,11,0.03536664740859723
y_hat_test,OP,11,0.02750932244211768
y_hat_test,OP,11,0.026204021361352713
y_hat_test,OP,11,0.049612463789875806
y_hat_test,OP,11,0.041639332883059724
y_hat_test,OP,11,0.02183717139008891
y_hat_test,OP,11,0.02956654524054606
y_hat_test,OP,11,0.05085271018020657
y_hat_test,OP,11,0.006187079752836874
y_hat_test,OP,11,0.03705688376817081
y_hat_test,OP,11,0.014519210072655168
y_hat_test,OP,11,0.07407910090298973
y_hat_test,OP,11,0.056978921178664425
y_hat_test,OP,11,0.040253486819330817
y_hat_test,OP,11,0.01442327974324236
y_hat_test,OP,11,0.045546546517172166
y_hat_test,OP,11,0.029075159725193065
y_hat_test,OP,11,0.02920803010497751
y_hat_test,OP,11,0.027278604146844024
y_hat_test,OP,11,0.04203783611990582
y_hat_train,OP,11,0.028567033987797197
y_hat_train,OP,11,0.025421860233745975
y_hat_train,OP,11,0.05235660802734548
y_hat_train,OP,11,0.06461386043132997
y_hat_train,OP,11,0.07098168218153694
y_hat_train,OP,11,0.04623860857749329
y_hat_train,OP,11,-0.006697025532035487
y_hat_train,OP,11,0.02421521161658876
y_hat_train,OP,11,0.04551357369964989
y_hat_train,OP,11,0.030404775244515896
y_hat_train,OP,11,0.045903281000312185
y_hat_train,OP,11,0.05244027038749318
y_hat_train,OP,11,0.042756283746683964
y_hat_train,OP,11,0.042097536792602946
y_hat_train,OP,11,0.007493500943422382
y_hat_train,OP,11,0.04599166173796494
y_hat_train,OP,11,0.06556484828160285
y_hat_train,OP,11,0.08266249014205536
y_hat_train,OP,11,0.027839541533409076
y_hat_train,OP,11,0.03180997488760939
y_hat_train,OP,11,0.04063149835454191
y_hat_train,OP,11,0.029671696794502805
y_hat_train,OP,11,-0.008109733777401408
y_hat_train,OP,11,0.05766305166400901
y_hat_train,OP,11,0.05171681093750989
y_hat_train,OP,11,0.042986562283267485
y_hat_train,OP,11,0.019993796374242416
y_hat_train,OP,11,0.05313220507198815
y_hat_train,OP,11,0.057939426861399856
y_hat_train,OP,11,0.04618427582930523
y_hat_train,OP,11,0.029953533529987413
y_hat_train,OP,11,0.051253578528988666
y_hat_train,OP,11,0.06807053608328532
y_hat_train,OP,11,0.03251150983965179
y_hat_train,OP,11,0.05457193533706206
y_hat_train,OP,11,0.03778152066553981
y_hat_train,OP,11,0.06694523226223185
y_hat_train,OP,11,0.06601637929612489
y_hat_train,OP,11,0.06236158086918814
y_hat_train,OP,11,0.042492519018336034
y_hat_train,OP,11,0.06962704631714137
y_hat_train,OP,11,0.026118676082807775
y_hat_train,OP,11,0.06984115269040467
y_hat_train,OP,11,0.06735528710090416
y_hat_train,OP,11,0.044648249170713666
y_hat_train,OP,11,0.012785732895357456
y_hat_train,OP,11,0.018549168265596463
y_hat_train,OP,11,0.049721193732188564
y_true_train,OP,11,0.02438
y_true_train,OP,11,0.03753
y_true_train,OP,11,0.06761
y_true_train,OP,11,0.08927
y_true_train,OP,11,0.05088
y_true_train,OP,11,0.01598
y_true_train,OP,11,0.0213
y_true_train,OP,11,0.02278
y_true_train,OP,11,0.02538
y_true_train,OP,11,0.02988
y_true_train,OP,11,0.10287
y_true_train,OP,11,0.05916
y_true_train,OP,11,0.03697
y_true_train,OP,11,0.06588
y_true_train,OP,11,0.00721
y_true_train,OP,11,0.04784
y_true_train,OP,11,0.06774
y_true_train,OP,11,0.1123
y_true_train,OP,11,0.02017
y_true_train,OP,11,0.02816
y_true_train,OP,11,0.0186
y_true_train,OP,11,0.00988
y_true_train,OP,11,0.01461
y_true_train,OP,11,0.05172
y_true_train,OP,11,0.0307
y_true_train,OP,11,0.05172
y_true_train,OP,11,0.00541
y_true_train,OP,11,0.03917
y_true_train,OP,11,0.05269
y_true_train,OP,11,0.09088
y_true_train,OP,11,0.01899
y_true_train,OP,11,0.04208
y_true_train,OP,11,0.09823
y_true_train,OP,11,0.02659
y_true_train,OP,11,0.03645
y_true_train,OP,11,0.02927
y_true_train,OP,11,0.07927
y_true_train,OP,11,0.05206
y_true_train,OP,11,0.0605
y_true_train,OP,11,0.03003
y_true_train,OP,11,0.06382
y_true_train,OP,11,0.02697
y_true_train,OP,11,0.06591
y_true_train,OP,11,0.07927
y_true_train,OP,11,0.04351
y_true_train,OP,11,0.00672
y_true_train,OP,11,0.01241
y_true_train,OP,11,0.01784
y_true_test,OP,11,0.01405
y_true_test,OP,11,0.00687
y_true_test,OP,11,0.02615
y_true_test,OP,11,0.03345
y_true_test,OP,11,0.03542
y_true_test,OP,11,0.06115
y_true_test,OP,11,0.00832
y_true_test,OP,11,0.08395
y_true_test,OP,11,0.02909
y_true_test,OP,11,0.01982
y_true_test,OP,11,0.03339
y_true_test,OP,11,0.06727
y_true_test,OP,11,0.05222
y_true_test,OP,11,0.04298
y_true_test,OP,11,0.01612
y_true_test,OP,11,0.06462
y_true_test,OP,11,0.05421
y_true_test,OP,11,0.07209
y_true_test,OP,11,0.00897
y_true_test,OP,11,0.03158
y_true_test,OP,11,0.05251
test_ind,OP,11,249.0
test_ind,OP,11,250.0
test_ind,OP,11,59.0
test_ind,OP,11,38.0
test_ind,OP,11,34.0
test_ind,OP,11,95.0
test_ind,OP,11,67.0
test_ind,OP,11,99.0
test_ind,OP,11,213.0
test_ind,OP,11,16.0
test_ind,OP,11,72.0
test_ind,OP,11,214.0
test_ind,OP,11,166.0
test_ind,OP,11,186.0
test_ind,OP,11,252.0
test_ind,OP,11,52.0
test_ind,OP,11,136.0
test_ind,OP,11,211.0
test_ind,OP,11,140.0
test_ind,OP,11,247.0
test_ind,OP,11,238.0
train_ind,OP,11,73.0
train_ind,OP,11,23.0
train_ind,OP,11,48.0
train_ind,OP,11,29.0
train_ind,OP,11,138.0
train_ind,OP,11,237.0
train_ind,OP,11,188.0
train_ind,OP,11,257.0
train_ind,OP,11,42.0
train_ind,OP,11,57.0
train_ind,OP,11,212.0
train_ind,OP,11,118.0
train_ind,OP,11,189.0
train_ind,OP,11,258.0
train_ind,OP,11,139.0
train_ind,OP,11,233.0
train_ind,OP,11,61.0
train_ind,OP,11,236.0
train_ind,OP,11,43.0
train_ind,OP,11,14.0
train_ind,OP,11,27.0
train_ind,OP,11,17.0
train_ind,OP,11,169.0
train_ind,OP,11,244.0
train_ind,OP,11,69.0
train_ind,OP,11,49.0
train_ind,OP,11,55.0
train_ind,OP,11,137.0
train_ind,OP,11,119.0
train_ind,OP,11,36.0
train_ind,OP,11,15.0
train_ind,OP,11,39.0
train_ind,OP,11,98.0
train_ind,OP,11,20.0
train_ind,OP,11,167.0
train_ind,OP,11,243.0
train_ind,OP,11,96.0
train_ind,OP,11,187.0
train_ind,OP,11,71.0
train_ind,OP,11,168.0
train_ind,OP,11,64.0
train_ind,OP,11,51.0
train_ind,OP,11,28.0
train_ind,OP,11,97.0
train_ind,OP,11,41.0
train_ind,OP,11,232.0
train_ind,OP,11,248.0
train_ind,OP,11,65.0
test_rsq,OP,11,-0.3836997811245666
train_rsq,OP,11,0.5426181971525958
test_rmse,OP,11,0.02623756047943326
train_rmse,OP,11,0.01830469671485515
test_mape,OP,11,81.15301058145273
train_mape,OP,11,48.79565776248744
n_comp,OP,11,6.0
y_hat_test,OP,12,0.0383349042082228
y_hat_test,OP,12,0.052348225648037865
y_hat_test,OP,12,0.028668757777752726
y_hat_test,OP,12,0.026635195599217662
y_hat_test,OP,12,0.041572130872107135
y_hat_test,OP,12,0.04370863569366249
y_hat_test,OP,12,0.04578293192220646
y_hat_test,OP,12,0.02945747438532363
y_hat_test,OP,12,0.03893793194451082
y_hat_test,OP,12,0.046034793557200054
y_hat_test,OP,12,0.02995255694664614
y_hat_test,OP,12,0.0446449262310693
y_hat_test,OP,12,0.03841229690104319
y_hat_test,OP,12,0.0471616440262657
y_hat_test,OP,12,0.040303608666967645
y_hat_test,OP,12,0.05095921750584531
y_hat_test,OP,12,0.05052029801956495
y_hat_test,OP,12,0.040708129787568506
y_hat_test,OP,12,0.03495674364243755
y_hat_test,OP,12,0.06093756045656654
y_hat_test,OP,12,0.04059748293798126
y_hat_train,OP,12,0.03498903324570124
y_hat_train,OP,12,0.0530744342615478
y_hat_train,OP,12,0.05152514821551176
y_hat_train,OP,12,0.036210503526786814
y_hat_train,OP,12,0.04178472427358633
y_hat_train,OP,12,0.0384762932387809
y_hat_train,OP,12,0.040451154653470614
y_hat_train,OP,12,0.04202161362554608
y_hat_train,OP,12,0.036342110880469444
y_hat_train,OP,12,0.04536176051837038
y_hat_train,OP,12,0.0394018337547375
y_hat_train,OP,12,0.026084044337306784
y_hat_train,OP,12,0.03357515833269804
y_hat_train,OP,12,0.05093597267398998
y_hat_train,OP,12,0.048524461747490866
y_hat_train,OP,12,0.04477681039896938
y_hat_train,OP,12,0.03450474232895476
y_hat_train,OP,12,0.03444946459568443
y_hat_train,OP,12,0.04164626415185568
y_hat_train,OP,12,0.031072788821152886
y_hat_train,OP,12,0.03620007188398881
y_hat_train,OP,12,0.04962475215152071
y_hat_train,OP,12,0.04291501092716408
y_hat_train,OP,12,0.04655717571013928
y_hat_train,OP,12,0.04266783193698893
y_hat_train,OP,12,0.04644834002103475
y_hat_train,OP,12,0.04184283593979426
y_hat_train,OP,12,0.049473464872909795
y_hat_train,OP,12,0.05016198606475131
y_hat_train,OP,12,0.04586233601230837
y_hat_train,OP,12,0.04283205225293269
y_hat_train,OP,12,0.04558457287874018
y_hat_train,OP,12,0.05386375066301746
y_hat_train,OP,12,0.03103796378631785
y_hat_train,OP,12,0.05202604254086906
y_hat_train,OP,12,0.03299696285737942
y_hat_train,OP,12,0.045974351469661556
y_hat_train,OP,12,0.0458823237867663
y_hat_train,OP,12,0.026523940731233063
y_hat_train,OP,12,0.0403665166456456
y_hat_train,OP,12,0.05345125435666289
y_hat_train,OP,12,0.047035237472861396
y_hat_train,OP,12,0.03946559466114944
y_hat_train,OP,12,0.04930685408203981
y_hat_train,OP,12,0.039828869499084776
y_hat_train,OP,12,0.04002151452358
y_hat_train,OP,12,0.040812670027248366
y_hat_train,OP,12,0.04601740466159831
y_true_train,OP,12,0.00832
y_true_train,OP,12,0.0605
y_true_train,OP,12,0.02909
y_true_train,OP,12,0.02659
y_true_train,OP,12,0.03003
y_true_train,OP,12,0.01899
y_true_train,OP,12,0.05172
y_true_train,OP,12,0.1123
y_true_train,OP,12,0.02017
y_true_train,OP,12,0.06382
y_true_train,OP,12,0.03645
y_true_train,OP,12,0.01405
y_true_train,OP,12,0.06588
y_true_train,OP,12,0.00897
y_true_train,OP,12,0.05222
y_true_train,OP,12,0.03542
y_true_train,OP,12,0.02278
y_true_train,OP,12,0.00541
y_true_train,OP,12,0.06761
y_true_train,OP,12,0.01241
y_true_train,OP,12,0.03158
y_true_train,OP,12,0.07927
y_true_train,OP,12,0.02438
y_true_train,OP,12,0.07927
y_true_train,OP,12,0.04298
y_true_train,OP,12,0.05916
y_true_train,OP,12,0.08395
y_true_train,OP,12,0.01598
y_true_train,OP,12,0.02697
y_true_train,OP,12,0.05251
y_true_train,OP,12,0.04208
y_true_train,OP,12,0.05088
y_true_train,OP,12,0.02816
y_true_train,OP,12,0.09088
y_true_train,OP,12,0.06727
y_true_train,OP,12,0.03345
y_true_train,OP,12,0.09823
y_true_train,OP,12,0.01784
y_true_train,OP,12,0.04351
y_true_train,OP,12,0.03753
y_true_train,OP,12,0.10287
y_true_train,OP,12,0.0213
y_true_train,OP,12,0.02615
y_true_train,OP,12,0.05206
y_true_train,OP,12,0.00988
y_true_train,OP,12,0.01982
y_true_train,OP,12,0.0186
y_true_train,OP,12,0.0307
y_true_test,OP,12,0.06462
y_true_test,OP,12,0.02988
y_true_test,OP,12,0.08927
y_true_test,OP,12,0.06591
y_true_test,OP,12,0.03917
y_true_test,OP,12,0.01612
y_true_test,OP,12,0.00687
y_true_test,OP,12,0.03697
y_true_test,OP,12,0.01461
y_true_test,OP,12,0.05269
y_true_test,OP,12,0.00672
y_true_test,OP,12,0.06774
y_true_test,OP,12,0.02538
y_true_test,OP,12,0.03339
y_true_test,OP,12,0.05172
y_true_test,OP,12,0.00721
y_true_test,OP,12,0.06115
y_true_test,OP,12,0.05421
y_true_test,OP,12,0.02927
y_true_test,OP,12,0.07209
y_true_test,OP,12,0.04784
test_ind,OP,12,52.0
test_ind,OP,12,57.0
test_ind,OP,12,29.0
test_ind,OP,12,28.0
test_ind,OP,12,137.0
test_ind,OP,12,252.0
test_ind,OP,12,250.0
test_ind,OP,12,189.0
test_ind,OP,12,169.0
test_ind,OP,12,119.0
test_ind,OP,12,232.0
test_ind,OP,12,61.0
test_ind,OP,12,42.0
test_ind,OP,12,72.0
test_ind,OP,12,49.0
test_ind,OP,12,139.0
test_ind,OP,12,95.0
test_ind,OP,12,136.0
test_ind,OP,12,243.0
test_ind,OP,12,211.0
test_ind,OP,12,233.0
train_ind,OP,12,67.0
train_ind,OP,12,71.0
train_ind,OP,12,213.0
train_ind,OP,12,20.0
train_ind,OP,12,168.0
train_ind,OP,12,15.0
train_ind,OP,12,244.0
train_ind,OP,12,236.0
train_ind,OP,12,43.0
train_ind,OP,12,64.0
train_ind,OP,12,167.0
train_ind,OP,12,249.0
train_ind,OP,12,258.0
train_ind,OP,12,140.0
train_ind,OP,12,166.0
train_ind,OP,12,34.0
train_ind,OP,12,257.0
train_ind,OP,12,55.0
train_ind,OP,12,48.0
train_ind,OP,12,248.0
train_ind,OP,12,247.0
train_ind,OP,12,96.0
train_ind,OP,12,73.0
train_ind,OP,12,97.0
train_ind,OP,12,186.0
train_ind,OP,12,118.0
train_ind,OP,12,99.0
train_ind,OP,12,237.0
train_ind,OP,12,51.0
train_ind,OP,12,238.0
train_ind,OP,12,39.0
train_ind,OP,12,138.0
train_ind,OP,12,14.0
train_ind,OP,12,36.0
train_ind,OP,12,214.0
train_ind,OP,12,38.0
train_ind,OP,12,98.0
train_ind,OP,12,65.0
train_ind,OP,12,41.0
train_ind,OP,12,23.0
train_ind,OP,12,212.0
train_ind,OP,12,188.0
train_ind,OP,12,59.0
train_ind,OP,12,187.0
train_ind,OP,12,17.0
train_ind,OP,12,16.0
train_ind,OP,12,27.0
train_ind,OP,12,69.0
test_rsq,OP,12,-0.1681242220977841
train_rsq,OP,12,0.06629962669536227
test_rmse,OP,12,0.02522835501438241
train_rmse,OP,12,0.025901467188065488
test_mape,OP,12,113.3382999801718
train_mape,OP,12,83.3791650885566
n_comp,OP,12,3.0
y_hat_test,OP,13,0.044861955452882345
y_hat_test,OP,13,0.042771221675343904
y_hat_test,OP,13,0.04132703022830103
y_hat_test,OP,13,0.04635985493441881
y_hat_test,OP,13,0.04412449794654997
y_hat_test,OP,13,0.04406754901212267
y_hat_test,OP,13,0.048112963610344395
y_hat_test,OP,13,0.04128316191162661
y_hat_test,OP,13,0.04723500538092555
y_hat_test,OP,13,0.04386148597959276
y_hat_test,OP,13,0.04778267330113379
y_hat_test,OP,13,0.04084125340257552
y_hat_test,OP,13,0.04602689904940423
y_hat_test,OP,13,0.04006800032018885
y_hat_test,OP,13,0.044191759732374304
y_hat_test,OP,13,0.044759861526914566
y_hat_test,OP,13,0.045284863785599073
y_hat_test,OP,13,0.04060301630524548
y_hat_test,OP,13,0.04776764948552707
y_hat_test,OP,13,0.03702297561157041
y_hat_test,OP,13,0.04641032974607573
y_hat_train,OP,13,0.04494375692769994
y_hat_train,OP,13,0.03856643904934866
y_hat_train,OP,13,0.04700856290156049
y_hat_train,OP,13,0.043375166142486855
y_hat_train,OP,13,0.04432007425091633
y_hat_train,OP,13,0.04315186169402081
y_hat_train,OP,13,0.04924599497054383
y_hat_train,OP,13,0.04163607955928481
y_hat_train,OP,13,0.04722969863808661
y_hat_train,OP,13,0.04495975961234155
y_hat_train,OP,13,0.04811146931753357
y_hat_train,OP,13,0.045890039393246575
y_hat_train,OP,13,0.04721536217042667
y_hat_train,OP,13,0.04402854163213076
y_hat_train,OP,13,0.04484214214290267
y_hat_train,OP,13,0.0442028187487155
y_hat_train,OP,13,0.044425691291008984
y_hat_train,OP,13,0.041546396683989587
y_hat_train,OP,13,0.045897101436789545
y_hat_train,OP,13,0.04493297914177507
y_hat_train,OP,13,0.048538642281651036
y_hat_train,OP,13,0.04688157268855914
y_hat_train,OP,13,0.0473545965839294
y_hat_train,OP,13,0.042555128529233786
y_hat_train,OP,13,0.04432195487920753
y_hat_train,OP,13,0.04084515040637726
y_hat_train,OP,13,0.04744934507688529
y_hat_train,OP,13,0.0445447476003108
y_hat_train,OP,13,0.047198321856219846
y_hat_train,OP,13,0.04442020820623275
y_hat_train,OP,13,0.03956199640996024
y_hat_train,OP,13,0.04656863929478908
y_hat_train,OP,13,0.04217258341754174
y_hat_train,OP,13,0.03598928382292464
y_hat_train,OP,13,0.04684536868966139
y_hat_train,OP,13,0.043633145998920236
y_hat_train,OP,13,0.04529153341429999
y_hat_train,OP,13,0.0483965262694877
y_hat_train,OP,13,0.04536081274337069
y_hat_train,OP,13,0.04332318784366118
y_hat_train,OP,13,0.040313731697812306
y_hat_train,OP,13,0.04336701756435496
y_hat_train,OP,13,0.046961589945608936
y_hat_train,OP,13,0.046411636441578495
y_hat_train,OP,13,0.04812140316958948
y_hat_train,OP,13,0.04551839570752146
y_hat_train,OP,13,0.04543839359565396
y_hat_train,OP,13,0.046435150159847935
y_true_train,OP,13,0.01612
y_true_train,OP,13,0.02017
y_true_train,OP,13,0.07209
y_true_train,OP,13,0.06588
y_true_train,OP,13,0.0186
y_true_train,OP,13,0.07927
y_true_train,OP,13,0.00721
y_true_train,OP,13,0.06591
y_true_train,OP,13,0.1123
y_true_train,OP,13,0.05172
y_true_train,OP,13,0.06115
y_true_train,OP,13,0.00687
y_true_train,OP,13,0.0213
y_true_train,OP,13,0.00897
y_true_train,OP,13,0.03753
y_true_train,OP,13,0.08395
y_true_train,OP,13,0.09823
y_true_train,OP,13,0.02927
y_true_train,OP,13,0.04208
y_true_train,OP,13,0.03003
y_true_train,OP,13,0.0605
y_true_train,OP,13,0.06382
y_true_train,OP,13,0.02697
y_true_train,OP,13,0.01899
y_true_train,OP,13,0.04298
y_true_train,OP,13,0.02615
y_true_train,OP,13,0.05251
y_true_train,OP,13,0.03697
y_true_train,OP,13,0.02988
y_true_train,OP,13,0.06462
y_true_train,OP,13,0.07927
y_true_train,OP,13,0.05172
y_true_train,OP,13,0.01241
y_true_train,OP,13,0.03345
y_true_train,OP,13,0.03542
y_true_train,OP,13,0.09088
y_true_train,OP,13,0.04351
y_true_train,OP,13,0.05269
y_true_train,OP,13,0.06727
y_true_train,OP,13,0.01461
y_true_train,OP,13,0.01982
y_true_train,OP,13,0.03158
y_true_train,OP,13,0.10287
y_true_train,OP,13,0.00832
y_true_train,OP,13,0.01598
y_true_train,OP,13,0.01784
y_true_train,OP,13,0.06761
y_true_train,OP,13,0.05206
y_true_test,OP,13,0.01405
y_true_test,OP,13,0.05088
y_true_test,OP,13,0.03917
y_true_test,OP,13,0.0307
y_true_test,OP,13,0.08927
y_true_test,OP,13,0.03645
y_true_test,OP,13,0.02909
y_true_test,OP,13,0.05421
y_true_test,OP,13,0.00541
y_true_test,OP,13,0.05222
y_true_test,OP,13,0.00672
y_true_test,OP,13,0.02438
y_true_test,OP,13,0.02816
y_true_test,OP,13,0.05916
y_true_test,OP,13,0.00988
y_true_test,OP,13,0.02538
y_true_test,OP,13,0.02659
y_true_test,OP,13,0.03339
y_true_test,OP,13,0.04784
y_true_test,OP,13,0.02278
y_true_test,OP,13,0.06774
test_ind,OP,13,249.0
test_ind,OP,13,138.0
test_ind,OP,13,137.0
test_ind,OP,13,69.0
test_ind,OP,13,29.0
test_ind,OP,13,167.0
test_ind,OP,13,213.0
test_ind,OP,13,136.0
test_ind,OP,13,55.0
test_ind,OP,13,166.0
test_ind,OP,13,232.0
test_ind,OP,13,73.0
test_ind,OP,13,14.0
test_ind,OP,13,118.0
test_ind,OP,13,17.0
test_ind,OP,13,42.0
test_ind,OP,13,20.0
test_ind,OP,13,72.0
test_ind,OP,13,233.0
test_ind,OP,13,257.0
test_ind,OP,13,61.0
train_ind,OP,13,252.0
train_ind,OP,13,43.0
train_ind,OP,13,211.0
train_ind,OP,13,258.0
train_ind,OP,13,27.0
train_ind,OP,13,97.0
train_ind,OP,13,139.0
train_ind,OP,13,28.0
train_ind,OP,13,236.0
train_ind,OP,13,49.0
train_ind,OP,13,95.0
train_ind,OP,13,250.0
train_ind,OP,13,188.0
train_ind,OP,13,140.0
train_ind,OP,13,23.0
train_ind,OP,13,99.0
train_ind,OP,13,98.0
train_ind,OP,13,243.0
train_ind,OP,13,39.0
train_ind,OP,13,168.0
train_ind,OP,13,71.0
train_ind,OP,13,64.0
train_ind,OP,13,51.0
train_ind,OP,13,15.0
train_ind,OP,13,186.0
train_ind,OP,13,59.0
train_ind,OP,13,238.0
train_ind,OP,13,189.0
train_ind,OP,13,57.0
train_ind,OP,13,52.0
train_ind,OP,13,96.0
train_ind,OP,13,244.0
train_ind,OP,13,248.0
train_ind,OP,13,38.0
train_ind,OP,13,34.0
train_ind,OP,13,36.0
train_ind,OP,13,41.0
train_ind,OP,13,119.0
train_ind,OP,13,214.0
train_ind,OP,13,169.0
train_ind,OP,13,16.0
train_ind,OP,13,247.0
train_ind,OP,13,212.0
train_ind,OP,13,67.0
train_ind,OP,13,237.0
train_ind,OP,13,65.0
train_ind,OP,13,48.0
train_ind,OP,13,187.0
test_rsq,OP,13,-0.22346701145259362
train_rsq,OP,13,0.00989396593213554
test_rmse,OP,13,0.02284773473310435
train_rmse,OP,13,0.027182918108365282
test_mape,OP,13,125.02783953793522
train_mape,OP,13,96.83800494485394
n_comp,OP,13,1.0
y_hat_test,OP,14,0.07442373282202489
y_hat_test,OP,14,0.04499482765020629
y_hat_test,OP,14,0.05266095195797664
y_hat_test,OP,14,0.0288878151412307
y_hat_test,OP,14,0.04025794485773535
y_hat_test,OP,14,0.04398143763727284
y_hat_test,OP,14,0.05570336884556993
y_hat_test,OP,14,0.021542612490384413
y_hat_test,OP,14,0.029245072077868837
y_hat_test,OP,14,0.06122505765007501
y_hat_test,OP,14,0.041942620118241875
y_hat_test,OP,14,0.044077046702375805
y_hat_test,OP,14,0.05127723305757122
y_hat_test,OP,14,0.04007720620068074
y_hat_test,OP,14,0.06047280435717399
y_hat_test,OP,14,0.04145580446005371
y_hat_test,OP,14,0.048018331109654366
y_hat_test,OP,14,0.05500358743498067
y_hat_test,OP,14,0.029053216267229055
y_hat_test,OP,14,0.04360843877876333
y_hat_test,OP,14,0.04245922990490333
y_hat_train,OP,14,0.020838431332914187
y_hat_train,OP,14,0.03694275357106244
y_hat_train,OP,14,0.055590418103872614
y_hat_train,OP,14,0.05871669353351896
y_hat_train,OP,14,0.04531552405189445
y_hat_train,OP,14,0.0464889241915275
y_hat_train,OP,14,0.06328377073015787
y_hat_train,OP,14,0.04526037714061337
y_hat_train,OP,14,0.027775082750372083
y_hat_train,OP,14,0.01805466211317101
y_hat_train,OP,14,0.018727066268589748
y_hat_train,OP,14,0.011760207936243789
y_hat_train,OP,14,0.043240963545227315
y_hat_train,OP,14,0.040644077979543655
y_hat_train,OP,14,0.05799261898480113
y_hat_train,OP,14,0.042703240079091036
y_hat_train,OP,14,0.044198987929783676
y_hat_train,OP,14,0.047191298225069296
y_hat_train,OP,14,0.036968692838487686
y_hat_train,OP,14,0.02136769540489601
y_hat_train,OP,14,0.04304807903770403
y_hat_train,OP,14,0.05359172950374068
y_hat_train,OP,14,0.021298679526485162
y_hat_train,OP,14,0.027168836665036993
y_hat_train,OP,14,0.011555408910873713
y_hat_train,OP,14,0.058927659407617836
y_hat_train,OP,14,0.04512394014884798
y_hat_train,OP,14,0.02351358255557482
y_hat_train,OP,14,0.017718389395339162
y_hat_train,OP,14,0.03622005770578839
y_hat_train,OP,14,0.04624632966305116
y_hat_train,OP,14,0.02134618804352341
y_hat_train,OP,14,0.04153173203754211
y_hat_train,OP,14,0.02731734558345314
y_hat_train,OP,14,0.014947806265566618
y_hat_train,OP,14,0.07687999602653821
y_hat_train,OP,14,0.0756972440731922
y_hat_train,OP,14,0.028126339032280914
y_hat_train,OP,14,0.05338566058638901
y_hat_train,OP,14,0.0383538466347273
y_hat_train,OP,14,0.020885279712746504
y_hat_train,OP,14,0.045773026171823224
y_hat_train,OP,14,0.08216219902848497
y_hat_train,OP,14,0.04998994521412921
y_hat_train,OP,14,0.05126895336828933
y_hat_train,OP,14,0.05738173116438583
y_hat_train,OP,14,0.031866679793407696
y_hat_train,OP,14,0.047401848032623026
y_true_train,OP,14,0.01612
y_true_train,OP,14,0.06462
y_true_train,OP,14,0.1123
y_true_train,OP,14,0.05421
y_true_train,OP,14,0.07209
y_true_train,OP,14,0.08927
y_true_train,OP,14,0.06591
y_true_train,OP,14,0.01899
y_true_train,OP,14,0.02697
y_true_train,OP,14,0.0213
y_true_train,OP,14,0.03345
y_true_train,OP,14,0.01405
y_true_train,OP,14,0.0307
y_true_train,OP,14,0.03542
y_true_train,OP,14,0.06115
y_true_train,OP,14,0.03697
y_true_train,OP,14,0.05172
y_true_train,OP,14,0.02909
y_true_train,OP,14,0.01598
y_true_train,OP,14,0.02017
y_true_train,OP,14,0.00988
y_true_train,OP,14,0.03917
y_true_train,OP,14,0.01241
y_true_train,OP,14,0.00721
y_true_train,OP,14,0.01461
y_true_train,OP,14,0.05269
y_true_train,OP,14,0.03753
y_true_train,OP,14,0.00541
y_true_train,OP,14,0.02278
y_true_train,OP,14,0.02816
y_true_train,OP,14,0.10287
y_true_train,OP,14,0.00687
y_true_train,OP,14,0.04351
y_true_train,OP,14,0.02659
y_true_train,OP,14,0.00672
y_true_train,OP,14,0.07927
y_true_train,OP,14,0.05222
y_true_train,OP,14,0.06727
y_true_train,OP,14,0.06774
y_true_train,OP,14,0.01784
y_true_train,OP,14,0.00832
y_true_train,OP,14,0.03003
y_true_train,OP,14,0.05088
y_true_train,OP,14,0.05172
y_true_train,OP,14,0.09088
y_true_train,OP,14,0.0605
y_true_train,OP,14,0.02615
y_true_train,OP,14,0.04208
y_true_test,OP,14,0.07927
y_true_test,OP,14,0.06588
y_true_test,OP,14,0.0186
y_true_test,OP,14,0.02988
y_true_test,OP,14,0.05251
y_true_test,OP,14,0.06761
y_true_test,OP,14,0.05916
y_true_test,OP,14,0.01982
y_true_test,OP,14,0.00897
y_true_test,OP,14,0.05206
y_true_test,OP,14,0.02538
y_true_test,OP,14,0.02927
y_true_test,OP,14,0.03645
y_true_test,OP,14,0.03339
y_true_test,OP,14,0.09823
y_true_test,OP,14,0.04784
y_true_test,OP,14,0.02438
y_true_test,OP,14,0.04298
y_true_test,OP,14,0.03158
y_true_test,OP,14,0.06382
y_true_test,OP,14,0.08395
test_ind,OP,14,97.0
test_ind,OP,14,258.0
test_ind,OP,14,27.0
test_ind,OP,14,57.0
test_ind,OP,14,238.0
test_ind,OP,14,48.0
test_ind,OP,14,118.0
test_ind,OP,14,16.0
test_ind,OP,14,140.0
test_ind,OP,14,187.0
test_ind,OP,14,42.0
test_ind,OP,14,243.0
test_ind,OP,14,167.0
test_ind,OP,14,72.0
test_ind,OP,14,98.0
test_ind,OP,14,233.0
test_ind,OP,14,73.0
test_ind,OP,14,186.0
test_ind,OP,14,247.0
test_ind,OP,14,64.0
test_ind,OP,14,99.0
train_ind,OP,14,252.0
train_ind,OP,14,52.0
train_ind,OP,14,236.0
train_ind,OP,14,136.0
train_ind,OP,14,211.0
train_ind,OP,14,29.0
train_ind,OP,14,28.0
train_ind,OP,14,15.0
train_ind,OP,14,51.0
train_ind,OP,14,188.0
train_ind,OP,14,38.0
train_ind,OP,14,249.0
train_ind,OP,14,69.0
train_ind,OP,14,34.0
train_ind,OP,14,95.0
train_ind,OP,14,189.0
train_ind,OP,14,49.0
train_ind,OP,14,213.0
train_ind,OP,14,237.0
train_ind,OP,14,43.0
train_ind,OP,14,17.0
train_ind,OP,14,137.0
train_ind,OP,14,248.0
train_ind,OP,14,139.0
train_ind,OP,14,169.0
train_ind,OP,14,119.0
train_ind,OP,14,23.0
train_ind,OP,14,55.0
train_ind,OP,14,257.0
train_ind,OP,14,14.0
train_ind,OP,14,212.0
train_ind,OP,14,250.0
train_ind,OP,14,41.0
train_ind,OP,14,20.0
train_ind,OP,14,232.0
train_ind,OP,14,96.0
train_ind,OP,14,166.0
train_ind,OP,14,214.0
train_ind,OP,14,61.0
train_ind,OP,14,65.0
train_ind,OP,14,67.0
train_ind,OP,14,168.0
train_ind,OP,14,138.0
train_ind,OP,14,244.0
train_ind,OP,14,36.0
train_ind,OP,14,71.0
train_ind,OP,14,59.0
train_ind,OP,14,39.0
test_rsq,OP,14,0.30770592728372237
train_rsq,OP,14,0.408900006031111
test_rmse,OP,14,0.019399847205701027
train_rmse,OP,14,0.020461429838963527
test_mape,OP,14,46.812994970564844
train_mape,OP,14,59.91510314780013
n_comp,OP,14,6.0
y_hat_test,OP,15,0.03944039984383942
y_hat_test,OP,15,0.06557813958358746
y_hat_test,OP,15,0.022401076458852094
y_hat_test,OP,15,0.03252363554222633
y_hat_test,OP,15,0.042723217534737054
y_hat_test,OP,15,0.04619554443138911
y_hat_test,OP,15,0.057275480069002564
y_hat_test,OP,15,0.045142746847371316
y_hat_test,OP,15,0.033764840142589625
y_hat_test,OP,15,0.0334961301619083
y_hat_test,OP,15,0.0356242806751718
y_hat_test,OP,15,0.0500686620039852
y_hat_test,OP,15,0.04404124125003541
y_hat_test,OP,15,0.032635134659150286
y_hat_test,OP,15,0.047523134848189486
y_hat_test,OP,15,0.019556071782545398
y_hat_test,OP,15,0.021913865351030484
y_hat_test,OP,15,0.035928367840735304
y_hat_test,OP,15,0.022984306443921458
y_hat_test,OP,15,0.02356998665662049
y_hat_test,OP,15,0.048446685544701905
y_hat_train,OP,15,0.044529810899016004
y_hat_train,OP,15,0.04266734208540567
y_hat_train,OP,15,0.06182923748139732
y_hat_train,OP,15,0.05038968000250986
y_hat_train,OP,15,0.030285103178814915
y_hat_train,OP,15,0.01782187142380739
y_hat_train,OP,15,0.005063500719029647
y_hat_train,OP,15,0.04385333371605649
y_hat_train,OP,15,0.04125244091543365
y_hat_train,OP,15,0.058842227244209705
y_hat_train,OP,15,0.051531159744733504
y_hat_train,OP,15,0.053100389925679524
y_hat_train,OP,15,0.04358848191901674
y_hat_train,OP,15,0.06846196983466026
y_hat_train,OP,15,0.01678041668000806
y_hat_train,OP,15,0.03958475077814745
y_hat_train,OP,15,0.053589531722252594
y_hat_train,OP,15,0.0031481652512010683
y_hat_train,OP,15,0.04321159145922955
y_hat_train,OP,15,0.010222567667890654
y_hat_train,OP,15,0.06932211001384728
y_hat_train,OP,15,0.046258025307336866
y_hat_train,OP,15,0.026205913998602302
y_hat_train,OP,15,0.032838502626182584
y_hat_train,OP,15,0.04963949457780899
y_hat_train,OP,15,0.051434865856216885
y_hat_train,OP,15,0.052138657802362084
y_hat_train,OP,15,0.04863966650257143
y_hat_train,OP,15,0.005463019910206417
y_hat_train,OP,15,0.018050217653312207
y_hat_train,OP,15,0.015088872811289188
y_hat_train,OP,15,0.06151986719625382
y_hat_train,OP,15,0.06159820328315452
y_hat_train,OP,15,0.05702794927007401
y_hat_train,OP,15,0.04837687935379667
y_hat_train,OP,15,0.045000168387043606
y_hat_train,OP,15,0.058239750322179144
y_hat_train,OP,15,0.04446891118975901
y_hat_train,OP,15,0.049024756139998495
y_hat_train,OP,15,0.04658403971459833
y_hat_train,OP,15,0.02718638232348651
y_hat_train,OP,15,0.029948932268722146
y_hat_train,OP,15,0.07684148709250334
y_hat_train,OP,15,0.046206830102911385
y_hat_train,OP,15,0.06273114500744342
y_hat_train,OP,15,0.03275534294351259
y_hat_train,OP,15,0.047785423513241304
y_hat_train,OP,15,0.05228101218308564
y_true_train,OP,15,0.03697
y_true_train,OP,15,0.00988
y_true_train,OP,15,0.05088
y_true_train,OP,15,0.08395
y_true_train,OP,15,0.02615
y_true_train,OP,15,0.0213
y_true_train,OP,15,0.01982
y_true_train,OP,15,0.03542
y_true_train,OP,15,0.0186
y_true_train,OP,15,0.05916
y_true_train,OP,15,0.08927
y_true_train,OP,15,0.05206
y_true_train,OP,15,0.03158
y_true_train,OP,15,0.09823
y_true_train,OP,15,0.00832
y_true_train,OP,15,0.05172
y_true_train,OP,15,0.02909
y_true_train,OP,15,0.00672
y_true_train,OP,15,0.01899
y_true_train,OP,15,0.00897
y_true_train,OP,15,0.05421
y_true_train,OP,15,0.07209
y_true_train,OP,15,0.01598
y_true_train,OP,15,0.04351
y_true_train,OP,15,0.03645
y_true_train,OP,15,0.06462
y_true_train,OP,15,0.05269
y_true_train,OP,15,0.03917
y_true_train,OP,15,0.00721
y_true_train,OP,15,0.02659
y_true_train,OP,15,0.02017
y_true_train,OP,15,0.09088
y_true_train,OP,15,0.07927
y_true_train,OP,15,0.06774
y_true_train,OP,15,0.06115
y_true_train,OP,15,0.03003
y_true_train,OP,15,0.05172
y_true_train,OP,15,0.03339
y_true_train,OP,15,0.04298
y_true_train,OP,15,0.06727
y_true_train,OP,15,0.02988
y_true_train,OP,15,0.03345
y_true_train,OP,15,0.06591
y_true_train,OP,15,0.0307
y_true_train,OP,15,0.0605
y_true_train,OP,15,0.02816
y_true_train,OP,15,0.03753
y_true_train,OP,15,0.04208
y_true_test,OP,15,0.02697
y_true_test,OP,15,0.07927
y_true_test,OP,15,0.01461
y_true_test,OP,15,0.00687
y_true_test,OP,15,0.02438
y_true_test,OP,15,0.05222
y_true_test,OP,15,0.06588
y_true_test,OP,15,0.02927
y_true_test,OP,15,0.04784
y_true_test,OP,15,0.1123
y_true_test,OP,15,0.05251
y_true_test,OP,15,0.02538
y_true_test,OP,15,0.06761
y_true_test,OP,15,0.06382
y_true_test,OP,15,0.01784
y_true_test,OP,15,0.00541
y_true_test,OP,15,0.02278
y_true_test,OP,15,0.01612
y_true_test,OP,15,0.10287
y_true_test,OP,15,0.01405
y_true_test,OP,15,0.01241
test_ind,OP,15,51.0
test_ind,OP,15,97.0
test_ind,OP,15,169.0
test_ind,OP,15,250.0
test_ind,OP,15,73.0
test_ind,OP,15,166.0
test_ind,OP,15,258.0
test_ind,OP,15,243.0
test_ind,OP,15,233.0
test_ind,OP,15,236.0
test_ind,OP,15,238.0
test_ind,OP,15,42.0
test_ind,OP,15,48.0
test_ind,OP,15,64.0
test_ind,OP,15,65.0
test_ind,OP,15,55.0
test_ind,OP,15,257.0
test_ind,OP,15,252.0
test_ind,OP,15,212.0
test_ind,OP,15,249.0
test_ind,OP,15,248.0
train_ind,OP,15,189.0
train_ind,OP,15,17.0
train_ind,OP,15,138.0
train_ind,OP,15,99.0
train_ind,OP,15,59.0
train_ind,OP,15,188.0
train_ind,OP,15,16.0
train_ind,OP,15,34.0
train_ind,OP,15,27.0
train_ind,OP,15,118.0
train_ind,OP,15,29.0
train_ind,OP,15,187.0
train_ind,OP,15,247.0
train_ind,OP,15,98.0
train_ind,OP,15,67.0
train_ind,OP,15,244.0
train_ind,OP,15,213.0
train_ind,OP,15,232.0
train_ind,OP,15,15.0
train_ind,OP,15,140.0
train_ind,OP,15,136.0
train_ind,OP,15,211.0
train_ind,OP,15,237.0
train_ind,OP,15,41.0
train_ind,OP,15,167.0
train_ind,OP,15,52.0
train_ind,OP,15,119.0
train_ind,OP,15,137.0
train_ind,OP,15,139.0
train_ind,OP,15,20.0
train_ind,OP,15,43.0
train_ind,OP,15,36.0
train_ind,OP,15,96.0
train_ind,OP,15,61.0
train_ind,OP,15,95.0
train_ind,OP,15,168.0
train_ind,OP,15,49.0
train_ind,OP,15,72.0
train_ind,OP,15,186.0
train_ind,OP,15,214.0
train_ind,OP,15,57.0
train_ind,OP,15,38.0
train_ind,OP,15,28.0
train_ind,OP,15,69.0
train_ind,OP,15,71.0
train_ind,OP,15,14.0
train_ind,OP,15,23.0
train_ind,OP,15,39.0
test_rsq,OP,15,-0.01503573429780758
train_rsq,OP,15,0.5576647162114166
test_rmse,OP,15,0.030734388601164463
train_rmse,OP,15,0.015585711138029644
test_mape,OP,15,92.7340991842983
train_mape,OP,15,39.346915090008544
n_comp,OP,15,7.0
y_hat_test,OP,16,0.04221218177028163
y_hat_test,OP,16,0.04543628558354846
y_hat_test,OP,16,0.044926042613441755
y_hat_test,OP,16,0.04549672996378586
y_hat_test,OP,16,0.045661169348249285
y_hat_test,OP,16,0.047788139942399395
y_hat_test,OP,16,0.04043774522711149
y_hat_test,OP,16,0.050774080342514405
y_hat_test,OP,16,0.04326208099573418
y_hat_test,OP,16,0.03969559961666562
y_hat_test,OP,16,0.03605773524169672
y_hat_test,OP,16,0.04909234252902384
y_hat_test,OP,16,0.05065863468062601
y_hat_test,OP,16,0.03602733231956641
y_hat_test,OP,16,0.04436499372411311
y_hat_test,OP,16,0.04574200780797744
y_hat_test,OP,16,0.04712356815963487
y_hat_test,OP,16,0.04527815683655071
y_hat_test,OP,16,0.044715217911775386
y_hat_test,OP,16,0.046672492343523636
y_hat_test,OP,16,0.04593673109186376
y_hat_train,OP,16,0.04311744702210671
y_hat_train,OP,16,0.04346321845283564
y_hat_train,OP,16,0.03855307736161527
y_hat_train,OP,16,0.04574665780773811
y_hat_train,OP,16,0.048525559923828704
y_hat_train,OP,16,0.04370071147354372
y_hat_train,OP,16,0.04292250051234162
y_hat_train,OP,16,0.046877009575272965
y_hat_train,OP,16,0.038532767621403785
y_hat_train,OP,16,0.04313348973690915
y_hat_train,OP,16,0.0446944908644277
y_hat_train,OP,16,0.04984908716501066
y_hat_train,OP,16,0.0410755014704476
y_hat_train,OP,16,0.042121589531148446
y_hat_train,OP,16,0.04963646019291784
y_hat_train,OP,16,0.0493738245055996
y_hat_train,OP,16,0.03337784025563209
y_hat_train,OP,16,0.03612703966329736
y_hat_train,OP,16,0.0443583774143838
y_hat_train,OP,16,0.05033802177371964
y_hat_train,OP,16,0.0459862017048886
y_hat_train,OP,16,0.056692323026011654
y_hat_train,OP,16,0.035621378291355414
y_hat_train,OP,16,0.044047389080630016
y_hat_train,OP,16,0.05089602341579764
y_hat_train,OP,16,0.047901418275884955
y_hat_train,OP,16,0.05060748231124638
y_hat_train,OP,16,0.033004150637115266
y_hat_train,OP,16,0.04929363971821833
y_hat_train,OP,16,0.04128456574760623
y_hat_train,OP,16,0.04843106282918309
y_hat_train,OP,16,0.03820529584982972
y_hat_train,OP,16,0.04423509918783373
y_hat_train,OP,16,0.044560213612450314
y_hat_train,OP,16,0.038835910432901424
y_hat_train,OP,16,0.05084715084364761
y_hat_train,OP,16,0.047825384064808456
y_hat_train,OP,16,0.041746232674242004
y_hat_train,OP,16,0.047436804893241855
y_hat_train,OP,16,0.04354695414099242
y_hat_train,OP,16,0.04755850623855169
y_hat_train,OP,16,0.04403647660772599
y_hat_train,OP,16,0.051953294475883045
y_hat_train,OP,16,0.03980850471363005
y_hat_train,OP,16,0.040068013604409924
y_hat_train,OP,16,0.05122046347330373
y_hat_train,OP,16,0.04480495595619736
y_hat_train,OP,16,0.049960431868232714
y_true_train,OP,16,0.03645
y_true_train,OP,16,0.03542
y_true_train,OP,16,0.03345
y_true_train,OP,16,0.06382
y_true_train,OP,16,0.06727
y_true_train,OP,16,0.05172
y_true_train,OP,16,0.04208
y_true_train,OP,16,0.01784
y_true_train,OP,16,0.00541
y_true_train,OP,16,0.1123
y_true_train,OP,16,0.08395
y_true_train,OP,16,0.05222
y_true_train,OP,16,0.03158
y_true_train,OP,16,0.02017
y_true_train,OP,16,0.02988
y_true_train,OP,16,0.02909
y_true_train,OP,16,0.01405
y_true_train,OP,16,0.03697
y_true_train,OP,16,0.05172
y_true_train,OP,16,0.05916
y_true_train,OP,16,0.05251
y_true_train,OP,16,0.07209
y_true_train,OP,16,0.08927
y_true_train,OP,16,0.03003
y_true_train,OP,16,0.0605
y_true_train,OP,16,0.05269
y_true_train,OP,16,0.02816
y_true_train,OP,16,0.04351
y_true_train,OP,16,0.03339
y_true_train,OP,16,0.02538
y_true_train,OP,16,0.09823
y_true_train,OP,16,0.09088
y_true_train,OP,16,0.01612
y_true_train,OP,16,0.01899
y_true_train,OP,16,0.01241
y_true_train,OP,16,0.10287
y_true_train,OP,16,0.02697
y_true_train,OP,16,0.01461
y_true_train,OP,16,0.01598
y_true_train,OP,16,0.04784
y_true_train,OP,16,0.02438
y_true_train,OP,16,0.06761
y_true_train,OP,16,0.07927
y_true_train,OP,16,0.06588
y_true_train,OP,16,0.02659
y_true_train,OP,16,0.06115
y_true_train,OP,16,0.00687
y_true_train,OP,16,0.00721
y_true_test,OP,16,0.02927
y_true_test,OP,16,0.01982
y_true_test,OP,16,0.03753
y_true_test,OP,16,0.02615
y_true_test,OP,16,0.04298
y_true_test,OP,16,0.0213
y_true_test,OP,16,0.02278
y_true_test,OP,16,0.05206
y_true_test,OP,16,0.06462
y_true_test,OP,16,0.00832
y_true_test,OP,16,0.06591
y_true_test,OP,16,0.00897
y_true_test,OP,16,0.07927
y_true_test,OP,16,0.00672
y_true_test,OP,16,0.00988
y_true_test,OP,16,0.05088
y_true_test,OP,16,0.0307
y_true_test,OP,16,0.03917
y_true_test,OP,16,0.0186
y_true_test,OP,16,0.06774
y_true_test,OP,16,0.05421
test_ind,OP,16,243.0
test_ind,OP,16,16.0
test_ind,OP,16,23.0
test_ind,OP,16,59.0
test_ind,OP,16,186.0
test_ind,OP,16,188.0
test_ind,OP,16,257.0
test_ind,OP,16,187.0
test_ind,OP,16,52.0
test_ind,OP,16,67.0
test_ind,OP,16,28.0
test_ind,OP,16,140.0
test_ind,OP,16,97.0
test_ind,OP,16,232.0
test_ind,OP,16,17.0
test_ind,OP,16,138.0
test_ind,OP,16,69.0
test_ind,OP,16,137.0
test_ind,OP,16,27.0
test_ind,OP,16,61.0
test_ind,OP,16,136.0
train_ind,OP,16,167.0
train_ind,OP,16,34.0
train_ind,OP,16,38.0
train_ind,OP,16,64.0
train_ind,OP,16,214.0
train_ind,OP,16,244.0
train_ind,OP,16,39.0
train_ind,OP,16,65.0
train_ind,OP,16,55.0
train_ind,OP,16,236.0
train_ind,OP,16,99.0
train_ind,OP,16,166.0
train_ind,OP,16,247.0
train_ind,OP,16,43.0
train_ind,OP,16,57.0
train_ind,OP,16,213.0
train_ind,OP,16,249.0
train_ind,OP,16,189.0
train_ind,OP,16,49.0
train_ind,OP,16,118.0
train_ind,OP,16,238.0
train_ind,OP,16,211.0
train_ind,OP,16,29.0
train_ind,OP,16,168.0
train_ind,OP,16,71.0
train_ind,OP,16,119.0
train_ind,OP,16,14.0
train_ind,OP,16,41.0
train_ind,OP,16,72.0
train_ind,OP,16,42.0
train_ind,OP,16,98.0
train_ind,OP,16,36.0
train_ind,OP,16,252.0
train_ind,OP,16,15.0
train_ind,OP,16,248.0
train_ind,OP,16,212.0
train_ind,OP,16,51.0
train_ind,OP,16,169.0
train_ind,OP,16,237.0
train_ind,OP,16,233.0
train_ind,OP,16,73.0
train_ind,OP,16,48.0
train_ind,OP,16,96.0
train_ind,OP,16,258.0
train_ind,OP,16,20.0
train_ind,OP,16,95.0
train_ind,OP,16,250.0
train_ind,OP,16,139.0
test_rsq,OP,16,-0.1021369648403796
train_rsq,OP,16,0.03541377539258894
test_rmse,OP,16,0.02247853868101651
train_rmse,OP,16,0.026601783887724325
test_mape,OP,16,117.5090394106438
train_mape,OP,16,91.8209144329736
n_comp,OP,16,3.0
y_hat_test,OP,17,0.044188564989519674
y_hat_test,OP,17,0.045264887264936056
y_hat_test,OP,17,0.04166444670901373
y_hat_test,OP,17,0.044489510580222
y_hat_test,OP,17,0.038241781329877975
y_hat_test,OP,17,0.04430161432674248
y_hat_test,OP,17,0.045414237314781114
y_hat_test,OP,17,0.03729670666609072
y_hat_test,OP,17,0.04477796865110664
y_hat_test,OP,17,0.03826493718471375
y_hat_test,OP,17,0.04281746849337494
y_hat_test,OP,17,0.04344196112689977
y_hat_test,OP,17,0.04569734410819679
y_hat_test,OP,17,0.03997863238922626
y_hat_test,OP,17,0.03960304023212098
y_hat_test,OP,17,0.043747646066996264
y_hat_test,OP,17,0.04402563843790765
y_hat_test,OP,17,0.04451285050066843
y_hat_test,OP,17,0.040804711836678886
y_hat_test,OP,17,0.04486106304587872
y_hat_test,OP,17,0.04231714907557822
y_hat_train,OP,17,0.043800377989225044
y_hat_train,OP,17,0.04487163976992468
y_hat_train,OP,17,0.04289035256948491
y_hat_train,OP,17,0.04109434109010992
y_hat_train,OP,17,0.04352585379717557
y_hat_train,OP,17,0.04452944110350754
y_hat_train,OP,17,0.04389474855518554
y_hat_train,OP,17,0.033447510620258886
y_hat_train,OP,17,0.04389118791808284
y_hat_train,OP,17,0.04276067045287256
y_hat_train,OP,17,0.04510791162542585
y_hat_train,OP,17,0.0424311185054394
y_hat_train,OP,17,0.04167418539510691
y_hat_train,OP,17,0.041509081850139164
y_hat_train,OP,17,0.04472391478199028
y_hat_train,OP,17,0.04311645324464031
y_hat_train,OP,17,0.03682217610282076
y_hat_train,OP,17,0.03850081410931868
y_hat_train,OP,17,0.04275114210154307
y_hat_train,OP,17,0.04214223335046384
y_hat_train,OP,17,0.03888642731979307
y_hat_train,OP,17,0.04488585668320621
y_hat_train,OP,17,0.044254165212885575
y_hat_train,OP,17,0.038580558328389615
y_hat_train,OP,17,0.04513809452502436
y_hat_train,OP,17,0.04483020323919905
y_hat_train,OP,17,0.04016657497327714
y_hat_train,OP,17,0.043993102477910224
y_hat_train,OP,17,0.034210288389975994
y_hat_train,OP,17,0.042040695266709636
y_hat_train,OP,17,0.04242538196150588
y_hat_train,OP,17,0.04087885342705043
y_hat_train,OP,17,0.04510994126414324
y_hat_train,OP,17,0.04257204347359141
y_hat_train,OP,17,0.04193040091027359
y_hat_train,OP,17,0.040277959970144175
y_hat_train,OP,17,0.039250367655646656
y_hat_train,OP,17,0.042337221116773495
y_hat_train,OP,17,0.04428859494308016
y_hat_train,OP,17,0.04071779110150162
y_hat_train,OP,17,0.04352576350736152
y_hat_train,OP,17,0.04427895331850738
y_hat_train,OP,17,0.04362465244675107
y_hat_train,OP,17,0.0431542940347575
y_hat_train,OP,17,0.04473765245236315
y_hat_train,OP,17,0.037651577421960444
y_hat_train,OP,17,0.04213760054902524
y_hat_train,OP,17,0.035609829096476545
y_true_train,OP,17,0.00897
y_true_train,OP,17,0.10287
y_true_train,OP,17,0.02538
y_true_train,OP,17,0.06588
y_true_train,OP,17,0.01784
y_true_train,OP,17,0.06382
y_true_train,OP,17,0.00832
y_true_train,OP,17,0.03345
y_true_train,OP,17,0.06774
y_true_train,OP,17,0.01405
y_true_train,OP,17,0.02697
y_true_train,OP,17,0.08395
y_true_train,OP,17,0.08927
y_true_train,OP,17,0.06462
y_true_train,OP,17,0.00672
y_true_train,OP,17,0.04351
y_true_train,OP,17,0.01982
y_true_train,OP,17,0.02927
y_true_train,OP,17,0.04298
y_true_train,OP,17,0.03753
y_true_train,OP,17,0.07927
y_true_train,OP,17,0.05269
y_true_train,OP,17,0.06727
y_true_train,OP,17,0.02438
y_true_train,OP,17,0.02909
y_true_train,OP,17,0.05206
y_true_train,OP,17,0.05421
y_true_train,OP,17,0.0307
y_true_train,OP,17,0.02278
y_true_train,OP,17,0.00988
y_true_train,OP,17,0.09823
y_true_train,OP,17,0.09088
y_true_train,OP,17,0.00721
y_true_train,OP,17,0.05172
y_true_train,OP,17,0.01461
y_true_train,OP,17,0.01899
y_true_train,OP,17,0.06591
y_true_train,OP,17,0.03645
y_true_train,OP,17,0.00541
y_true_train,OP,17,0.03917
y_true_train,OP,17,0.02659
y_true_train,OP,17,0.06115
y_true_train,OP,17,0.01612
y_true_train,OP,17,0.03003
y_true_train,OP,17,0.1123
y_true_train,OP,17,0.02615
y_true_train,OP,17,0.0186
y_true_train,OP,17,0.02017
y_true_test,OP,17,0.0213
y_true_test,OP,17,0.02988
y_true_test,OP,17,0.03158
y_true_test,OP,17,0.04784
y_true_test,OP,17,0.0605
y_true_test,OP,17,0.00687
y_true_test,OP,17,0.07209
y_true_test,OP,17,0.03339
y_true_test,OP,17,0.03542
y_true_test,OP,17,0.05916
y_true_test,OP,17,0.03697
y_true_test,OP,17,0.06761
y_true_test,OP,17,0.01598
y_true_test,OP,17,0.01241
y_true_test,OP,17,0.05088
y_true_test,OP,17,0.05172
y_true_test,OP,17,0.04208
y_true_test,OP,17,0.02816
y_true_test,OP,17,0.07927
y_true_test,OP,17,0.05251
y_true_test,OP,17,0.05222
test_ind,OP,17,188.0
test_ind,OP,17,57.0
test_ind,OP,17,247.0
test_ind,OP,17,233.0
test_ind,OP,17,71.0
test_ind,OP,17,250.0
test_ind,OP,17,211.0
test_ind,OP,17,72.0
test_ind,OP,17,34.0
test_ind,OP,17,118.0
test_ind,OP,17,189.0
test_ind,OP,17,48.0
test_ind,OP,17,237.0
test_ind,OP,17,248.0
test_ind,OP,17,138.0
test_ind,OP,17,244.0
test_ind,OP,17,39.0
test_ind,OP,17,14.0
test_ind,OP,17,97.0
test_ind,OP,17,238.0
test_ind,OP,17,166.0
train_ind,OP,17,140.0
train_ind,OP,17,212.0
train_ind,OP,17,42.0
train_ind,OP,17,258.0
train_ind,OP,17,65.0
train_ind,OP,17,64.0
train_ind,OP,17,67.0
train_ind,OP,17,38.0
train_ind,OP,17,61.0
train_ind,OP,17,249.0
train_ind,OP,17,51.0
train_ind,OP,17,99.0
train_ind,OP,17,29.0
train_ind,OP,17,52.0
train_ind,OP,17,232.0
train_ind,OP,17,41.0
train_ind,OP,17,16.0
train_ind,OP,17,243.0
train_ind,OP,17,186.0
train_ind,OP,17,23.0
train_ind,OP,17,96.0
train_ind,OP,17,119.0
train_ind,OP,17,214.0
train_ind,OP,17,73.0
train_ind,OP,17,213.0
train_ind,OP,17,187.0
train_ind,OP,17,136.0
train_ind,OP,17,69.0
train_ind,OP,17,257.0
train_ind,OP,17,17.0
train_ind,OP,17,98.0
train_ind,OP,17,36.0
train_ind,OP,17,139.0
train_ind,OP,17,49.0
train_ind,OP,17,169.0
train_ind,OP,17,15.0
train_ind,OP,17,28.0
train_ind,OP,17,167.0
train_ind,OP,17,55.0
train_ind,OP,17,137.0
train_ind,OP,17,20.0
train_ind,OP,17,95.0
train_ind,OP,17,252.0
train_ind,OP,17,168.0
train_ind,OP,17,236.0
train_ind,OP,17,59.0
train_ind,OP,17,27.0
train_ind,OP,17,43.0
test_rsq,OP,17,-0.0726850610451577
train_rsq,OP,17,0.010218359575700608
test_rmse,OP,17,0.01997690159487
train_rmse,OP,17,0.028038452209168625
test_mape,OP,17,72.95136280859685
train_mape,OP,17,110.69783994464903
n_comp,OP,17,1.0
y_hat_test,OP,18,0.035678086200497366
y_hat_test,OP,18,0.03836491981958286
y_hat_test,OP,18,0.04478411215226145
y_hat_test,OP,18,0.045061901398682394
y_hat_test,OP,18,0.04768126503606018
y_hat_test,OP,18,0.04409652226476432
y_hat_test,OP,18,0.039328780159678105
y_hat_test,OP,18,0.042312131044256684
y_hat_test,OP,18,0.04776707721424051
y_hat_test,OP,18,0.038978972959638064
y_hat_test,OP,18,0.03791908884937116
y_hat_test,OP,18,0.04461668237303138
y_hat_test,OP,18,0.04809877017287879
y_hat_test,OP,18,0.049043951011850544
y_hat_test,OP,18,0.04414075295771581
y_hat_test,OP,18,0.047600497589418284
y_hat_test,OP,18,0.043706796087610265
y_hat_test,OP,18,0.03290695717252907
y_hat_test,OP,18,0.04239863128821851
y_hat_test,OP,18,0.045767167014412524
y_hat_test,OP,18,0.04697622429666336
y_hat_train,OP,18,0.03772769842130087
y_hat_train,OP,18,0.04329812446087511
y_hat_train,OP,18,0.04539093183820884
y_hat_train,OP,18,0.04073925889240373
y_hat_train,OP,18,0.045639977582415094
y_hat_train,OP,18,0.0493816225171416
y_hat_train,OP,18,0.039904409105986346
y_hat_train,OP,18,0.03829783345437514
y_hat_train,OP,18,0.04381336621536626
y_hat_train,OP,18,0.045259495803193654
y_hat_train,OP,18,0.03491334629114787
y_hat_train,OP,18,0.046784717531674104
y_hat_train,OP,18,0.047678305820181205
y_hat_train,OP,18,0.04084396573647596
y_hat_train,OP,18,0.04339251339201915
y_hat_train,OP,18,0.03747288883116332
y_hat_train,OP,18,0.044566145792479625
y_hat_train,OP,18,0.046586618169059305
y_hat_train,OP,18,0.04571991649975588
y_hat_train,OP,18,0.04447264132420921
y_hat_train,OP,18,0.04740187186664137
y_hat_train,OP,18,0.042596020663939596
y_hat_train,OP,18,0.04330766471650216
y_hat_train,OP,18,0.04662880517085102
y_hat_train,OP,18,0.04607004689823157
y_hat_train,OP,18,0.04241083422415998
y_hat_train,OP,18,0.040175840154465244
y_hat_train,OP,18,0.04168268294857223
y_hat_train,OP,18,0.04406611300959105
y_hat_train,OP,18,0.03653139800363397
y_hat_train,OP,18,0.03157465894878968
y_hat_train,OP,18,0.045938817349047575
y_hat_train,OP,18,0.04203858794777396
y_hat_train,OP,18,0.04155257490823848
y_hat_train,OP,18,0.042515250534834285
y_hat_train,OP,18,0.04621709800905402
y_hat_train,OP,18,0.04334241564853398
y_hat_train,OP,18,0.043475746469400514
y_hat_train,OP,18,0.04257624542524345
y_hat_train,OP,18,0.04606893227896132
y_hat_train,OP,18,0.04276972438613607
y_hat_train,OP,18,0.037247945125047616
y_hat_train,OP,18,0.043245475629631915
y_hat_train,OP,18,0.041372758233166405
y_hat_train,OP,18,0.04665344075105835
y_hat_train,OP,18,0.04136298186890898
y_hat_train,OP,18,0.04290210863423402
y_hat_train,OP,18,0.041760182515918856
y_true_train,OP,18,0.02438
y_true_train,OP,18,0.01612
y_true_train,OP,18,0.06774
y_true_train,OP,18,0.07927
y_true_train,OP,18,0.07209
y_true_train,OP,18,0.00721
y_true_train,OP,18,0.01241
y_true_train,OP,18,0.05421
y_true_train,OP,18,0.01405
y_true_train,OP,18,0.0307
y_true_train,OP,18,0.02017
y_true_train,OP,18,0.05251
y_true_train,OP,18,0.02909
y_true_train,OP,18,0.05088
y_true_train,OP,18,0.03003
y_true_train,OP,18,0.03339
y_true_train,OP,18,0.02816
y_true_train,OP,18,0.02697
y_true_train,OP,18,0.05172
y_true_train,OP,18,0.04351
y_true_train,OP,18,0.04784
y_true_train,OP,18,0.0186
y_true_train,OP,18,0.02538
y_true_train,OP,18,0.1123
y_true_train,OP,18,0.03542
y_true_train,OP,18,0.00988
y_true_train,OP,18,0.01899
y_true_train,OP,18,0.05222
y_true_train,OP,18,0.02659
y_true_train,OP,18,0.05916
y_true_train,OP,18,0.03345
y_true_train,OP,18,0.10287
y_true_train,OP,18,0.09088
y_true_train,OP,18,0.06588
y_true_train,OP,18,0.04298
y_true_train,OP,18,0.02988
y_true_train,OP,18,0.03753
y_true_train,OP,18,0.05172
y_true_train,OP,18,0.09823
y_true_train,OP,18,0.06382
y_true_train,OP,18,0.08927
y_true_train,OP,18,0.01982
y_true_train,OP,18,0.03697
y_true_train,OP,18,0.01461
y_true_train,OP,18,0.0213
y_true_train,OP,18,0.03158
y_true_train,OP,18,0.06462
y_true_train,OP,18,0.00897
y_true_test,OP,18,0.07927
y_true_test,OP,18,0.03917
y_true_test,OP,18,0.04208
y_true_test,OP,18,0.05206
y_true_test,OP,18,0.06115
y_true_test,OP,18,0.06761
y_true_test,OP,18,0.06591
y_true_test,OP,18,0.03645
y_true_test,OP,18,0.00672
y_true_test,OP,18,0.02927
y_true_test,OP,18,0.02615
y_true_test,OP,18,0.00687
y_true_test,OP,18,0.05269
y_true_test,OP,18,0.0605
y_true_test,OP,18,0.01784
y_true_test,OP,18,0.01598
y_true_test,OP,18,0.06727
y_true_test,OP,18,0.02278
y_true_test,OP,18,0.08395
y_true_test,OP,18,0.00832
y_true_test,OP,18,0.00541
test_ind,OP,18,96.0
test_ind,OP,18,137.0
test_ind,OP,18,39.0
test_ind,OP,18,187.0
test_ind,OP,18,95.0
test_ind,OP,18,48.0
test_ind,OP,18,28.0
test_ind,OP,18,167.0
test_ind,OP,18,232.0
test_ind,OP,18,243.0
test_ind,OP,18,59.0
test_ind,OP,18,250.0
test_ind,OP,18,119.0
test_ind,OP,18,71.0
test_ind,OP,18,65.0
test_ind,OP,18,237.0
test_ind,OP,18,214.0
test_ind,OP,18,257.0
test_ind,OP,18,99.0
test_ind,OP,18,67.0
test_ind,OP,18,55.0
train_ind,OP,18,73.0
train_ind,OP,18,252.0
train_ind,OP,18,61.0
train_ind,OP,18,97.0
train_ind,OP,18,211.0
train_ind,OP,18,139.0
train_ind,OP,18,248.0
train_ind,OP,18,136.0
train_ind,OP,18,249.0
train_ind,OP,18,69.0
train_ind,OP,18,43.0
train_ind,OP,18,238.0
train_ind,OP,18,213.0
train_ind,OP,18,138.0
train_ind,OP,18,168.0
train_ind,OP,18,72.0
train_ind,OP,18,14.0
train_ind,OP,18,51.0
train_ind,OP,18,244.0
train_ind,OP,18,41.0
train_ind,OP,18,233.0
train_ind,OP,18,27.0
train_ind,OP,18,42.0
train_ind,OP,18,236.0
train_ind,OP,18,34.0
train_ind,OP,18,17.0
train_ind,OP,18,15.0
train_ind,OP,18,166.0
train_ind,OP,18,20.0
train_ind,OP,18,118.0
train_ind,OP,18,38.0
train_ind,OP,18,212.0
train_ind,OP,18,36.0
train_ind,OP,18,258.0
train_ind,OP,18,186.0
train_ind,OP,18,57.0
train_ind,OP,18,23.0
train_ind,OP,18,49.0
train_ind,OP,18,98.0
train_ind,OP,18,64.0
train_ind,OP,18,29.0
train_ind,OP,18,16.0
train_ind,OP,18,189.0
train_ind,OP,18,169.0
train_ind,OP,18,188.0
train_ind,OP,18,247.0
train_ind,OP,18,52.0
train_ind,OP,18,140.0
test_rsq,OP,18,-0.09416313135483345
train_rsq,OP,18,0.018083849506048355
test_rmse,OP,18,0.02594233395009783
train_rmse,OP,18,0.02595584441262851
test_mape,OP,18,149.9479655178193
train_mape,OP,18,80.67860002676053
n_comp,OP,18,1.0
y_hat_test,OP,19,0.05215496914339722
y_hat_test,OP,19,0.03770780465768654
y_hat_test,OP,19,0.0446416951975482
y_hat_test,OP,19,0.036776291464557936
y_hat_test,OP,19,0.0301035183075154
y_hat_test,OP,19,0.0564851888037855
y_hat_test,OP,19,0.038540409366195016
y_hat_test,OP,19,0.045620170783612184
y_hat_test,OP,19,0.04648222269994581
y_hat_test,OP,19,0.04879707836659306
y_hat_test,OP,19,0.047824481876036544
y_hat_test,OP,19,0.06036311177555456
y_hat_test,OP,19,0.040227152633903314
y_hat_test,OP,19,0.022220864739524584
y_hat_test,OP,19,0.03940082561733735
y_hat_test,OP,19,0.040911050125824716
y_hat_test,OP,19,0.03506291665490675
y_hat_test,OP,19,0.052165648665638435
y_hat_test,OP,19,0.03216521202848857
y_hat_test,OP,19,0.04332688292207697
y_hat_test,OP,19,0.061255094387229064
y_hat_train,OP,19,0.046717623531648156
y_hat_train,OP,19,0.040463753917092574
y_hat_train,OP,19,0.05298664542785589
y_hat_train,OP,19,0.027309391431212266
y_hat_train,OP,19,0.057739161033536227
y_hat_train,OP,19,0.025305885176718137
y_hat_train,OP,19,0.05406375378758384
y_hat_train,OP,19,0.02456714989596027
y_hat_train,OP,19,0.017787644681772977
y_hat_train,OP,19,0.04437462715743093
y_hat_train,OP,19,0.014954199773835844
y_hat_train,OP,19,0.03985647786358796
y_hat_train,OP,19,0.05295481750965835
y_hat_train,OP,19,0.02037492065896329
y_hat_train,OP,19,0.03485942591174877
y_hat_train,OP,19,0.07151855544570748
y_hat_train,OP,19,0.039864599173906966
y_hat_train,OP,19,0.011659002117770764
y_hat_train,OP,19,0.052391420032187185
y_hat_train,OP,19,0.03755148187320215
y_hat_train,OP,19,0.05198862092377249
y_hat_train,OP,19,0.03758293627903152
y_hat_train,OP,19,0.04683773578599136
y_hat_train,OP,19,0.05768029460672404
y_hat_train,OP,19,0.038975453186381834
y_hat_train,OP,19,0.021106060524357137
y_hat_train,OP,19,0.04103832409211098
y_hat_train,OP,19,0.01373182022005532
y_hat_train,OP,19,0.036199406508100114
y_hat_train,OP,19,0.05064576685838414
y_hat_train,OP,19,0.055367903814939175
y_hat_train,OP,19,0.04069505350892088
y_hat_train,OP,19,0.011570965937995604
y_hat_train,OP,19,0.025058379180423508
y_hat_train,OP,19,0.047202327744887126
y_hat_train,OP,19,0.04575069278953264
y_hat_train,OP,19,0.037495499999661355
y_hat_train,OP,19,0.03962475848008692
y_hat_train,OP,19,0.051862175836928724
y_hat_train,OP,19,0.06939370123765276
y_hat_train,OP,19,0.056522850397083144
y_hat_train,OP,19,0.06098048350055306
y_hat_train,OP,19,0.04580663233683656
y_hat_train,OP,19,0.03856264559693085
y_hat_train,OP,19,0.067028787793357
y_hat_train,OP,19,0.049032214755018386
y_hat_train,OP,19,0.05558317409305707
y_hat_train,OP,19,0.07614479760984658
y_true_train,OP,19,0.05206
y_true_train,OP,19,0.04298
y_true_train,OP,19,0.06774
y_true_train,OP,19,0.00832
y_true_train,OP,19,0.05421
y_true_train,OP,19,0.00687
y_true_train,OP,19,0.02438
y_true_train,OP,19,0.00541
y_true_train,OP,19,0.04351
y_true_train,OP,19,0.02927
y_true_train,OP,19,0.02278
y_true_train,OP,19,0.04208
y_true_train,OP,19,0.00721
y_true_train,OP,19,0.00897
y_true_train,OP,19,0.01461
y_true_train,OP,19,0.07927
y_true_train,OP,19,0.05172
y_true_train,OP,19,0.01405
y_true_train,OP,19,0.08395
y_true_train,OP,19,0.01982
y_true_train,OP,19,0.05172
y_true_train,OP,19,0.0605
y_true_train,OP,19,0.07209
y_true_train,OP,19,0.05269
y_true_train,OP,19,0.02988
y_true_train,OP,19,0.02659
y_true_train,OP,19,0.0213
y_true_train,OP,19,0.03345
y_true_train,OP,19,0.03542
y_true_train,OP,19,0.06591
y_true_train,OP,19,0.02909
y_true_train,OP,19,0.06761
y_true_train,OP,19,0.00672
y_true_train,OP,19,0.02017
y_true_train,OP,19,0.03917
y_true_train,OP,19,0.03645
y_true_train,OP,19,0.03697
y_true_train,OP,19,0.01241
y_true_train,OP,19,0.09088
y_true_train,OP,19,0.07927
y_true_train,OP,19,0.03753
y_true_train,OP,19,0.09823
y_true_train,OP,19,0.02615
y_true_train,OP,19,0.04784
y_true_train,OP,19,0.06115
y_true_train,OP,19,0.10287
y_true_train,OP,19,0.06462
y_true_train,OP,19,0.05088
y_true_test,OP,19,0.0186
y_true_test,OP,19,0.08927
y_true_test,OP,19,0.03339
y_true_test,OP,19,0.03158
y_true_test,OP,19,0.01612
y_true_test,OP,19,0.01899
y_true_test,OP,19,0.02697
y_true_test,OP,19,0.06588
y_true_test,OP,19,0.03003
y_true_test,OP,19,0.0307
y_true_test,OP,19,0.01784
y_true_test,OP,19,0.05916
y_true_test,OP,19,0.02538
y_true_test,OP,19,0.1123
y_true_test,OP,19,0.05251
y_true_test,OP,19,0.06727
y_true_test,OP,19,0.06382
y_true_test,OP,19,0.00988
y_true_test,OP,19,0.01598
y_true_test,OP,19,0.02816
y_true_test,OP,19,0.05222
test_ind,OP,19,27.0
test_ind,OP,19,29.0
test_ind,OP,19,72.0
test_ind,OP,19,247.0
test_ind,OP,19,252.0
test_ind,OP,19,15.0
test_ind,OP,19,51.0
test_ind,OP,19,258.0
test_ind,OP,19,168.0
test_ind,OP,19,69.0
test_ind,OP,19,65.0
test_ind,OP,19,118.0
test_ind,OP,19,42.0
test_ind,OP,19,236.0
test_ind,OP,19,238.0
test_ind,OP,19,214.0
test_ind,OP,19,64.0
test_ind,OP,19,17.0
test_ind,OP,19,237.0
test_ind,OP,19,14.0
test_ind,OP,19,166.0
train_ind,OP,19,187.0
train_ind,OP,19,186.0
train_ind,OP,19,61.0
train_ind,OP,19,67.0
train_ind,OP,19,136.0
train_ind,OP,19,250.0
train_ind,OP,19,73.0
train_ind,OP,19,55.0
train_ind,OP,19,41.0
train_ind,OP,19,243.0
train_ind,OP,19,257.0
train_ind,OP,19,39.0
train_ind,OP,19,139.0
train_ind,OP,19,140.0
train_ind,OP,19,169.0
train_ind,OP,19,96.0
train_ind,OP,19,244.0
train_ind,OP,19,249.0
train_ind,OP,19,99.0
train_ind,OP,19,16.0
train_ind,OP,19,49.0
train_ind,OP,19,71.0
train_ind,OP,19,211.0
train_ind,OP,19,119.0
train_ind,OP,19,57.0
train_ind,OP,19,20.0
train_ind,OP,19,188.0
train_ind,OP,19,38.0
train_ind,OP,19,34.0
train_ind,OP,19,28.0
train_ind,OP,19,213.0
train_ind,OP,19,48.0
train_ind,OP,19,232.0
train_ind,OP,19,43.0
train_ind,OP,19,137.0
train_ind,OP,19,167.0
train_ind,OP,19,189.0
train_ind,OP,19,248.0
train_ind,OP,19,36.0
train_ind,OP,19,97.0
train_ind,OP,19,23.0
train_ind,OP,19,98.0
train_ind,OP,19,59.0
train_ind,OP,19,233.0
train_ind,OP,19,95.0
train_ind,OP,19,212.0
train_ind,OP,19,52.0
train_ind,OP,19,138.0
test_rsq,OP,19,-0.3731327185493327
train_rsq,OP,19,0.3790953868016754
test_rmse,OP,19,0.03083957343733059
train_rmse,OP,19,0.020145107091235816
test_mape,OP,19,84.68397640305663
train_mape,OP,19,71.09409406284902
n_comp,OP,19,5.0
